0,player,node,faction,controlvalue,controlled
5.000000,2,0,24.000000,false
6.000000,2,0,56.000000,false
7.000000,2,0,72.000000,false
7.000000,8,1,16.000000,false
7.000000,10,1,12.000000,false
8.000000,2,0,120.000000,true
9.000000,5,0,16.000000,false
10.000000,5,0,48.000000,false
10.000000,8,1,24.000000,false
10.000000,10,1,20.000000,false
11.000000,4,0,16.000000,false
11.000000,5,0,80.000000,false
11.000000,8,1,32.000000,false
11.000000,10,1,36.000000,false
12.000000,4,0,32.000000,false
12.000000,5,0,96.000000,false
12.000000,9,1,12.000000,false
12.000000,10,1,52.000000,false
13.000000,4,0,48.000000,false
13.000000,9,1,24.000000,false
13.000000,10,1,68.000000,false
14.000000,4,0,64.000000,false
14.000000,9,1,36.000000,false
14.000000,10,1,84.000000,false
15.000000,4,0,80.000000,false
15.000000,9,1,44.000000,false
15.000000,10,1,108.000000,true
16.000000,4,0,96.000000,false
16.000000,5,1,88.000000,false
16.000000,8,0,0.000000,false
17.000000,4,0,112.000000,true
17.000000,5,1,80.000000,false
17.000000,8,0,16.000000,false
18.000000,5,1,72.000000,false
18.000000,7,1,24.000000,false
18.000000,8,1,8.000000,false
18.000000,9,1,47.000000,false
19.000000,5,1,64.000000,false
19.000000,7,1,32.000000,false
19.000000,8,1,12.000000,false
19.000000,9,1,50.000000,false
20.000000,7,1,40.000000,false
20.000000,8,1,40.000000,false
20.000000,9,1,53.000000,false
21.000000,7,1,48.000000,false
21.000000,8,1,68.000000,false
21.000000,9,1,56.000000,false
22.000000,7,1,56.000000,false
22.000000,8,1,96.000000,false
22.000000,9,1,59.000000,false
23.000000,7,1,64.000000,false
23.000000,8,1,124.000000,true
23.000000,9,1,62.000000,false
24.000000,7,1,72.000000,false
24.000000,9,1,65.000000,false
25.000000,7,1,80.000000,false
25.000000,9,1,84.000000,false
26.000000,7,1,88.000000,false
26.000000,9,1,103.000000,true
27.000000,7,1,96.000000,false
28.000000,5,1,56.000000,false
30.000000,5,1,53.000000,false
32.000000,5,1,45.000000,false
33.000000,5,1,37.000000,false
34.000000,5,1,29.000000,false
37.000000,7,0,56.000000,false
38.000000,7,0,20.000000,false
39.000000,6,1,8.000000,false
40.000000,6,1,16.000000,false
41.000000,3,1,8.000000,false
41.000000,6,1,24.000000,false
41.000000,7,1,28.000000,false
42.000000,3,1,16.000000,false
42.000000,6,1,32.000000,false
42.000000,7,1,36.000000,false
43.000000,3,1,24.000000,false
43.000000,6,1,40.000000,false
43.000000,7,1,44.000000,false
44.000000,3,1,32.000000,false
44.000000,5,1,21.000000,false
44.000000,6,1,48.000000,false
44.000000,7,1,52.000000,false
45.000000,3,1,40.000000,false
45.000000,5,1,13.000000,false
45.000000,6,1,56.000000,false
45.000000,7,1,60.000000,false
46.000000,3,1,48.000000,false
46.000000,5,1,5.000000,false
46.000000,6,1,64.000000,false
46.000000,7,1,68.000000,false
47.000000,3,1,56.000000,false
47.000000,6,1,72.000000,false
47.000000,7,1,76.000000,false
47.000000,9,0,24.000000,false
48.000000,3,1,64.000000,false
48.000000,6,1,80.000000,false
48.000000,7,1,87.000000,false
48.000000,9,0,52.000000,false
49.000000,3,1,72.000000,false
49.000000,5,1,3.000000,false
49.000000,6,1,88.000000,false
49.000000,7,1,98.000000,false
49.000000,9,0,128.000000,true
50.000000,5,1,11.000000,false
50.000000,6,1,96.000000,false
50.000000,7,1,114.000000,true
51.000000,5,1,19.000000,false
51.000000,6,1,104.000000,true
52.000000,5,1,27.000000,false
53.000000,5,1,35.000000,false
54.000000,2,1,92.000000,false
54.000000,5,1,43.000000,false
55.000000,2,1,84.000000,false
55.000000,5,1,51.000000,false
56.000000,5,1,59.000000,false
57.000000,5,1,67.000000,false
59.000000,9,1,92.000000,false
60.000000,9,1,84.000000,false
62.000000,1,1,492.000000,false
62.000000,5,0,31.000000,false
63.000000,1,1,484.000000,false
64.000000,1,1,476.000000,false
65.000000,1,1,468.000000,false
65.000000,9,1,76.000000,false
66.000000,1,1,460.000000,false
66.000000,2,1,76.000000,false
66.000000,9,1,68.000000,false
67.000000,1,1,452.000000,false
67.000000,9,1,60.000000,false
68.000000,1,1,444.000000,false
68.000000,4,1,84.000000,false
68.000000,9,1,52.000000,false
69.000000,4,1,68.000000,false
69.000000,9,1,44.000000,false
70.000000,4,1,52.000000,false
70.000000,9,1,28.000000,false
71.000000,4,1,36.000000,false
71.000000,5,1,39.000000,false
71.000000,9,1,12.000000,false
72.000000,4,1,20.000000,false
72.000000,5,1,47.000000,false
72.000000,9,1,4.000000,false
73.000000,4,1,4.000000,false
74.000000,4,1,12.000000,false
74.000000,9,1,4.000000,false
75.000000,4,1,36.000000,false
75.000000,5,1,55.000000,false
75.000000,9,1,6.000000,false
76.000000,4,1,60.000000,false
76.000000,9,1,8.000000,false
77.000000,4,1,68.000000,false
77.000000,9,1,10.000000,false
78.000000,4,1,76.000000,false
78.000000,11,0,400.000000,false
79.000000,3,1,80.000000,false
79.000000,4,1,84.000000,false
79.000000,5,1,63.000000,false
79.000000,9,1,18.000000,false
79.000000,11,0,300.000000,false
80.000000,3,1,88.000000,false
80.000000,4,1,92.000000,false
80.000000,5,1,71.000000,false
80.000000,9,1,26.000000,false
80.000000,11,0,200.000000,false
81.000000,3,1,112.000000,true
81.000000,4,1,100.000000,true
81.000000,5,1,79.000000,false
81.000000,9,1,34.000000,false
81.000000,11,0,100.000000,false
82.000000,5,1,87.000000,false
82.000000,9,1,42.000000,false
82.000000,11,0,0.000000,false
83.000000,9,1,50.000000,false
83.000000,11,0,100.000000,false
84.000000,9,1,58.000000,false
84.000000,11,0,200.000000,false
85.000000,9,1,66.000000,false
85.000000,11,0,300.000000,false
86.000000,2,1,60.000000,false
86.000000,11,0,400.000000,false
87.000000,11,0,500.000000,true
