0,player,unitTypes,unitCount,status,node1,node2
14.000000,0,[Tank],[8],0,5,-1
15.000000,0,[Tank],[8],0,5,-1
16.000000,1,[Striker],[8],0,7,-1
16.000000,0,[Tank],[8],0,5,-1
17.000000,0,[Tank],[8],0,5,-1
18.000000,0,[Tank],[8],0,5,-1
18.000000,0,[Controller],[8],0,7,-1
19.000000,0,[Tank],[8],0,5,-1
19.000000,0,[Controller;Striker],[8;8],0,7,-1
20.000000,1,[Tank;Striker;Striker],[8;8;8],0,9,-1
20.000000,0,[Tank],[8],0,5,-1
20.000000,0,[Controller],[8],0,7,-1
20.000000,0,[Striker],[8],1,7,8
21.000000,1,[Tank],[12],0,7,-1
21.000000,1,[Tank;Striker],[8;8],0,9,-1
21.000000,0,[Tank],[8],1,5,8
21.000000,0,[Controller],[8],0,7,-1
21.000000,0,[Striker],[8],1,7,8
22.000000,1,[Tank],[12],0,7,-1
22.000000,1,[Tank],[8],1,9,4
22.000000,0,[Tank],[8],1,5,8
22.000000,0,[Controller],[8],0,7,-1
22.000000,0,[Striker],[8],1,7,8
23.000000,1,[Tank],[12],1,7,2
23.000000,1,[Tank],[8],1,9,4
23.000000,0,[Striker],[8],1,3,4
23.000000,0,[Striker],[8],0,3,-1
23.000000,0,[Tank],[8],1,5,8
23.000000,0,[Controller],[8],0,7,-1
23.000000,0,[Striker],[8],0,9,-1
24.000000,1,[Tank],[12],1,7,2
24.000000,1,[Tank],[8],1,9,4
24.000000,0,[Striker],[8],0,3,-1
24.000000,0,[Tank],[8],1,5,8
24.000000,0,[Striker;Controller],[8;8],0,5,-1
24.000000,0,[Controller],[8],0,7,-1
24.000000,0,[Striker],[8],0,9,-1
25.000000,1,[Tank],[12],1,7,2
25.000000,1,[Tank],[8],1,9,4
25.000000,1,[Controller],[8],1,10,6
25.000000,1,[Controller;Striker],[8;8],0,10,-1
25.000000,0,[Striker],[8],0,3,-1
25.000000,0,[Tank],[8],1,5,8
25.000000,0,[Striker;Controller],[8;8],0,5,-1
25.000000,0,[Controller],[8],1,7,9
25.000000,0,[Striker],[8],0,9,-1
26.000000,1,[Tank],[12],1,7,2
26.000000,1,[Tank],[8],1,9,4
26.000000,1,[Controller],[8],1,10,6
26.000000,1,[Controller;Striker],[8;8],0,10,-1
26.000000,0,[Striker],[8],0,3,-1
26.000000,0,[Tank],[8],1,5,8
26.000000,0,[Striker;Controller],[8;8],0,5,-1
26.000000,0,[Controller],[8],1,7,9
26.000000,0,[Striker],[8],0,9,-1
27.000000,1,[Tank],[12],1,7,2
27.000000,1,[Controller],[8],0,7,-1
27.000000,1,[Tank],[8],1,9,4
27.000000,1,[Controller;Striker],[8;8],0,10,-1
27.000000,0,[Striker],[8],0,3,-1
27.000000,0,[Striker],[8],0,5,-1
27.000000,0,[Controller],[8],1,5,2
27.000000,0,[Controller],[8],1,7,9
27.000000,0,[Striker;Tank],[8;8],0,9,-1
28.000000,1,[Tank;Striker],[8;8],0,5,-1
28.000000,1,[Tank],[12],1,7,2
28.000000,1,[Controller],[8],0,7,-1
28.000000,1,[Tank],[8],0,9,-1
28.000000,1,[Striker],[8],1,10,8
28.000000,0,[Striker],[8],0,3,-1
28.000000,0,[Striker],[8],0,5,-1
28.000000,0,[Controller],[8],1,5,2
28.000000,0,[Controller],[8],1,7,9
28.000000,0,[Controller],[8],0,7,-1
28.000000,0,[Striker],[8],1,9,6
28.000000,0,[Tank],[8],0,9,-1
29.000000,1,[Tank],[12],0,3,-1
29.000000,1,[Tank;Striker],[8;8],0,5,-1
29.000000,1,[Controller],[8],0,7,-1
29.000000,0,[Striker],[8],0,3,-1
29.000000,0,[Striker],[8],0,5,-1
29.000000,0,[Controller],[8],1,5,2
29.000000,0,[Controller],[8],0,7,-1
29.000000,0,[Striker;Tank],[8;8],1,9,6
29.000000,0,[Controller],[8],0,10,-1
30.000000,1,[Tank],[12],0,3,-1
30.000000,1,[Tank],[8],1,5,2
30.000000,1,[Striker],[8],0,5,-1
30.000000,1,[Controller],[8],0,7,-1
30.000000,1,[Striker],[8],0,9,-1
30.000000,0,[Striker],[8],1,5,8
30.000000,0,[Controller],[8],1,5,2
30.000000,0,[Controller],[8],0,7,-1
30.000000,0,[Striker;Tank],[8;8],1,9,6
30.000000,0,[Controller],[8],0,10,-1
31.000000,1,[Tank],[12],0,3,-1
31.000000,1,[Tank],[8],1,5,2
31.000000,1,[Striker],[8],0,5,-1
31.000000,1,[Controller],[8],0,7,-1
31.000000,1,[Striker],[8],0,9,-1
31.000000,0,[Striker],[8],1,5,8
31.000000,0,[Controller],[8],1,5,2
31.000000,0,[Controller;Striker],[8;8],0,7,-1
31.000000,0,[Tank],[8],1,9,6
31.000000,0,[Controller],[8],0,10,-1
32.000000,1,[Tank],[12],0,3,-1
32.000000,1,[Tank],[8],1,5,2
32.000000,1,[Striker],[8],1,5,1
32.000000,1,[Controller],[8],1,7,3
32.000000,1,[Striker],[8],0,9,-1
32.000000,0,[Tank],[12],0,2,-1
32.000000,0,[Tank;Tank;Controller],[8;8;8],0,4,-1
32.000000,0,[Striker],[8],1,5,8
32.000000,0,[Controller],[8],1,5,2
32.000000,0,[Controller],[8],0,10,-1
33.000000,1,[Tank],[12],0,3,-1
33.000000,1,[Tank],[8],1,5,2
33.000000,1,[Striker],[8],1,5,1
33.000000,1,[Controller],[8],1,7,3
33.000000,1,[Striker],[8],0,9,-1
33.000000,0,[Tank],[12],0,2,-1
33.000000,0,[Controller],[8],0,3,-1
33.000000,0,[Tank;Tank;Controller],[8;8;8],0,4,-1
33.000000,0,[Striker],[8],0,9,-1
33.000000,0,[Controller],[8],0,10,-1
34.000000,1,[Striker],[8],0,2,-1
34.000000,1,[Tank],[12],0,3,-1
34.000000,1,[Tank],[8],1,5,2
34.000000,1,[Controller],[8],1,7,3
34.000000,1,[Striker],[8],1,9,6
34.000000,0,[Tank],[12],0,2,-1
34.000000,0,[Controller],[8],0,3,-1
34.000000,0,[Tank;Controller],[8;8],0,4,-1
34.000000,0,[Controller],[8],1,7,3
34.000000,0,[Striker],[8],1,7,2
34.000000,0,[Tank],[8],1,9,6
34.000000,0,[Striker],[8],0,9,-1
34.000000,0,[Controller],[8],0,10,-1
35.000000,1,[Striker],[8],0,2,-1
35.000000,1,[Tank],[12],0,3,-1
35.000000,1,[Tank],[8],1,5,2
35.000000,1,[Controller],[8],1,7,3
35.000000,1,[Striker],[8],1,9,6
35.000000,0,[Tank],[12],0,2,-1
35.000000,0,[Controller],[8],0,3,-1
35.000000,0,[Controller],[8],0,4,-1
35.000000,0,[Controller],[8],1,7,3
35.000000,0,[Striker],[8],1,7,2
35.000000,0,[Tank],[8],0,7,-1
35.000000,0,[Striker],[8],0,9,-1
35.000000,0,[Controller],[8],0,10,-1
36.000000,1,[Striker],[8],0,2,-1
36.000000,1,[Tank;Tank],[12;8],0,3,-1
36.000000,1,[Controller],[8],0,4,-1
36.000000,1,[Striker],[8],1,9,6
36.000000,0,[Tank],[12],0,2,-1
36.000000,0,[Controller],[8],0,3,-1
36.000000,0,[Controller],[8],0,4,-1
36.000000,0,[Controller],[8],1,7,3
36.000000,0,[Striker],[8],1,7,2
36.000000,0,[Tank],[8],0,7,-1
36.000000,0,[Striker],[8],1,9,9
36.000000,0,[Controller],[8],0,10,-1
37.000000,1,[Striker],[7],0,2,-1
37.000000,1,[Tank;Tank],[12;8],0,3,-1
37.000000,1,[Controller],[8],0,4,-1
37.000000,1,[Striker],[8],0,7,-1
37.000000,1,[Striker],[8],0,10,-1
37.000000,0,[Tank],[12],0,2,-1
37.000000,0,[Controller;Striker],[8;8],0,3,-1
37.000000,0,[Controller],[8],0,4,-1
37.000000,0,[Controller],[8],1,7,3
37.000000,0,[Tank],[8],0,7,-1
37.000000,0,[Striker],[8],1,9,9
37.000000,0,[Striker],[8],0,9,-1
37.000000,0,[Controller],[8],0,10,-1
38.000000,1,[Striker],[6],0,2,-1
38.000000,1,[Tank;Tank],[12;8],0,3,-1
38.000000,1,[Controller],[8],1,4,2
38.000000,1,[Striker],[8],0,7,-1
38.000000,1,[Striker],[8],0,9,-1
38.000000,1,[Striker],[8],0,10,-1
38.000000,0,[Controller;Striker],[8;8],0,3,-1
38.000000,0,[Tank],[8],0,7,-1
38.000000,0,[Striker],[8],0,9,-1
38.000000,0,[Controller],[8],1,10,6
38.000000,0,[Striker],[8],0,10,-1
39.000000,1,[Striker],[6],1,2,0
39.000000,1,[Tank],[12],0,3,-1
39.000000,1,[Tank],[8],1,3,3
39.000000,1,[Controller],[8],1,4,2
39.000000,1,[Tank],[8],0,5,-1
39.000000,1,[Striker],[8],0,7,-1
39.000000,1,[Striker],[8],0,9,-1
39.000000,1,[Tank;Controller],[8;8],0,11,-1
39.000000,0,[Striker],[8],0,1,-1
39.000000,0,[Controller],[8],1,3,4
39.000000,0,[Striker],[8],0,3,-1
39.000000,0,[Tank;Tank],[8;8],1,4,0
39.000000,0,[Controller;Controller],[8;8],0,4,-1
39.000000,0,[Tank],[8],1,7,2
39.000000,0,[Striker],[8],0,9,-1
39.000000,0,[Controller],[8],1,10,6
39.000000,0,[Striker],[8],1,10,10
40.000000,1,[Striker],[6],1,2,0
40.000000,1,[Tank],[12],1,3,4
40.000000,1,[Tank],[8],1,3,3
40.000000,1,[Controller],[8],1,4,2
40.000000,1,[Tank],[8],0,5,-1
40.000000,1,[Striker],[8],0,7,-1
40.000000,1,[Tank],[8],0,11,-1
40.000000,0,[Striker;Tank],[8;8],0,1,-1
40.000000,0,[Controller],[8],1,3,4
40.000000,0,[Striker],[7],0,3,-1
40.000000,0,[Tank],[8],1,4,0
40.000000,0,[Controller;Controller],[8;8],0,4,-1
40.000000,0,[Tank],[8],1,7,2
40.000000,0,[Striker],[7],0,9,-1
40.000000,0,[Controller],[8],1,10,6
40.000000,0,[Striker],[8],1,10,10
41.000000,1,[Striker],[6],1,2,0
41.000000,1,[Tank],[12],1,3,4
41.000000,1,[Tank],[8],1,3,3
41.000000,1,[Controller],[8],1,4,2
41.000000,1,[Tank],[8],0,5,-1
41.000000,1,[Striker],[8],1,7,3
41.000000,1,[Tank],[8],0,11,-1
41.000000,0,[Striker;Tank;Tank],[8;8;8],0,1,-1
41.000000,0,[Controller],[8],1,3,4
41.000000,0,[Striker],[7],0,3,-1
41.000000,0,[Controller],[8],0,4,-1
41.000000,0,[Striker],[7],0,9,-1
41.000000,0,[Striker],[8],1,10,10
42.000000,1,[Striker],[6],0,1,-1
42.000000,1,[Tank],[12],1,3,4
42.000000,1,[Tank],[8],1,3,3
42.000000,1,[Controller],[8],0,3,-1
42.000000,1,[Tank],[8],0,5,-1
42.000000,1,[Striker],[8],1,7,3
42.000000,1,[Tank],[8],0,11,-1
42.000000,0,[Striker;Tank;Tank],[8;8;8],0,1,-1
42.000000,0,[Controller],[8],1,3,4
42.000000,0,[Striker],[7],0,3,-1
42.000000,0,[Controller],[8],0,4,-1
42.000000,0,[Striker],[7],0,9,-1
42.000000,0,[Striker],[8],0,11,-1
43.000000,1,[Striker],[1],0,1,-1
43.000000,1,[Tank],[12],1,3,4
43.000000,1,[Tank;Striker],[8;8],0,4,-1
43.000000,1,[Tank],[8],0,5,-1
43.000000,1,[Tank],[8],0,11,-1
43.000000,0,[Striker;Tank;Tank],[8;8;8],0,1,-1
43.000000,0,[Controller],[8],0,4,-1
43.000000,0,[Striker],[7],0,9,-1
43.000000,0,[Striker],[7],0,11,-1
44.000000,1,[Tank],[12],1,3,4
44.000000,1,[Tank;Striker],[8;8],0,4,-1
44.000000,1,[Tank],[8],1,5,1
44.000000,1,[Striker],[8],0,9,-1
44.000000,1,[Tank],[8],0,11,-1
44.000000,0,[Controller],[8],0,4,-1
44.000000,0,[Striker],[7],0,9,-1
44.000000,0,[Striker],[5],0,11,-1
45.000000,1,[Tank],[12],1,3,4
45.000000,1,[Tank],[8],1,4,0
45.000000,1,[Striker],[8],0,4,-1
45.000000,1,[Tank],[8],1,5,1
45.000000,1,[Striker;Controller],[7;8],0,9,-1
45.000000,1,[Tank],[8],0,11,-1
45.000000,0,[Striker;Tank],[8;8],1,1,3
45.000000,0,[Tank;Tank],[8;12],0,1,-1
45.000000,0,[Controller],[8],0,5,-1
45.000000,0,[Striker],[5],0,9,-1
45.000000,0,[Striker],[3],0,11,-1
46.000000,1,[Tank],[8],1,4,0
46.000000,1,[Striker],[8],0,4,-1
46.000000,1,[Tank],[8],1,5,1
46.000000,1,[Tank],[12],0,5,-1
46.000000,1,[Controller],[8],0,9,-1
46.000000,1,[Tank],[8],0,11,-1
46.000000,0,[Striker;Tank],[8;8],1,1,3
46.000000,0,[Tank;Tank],[8;12],0,1,-1
46.000000,0,[Controller],[8],0,5,-1
46.000000,0,[Striker],[1],0,9,-1
46.000000,0,[Striker],[2],0,11,-1
47.000000,1,[Tank],[8],1,4,0
47.000000,1,[Striker],[8],0,4,-1
47.000000,1,[Tank],[8],1,5,1
47.000000,1,[Tank],[8],0,11,-1
47.000000,0,[Striker;Tank;Tank],[8;8;12],1,1,3
47.000000,0,[Tank],[8],0,1,-1
47.000000,0,[Controller],[8],0,4,-1
47.000000,0,[Controller],[8],0,5,-1
47.000000,0,[Striker],[1],0,11,-1
48.000000,1,[Tank],[8],0,2,-1
48.000000,1,[Tank],[8],1,4,0
48.000000,1,[Striker],[7],0,4,-1
48.000000,0,[Tank],[8],0,1,-1
48.000000,0,[Tank;Tank],[8;12],1,1,3
48.000000,0,[Controller;Striker],[8;8],0,4,-1
48.000000,0,[Controller],[8],0,5,-1
49.000000,1,[Tank],[8],1,2,0
49.000000,1,[Tank],[8],1,4,0
49.000000,1,[Striker],[4],0,4,-1
49.000000,1,[Controller],[8],0,9,-1
49.000000,1,[Controller],[8],1,9,4
49.000000,0,[Tank],[8],0,1,-1
49.000000,0,[Tank;Tank],[8;12],1,1,3
49.000000,0,[Controller;Striker],[8;8],0,4,-1
49.000000,0,[Controller],[8],0,5,-1
50.000000,1,[Tank],[8],1,2,0
50.000000,1,[Tank],[8],1,4,0
50.000000,1,[Striker],[1],0,4,-1
50.000000,1,[Controller],[8],0,9,-1
50.000000,1,[Controller],[8],1,9,4
50.000000,0,[Tank],[8],0,1,-1
50.000000,0,[Tank],[12],1,1,3
50.000000,0,[Controller;Striker;Tank],[8;8;8],0,4,-1
50.000000,0,[Controller],[8],0,5,-1
51.000000,1,[Tank],[8],0,1,-1
51.000000,1,[Tank],[8],1,2,0
51.000000,1,[Tank],[12],0,8,-1
51.000000,1,[Controller;Controller],[8;8],0,9,-1
51.000000,1,[Controller],[8],1,9,4
51.000000,0,[Controller],[8],1,5,7
52.000000,1,[Tank],[8],0,1,-1
52.000000,1,[Tank],[8],1,2,0
52.000000,1,[Tank],[12],0,8,-1
52.000000,1,[Controller],[8],0,9,-1
52.000000,1,[Controller;Controller],[8;8],1,9,4
52.000000,0,[Controller],[8],1,5,7
53.000000,1,[Tank],[8],0,1,-1
53.000000,1,[Tank],[8],1,2,0
53.000000,1,[Tank],[12],0,8,-1
53.000000,1,[Controller],[8],1,9,6
53.000000,1,[Controller;Controller],[8;8],1,9,4
53.000000,0,[Controller],[8],1,5,7
53.000000,0,[Controller],[8],1,7,8
54.000000,1,[Tank],[8],0,1,-1
54.000000,1,[Tank],[8],1,2,0
54.000000,1,[Tank],[12],0,8,-1
54.000000,1,[Controller],[8],1,9,6
54.000000,1,[Controller;Controller],[8;8],1,9,4
54.000000,1,[Striker],[7],0,9,-1
54.000000,0,[Controller],[8],1,5,7
54.000000,0,[Controller],[8],1,7,8
55.000000,1,[Tank;Tank],[8;8],0,1,-1
55.000000,1,[Controller],[8],0,5,-1
55.000000,1,[Controller],[8],1,9,6
55.000000,1,[Controller],[8],1,9,4
55.000000,1,[Striker],[7],0,9,-1
55.000000,0,[Tank],[8],0,7,-1
55.000000,0,[Controller],[8],0,8,-1
55.000000,0,[Controller],[8],0,9,-1
56.000000,1,[Tank;Tank],[8;8],0,1,-1
56.000000,1,[Controller],[8],0,5,-1
56.000000,1,[Controller],[8],1,9,6
56.000000,1,[Controller],[8],1,9,4
56.000000,1,[Striker],[7],0,9,-1
56.000000,0,[Tank;Controller],[8;8],0,7,-1
56.000000,0,[Controller],[8],0,8,-1
56.000000,0,[Controller],[8],0,9,-1
57.000000,1,[Tank;Tank],[8;8],0,1,-1
57.000000,1,[Controller],[8],0,5,-1
57.000000,1,[Tank],[8],0,8,-1
57.000000,1,[Controller],[8],1,9,6
57.000000,1,[Controller],[8],1,9,4
57.000000,1,[Striker;Controller],[7;8],0,9,-1
57.000000,0,[Controller;Controller;Striker],[8;8;7],0,7,-1
57.000000,0,[Controller],[8],0,8,-1
57.000000,0,[Controller],[8],0,9,-1
58.000000,1,[Tank;Tank],[8;8],0,1,-1
58.000000,1,[Controller;Controller],[8;8],0,5,-1
58.000000,1,[Controller],[8],1,9,6
58.000000,1,[Striker;Controller],[7;8],0,9,-1
58.000000,0,[Controller;Striker],[8;7],0,7,-1
58.000000,0,[Controller],[8],0,8,-1
58.000000,0,[Controller],[8],0,9,-1
59.000000,1,[Tank;Tank],[8;8],0,1,-1
59.000000,1,[Controller],[8],0,5,-1
59.000000,1,[Controller],[8],1,5,1
59.000000,1,[Controller],[8],0,7,-1
59.000000,1,[Striker;Controller],[7;8],0,9,-1
59.000000,0,[Tank],[8],0,2,-1
59.000000,0,[Controller;Striker],[8;7],0,7,-1
59.000000,0,[Controller],[8],0,8,-1
59.000000,0,[Controller],[8],0,9,-1
60.000000,1,[Tank;Tank],[8;8],0,1,-1
60.000000,1,[Controller],[8],0,5,-1
60.000000,1,[Controller],[8],1,5,1
60.000000,1,[Controller],[8],1,7,8
60.000000,1,[Striker;Controller],[7;8],0,9,-1
60.000000,0,[Tank],[8],0,2,-1
60.000000,0,[Controller],[8],0,8,-1
60.000000,0,[Controller],[7],1,9,7
61.000000,1,[Tank;Tank],[8;8],0,1,-1
61.000000,1,[Controller],[8],0,5,-1
61.000000,1,[Controller],[8],1,5,1
61.000000,1,[Controller],[8],1,7,8
61.000000,1,[Striker],[7],0,9,-1
61.000000,1,[Controller],[8],1,9,4
61.000000,0,[Tank],[8],0,1,-1
61.000000,0,[Tank],[8],0,2,-1
61.000000,0,[Controller],[8],0,8,-1
61.000000,0,[Controller],[7],1,9,7
62.000000,1,[Tank;Tank],[8;8],0,1,-1
62.000000,1,[Controller;Controller],[8;8],1,5,1
62.000000,1,[Controller],[8],1,7,8
62.000000,1,[Striker],[7],0,9,-1
62.000000,1,[Controller],[8],1,9,4
62.000000,0,[Tank],[8],0,1,-1
62.000000,0,[Tank],[8],0,2,-1
62.000000,0,[Controller],[8],1,8,8
62.000000,0,[Controller],[7],1,9,7
63.000000,1,[Tank;Tank],[8;8],0,1,-1
63.000000,1,[Controller],[8],0,2,-1
63.000000,1,[Controller],[8],1,7,8
63.000000,0,[Tank],[8],0,1,-1
63.000000,0,[Controller],[8],1,8,8
63.000000,0,[Controller],[7],1,9,7
63.000000,0,[Striker],[7],0,9,-1
64.000000,1,[Tank;Tank],[8;8],0,1,-1
64.000000,1,[Controller],[8],1,2,2
64.000000,1,[Controller],[8],1,7,8
64.000000,0,[Tank],[8],0,1,-1
64.000000,0,[Tank],[8],1,2,2
64.000000,0,[Controller],[8],1,8,8
64.000000,0,[Controller],[7],0,8,-1
64.000000,0,[Striker],[7],0,9,-1
65.000000,1,[Tank;Tank],[8;8],0,1,-1
65.000000,1,[Controller],[8],1,2,2
65.000000,1,[Controller],[8],1,7,8
65.000000,1,[Striker],[7],0,8,-1
65.000000,0,[Tank],[8],0,1,-1
65.000000,0,[Tank],[8],1,2,2
65.000000,0,[Controller],[8],1,8,8
65.000000,0,[Controller],[7],0,8,-1
65.000000,0,[Striker],[7],1,9,7
66.000000,1,[Tank;Tank],[8;8],0,1,-1
66.000000,1,[Controller],[8],1,2,2
66.000000,1,[Controller],[8],0,2,-1
66.000000,1,[Striker],[7],0,8,-1
66.000000,1,[Controller],[8],0,9,-1
66.000000,0,[Tank],[8],0,1,-1
66.000000,0,[Tank],[8],1,2,2
66.000000,0,[Controller],[6],0,8,-1
66.000000,0,[Striker],[7],1,9,7
66.000000,0,[Controller],[8],0,9,-1
67.000000,1,[Tank;Tank],[8;8],0,1,-1
67.000000,1,[Controller],[8],1,2,2
67.000000,1,[Controller],[8],0,2,-1
67.000000,1,[Striker],[7],0,8,-1
67.000000,1,[Controller],[8],1,9,9
67.000000,0,[Tank],[8],0,1,-1
67.000000,0,[Tank],[8],0,3,-1
67.000000,0,[Controller;Striker],[4;7],0,8,-1
67.000000,0,[Controller],[8],0,9,-1
67.000000,0,[Tank],[8],0,10,-1
68.000000,1,[Tank;Tank],[8;8],0,1,-1
68.000000,1,[Controller],[8],0,2,-1
68.000000,1,[Controller],[8],0,3,-1
68.000000,1,[Controller],[8],1,5,8
68.000000,1,[Striker],[5],0,8,-1
68.000000,1,[Controller],[8],1,9,9
68.000000,1,[Tank],[12],0,11,-1
68.000000,1,[Tank],[8],1,11,7
68.000000,0,[Tank],[8],0,1,-1
68.000000,0,[Tank],[8],0,3,-1
68.000000,0,[Controller],[3],0,8,-1
68.000000,0,[Striker],[6],1,8,10
68.000000,0,[Tank],[8],0,10,-1
69.000000,1,[Tank;Tank],[8;8],0,1,-1
69.000000,1,[Controller],[8],0,2,-1
69.000000,1,[Controller],[8],0,3,-1
69.000000,1,[Controller],[8],1,5,8
69.000000,1,[Striker],[5],0,8,-1
69.000000,1,[Controller],[8],1,9,9
69.000000,1,[Tank],[12],0,11,-1
69.000000,1,[Tank],[8],1,11,7
69.000000,0,[Tank],[8],0,1,-1
69.000000,0,[Tank],[8],0,3,-1
69.000000,0,[Controller],[2],0,8,-1
69.000000,0,[Striker],[6],1,8,10
69.000000,0,[Controller],[8],0,9,-1
69.000000,0,[Tank],[8],0,10,-1
70.000000,1,[Tank;Tank],[8;8],0,1,-1
70.000000,1,[Controller],[8],0,2,-1
70.000000,1,[Controller],[8],0,3,-1
70.000000,1,[Controller],[8],1,5,8
70.000000,1,[Controller],[8],1,9,9
70.000000,1,[Tank],[12],0,11,-1
70.000000,0,[Tank],[8],0,1,-1
70.000000,0,[Tank],[8],0,3,-1
70.000000,0,[Striker],[6],1,8,10
70.000000,0,[Controller],[8],0,9,-1
70.000000,0,[Tank],[8],0,10,-1
71.000000,1,[Tank;Tank],[8;8],0,1,-1
71.000000,1,[Controller],[8],1,3,4
71.000000,1,[Controller],[8],1,5,8
71.000000,1,[Controller],[8],0,10,-1
71.000000,1,[Tank],[12],0,11,-1
71.000000,0,[Tank],[8],0,1,-1
71.000000,0,[Controller],[8],1,9,4
71.000000,0,[Controller],[8],0,9,-1
71.000000,0,[Tank],[8],0,10,-1
71.000000,0,[Striker],[6],0,11,-1
72.000000,1,[Tank;Tank],[8;8],0,1,-1
72.000000,1,[Controller],[8],1,3,4
72.000000,1,[Controller],[8],1,5,8
72.000000,1,[Controller],[8],1,10,10
72.000000,1,[Tank],[12],0,11,-1
72.000000,0,[Tank],[8],0,1,-1
72.000000,0,[Controller],[8],1,9,4
72.000000,0,[Controller],[8],0,9,-1
72.000000,0,[Striker],[5],0,11,-1
73.000000,1,[Tank;Tank],[8;8],0,1,-1
73.000000,1,[Controller],[8],1,3,4
73.000000,1,[Controller],[8],1,5,8
73.000000,1,[Controller],[8],1,10,10
73.000000,1,[Tank],[12],0,11,-1
73.000000,0,[Striker],[8],0,1,-1
73.000000,0,[Controller],[8],1,9,4
73.000000,0,[Controller],[8],0,9,-1
73.000000,0,[Striker],[2],0,11,-1
74.000000,1,[Tank;Tank],[8;8],0,1,-1
74.000000,1,[Controller],[8],1,2,4
74.000000,1,[Controller],[8],1,3,4
74.000000,1,[Controller],[8],0,9,-1
74.000000,0,[Controller],[8],0,5,-1
74.000000,0,[Controller],[8],0,9,-1
74.000000,0,[Tank;Tank],[8;12],0,10,-1
75.000000,1,[Tank;Tank],[8;8],0,1,-1
75.000000,1,[Controller],[8],1,2,4
75.000000,1,[Controller],[8],1,3,4
75.000000,0,[Controller],[8],0,1,-1
75.000000,0,[Controller],[8],0,5,-1
75.000000,0,[Controller],[8],1,9,9
75.000000,0,[Tank;Tank],[8;12],0,10,-1
76.000000,1,[Tank;Tank],[8;8],0,1,-1
76.000000,1,[Controller],[8],1,3,4
76.000000,1,[Controller],[8],0,5,-1
76.000000,1,[Controller],[8],0,9,-1
76.000000,0,[Controller],[8],0,1,-1
76.000000,0,[Controller],[8],0,5,-1
76.000000,0,[Controller],[8],1,9,9
76.000000,0,[Tank],[8],0,10,-1
76.000000,0,[Tank],[12],1,10,8
77.000000,1,[Tank;Tank],[8;8],0,1,-1
77.000000,1,[Controller;Controller],[8;8],0,5,-1
77.000000,1,[Controller],[8],0,9,-1
77.000000,0,[Controller],[8],0,1,-1
77.000000,0,[Controller],[8],0,5,-1
77.000000,0,[Controller],[8],1,9,9
77.000000,0,[Tank],[8],0,10,-1
77.000000,0,[Tank],[12],1,10,8
78.000000,1,[Tank;Tank],[8;8],0,1,-1
78.000000,1,[Controller],[8],1,9,9
78.000000,0,[Controller],[8],0,1,-1
78.000000,0,[Tank],[8],0,10,-1
79.000000,1,[Tank],[8],0,1,-1
79.000000,1,[Tank],[8],1,1,1
79.000000,1,[Controller],[8],1,9,9
79.000000,0,[Controller],[8],0,1,-1
79.000000,0,[Striker],[8],0,2,-1
79.000000,0,[Tank;Controller],[8;8],0,10,-1
80.000000,1,[Tank],[8],0,1,-1
80.000000,1,[Tank],[8],1,1,1
80.000000,1,[Striker],[7],0,3,-1
80.000000,1,[Controller],[8],1,9,9
80.000000,1,[Tank],[12],0,10,-1
80.000000,0,[Controller],[8],0,1,-1
80.000000,0,[Striker],[8],0,2,-1
80.000000,0,[Tank;Controller],[8;8],0,10,-1
81.000000,1,[Tank],[8],0,1,-1
81.000000,1,[Tank],[8],1,1,1
81.000000,1,[Striker],[7],0,3,-1
81.000000,1,[Controller],[8],1,9,9
81.000000,1,[Tank],[12],0,10,-1
81.000000,1,[Striker],[5],1,11,9
81.000000,0,[Controller],[8],0,1,-1
81.000000,0,[Striker],[8],0,2,-1
81.000000,0,[Tank],[8],0,10,-1
81.000000,0,[Controller],[8],1,10,10
82.000000,1,[Tank],[8],0,1,-1
82.000000,1,[Tank],[8],1,1,1
82.000000,1,[Striker],[7],0,3,-1
82.000000,1,[Tank;Controller],[12;8],0,10,-1
82.000000,1,[Striker],[5],1,11,9
82.000000,0,[Controller],[8],1,1,1
82.000000,0,[Striker],[8],0,2,-1
82.000000,0,[Controller],[8],1,5,8
82.000000,0,[Tank],[12],1,9,5
82.000000,0,[Tank],[8],0,10,-1
82.000000,0,[Controller],[8],1,10,10
83.000000,1,[Tank],[8],0,1,-1
83.000000,1,[Tank],[8],1,1,1
83.000000,1,[Striker],[7],0,3,-1
83.000000,0,[Controller],[8],1,1,1
83.000000,0,[Striker],[8],1,2,2
83.000000,0,[Controller],[8],1,5,8
83.000000,0,[Tank],[12],1,9,5
83.000000,0,[Tank;Controller],[8;8],1,10,10
84.000000,1,[Tank;Tank],[8;8],1,1,1
84.000000,1,[Striker],[7],0,3,-1
84.000000,0,[Striker],[8],1,2,2
84.000000,0,[Tank],[8],0,3,-1
84.000000,0,[Tank],[8],0,7,-1
84.000000,0,[Tank],[12],1,9,5
84.000000,0,[Controller],[8],0,9,-1
84.000000,0,[Tank;Controller],[8;8],1,10,10
85.000000,1,[Tank],[8],1,1,1
85.000000,1,[Tank],[8],0,2,-1
85.000000,1,[Striker],[5],1,3,1
85.000000,0,[Tank],[12],0,6,-1
85.000000,0,[Tank],[8],0,7,-1
85.000000,0,[Controller],[8],0,9,-1
85.000000,0,[Tank;Controller],[8;8],1,10,10
86.000000,1,[Tank],[8],1,1,1
86.000000,1,[Tank],[8],1,2,2
86.000000,1,[Striker],[5],1,3,1
86.000000,1,[Controller],[8],1,5,7
86.000000,1,[Tank;Controller],[8;8],0,8,-1
86.000000,0,[Tank],[8],1,3,6
86.000000,0,[Striker],[8],1,3,4
86.000000,0,[Tank],[12],0,6,-1
86.000000,0,[Tank],[8],0,7,-1
86.000000,0,[Controller],[8],1,9,7
86.000000,0,[Tank;Controller],[8;8],1,10,10
87.000000,1,[Tank],[8],1,1,1
87.000000,1,[Tank],[8],1,2,2
87.000000,1,[Striker],[5],0,2,-1
87.000000,1,[Controller],[8],1,5,7
87.000000,1,[Tank],[8],0,8,-1
87.000000,0,[Tank],[8],1,3,6
87.000000,0,[Striker],[8],1,3,4
87.000000,0,[Tank],[12],0,6,-1
87.000000,0,[Tank],[8],0,7,-1
87.000000,0,[Controller],[8],1,9,7
87.000000,0,[Tank],[8],1,10,10
87.000000,0,[Controller],[8],0,11,-1
88.000000,1,[Tank],[8],1,1,1
88.000000,1,[Tank],[8],1,2,2
88.000000,1,[Striker],[5],0,2,-1
88.000000,1,[Controller],[8],0,7,-1
88.000000,1,[Tank;Controller],[8;8],0,8,-1
88.000000,0,[Controller],[8],0,2,-1
88.000000,0,[Tank],[8],1,3,6
88.000000,0,[Striker],[8],1,3,4
88.000000,0,[Tank],[12],0,6,-1
88.000000,0,[Tank],[8],0,7,-1
88.000000,0,[Controller],[8],1,9,7
88.000000,0,[Tank],[8],1,10,10
88.000000,0,[Controller],[8],0,11,-1
89.000000,1,[Tank],[8],1,1,1
89.000000,1,[Tank],[8],1,2,2
89.000000,1,[Striker],[5],1,2,4
89.000000,1,[Controller],[7],1,7,8
89.000000,1,[Tank;Controller],[8;8],0,8,-1
89.000000,1,[Controller],[8],1,8,8
89.000000,1,[Controller],[8],0,9,-1
89.000000,0,[Controller],[8],0,2,-1
89.000000,0,[Striker],[8],0,5,-1
89.000000,0,[Tank],[12],1,6,8
89.000000,0,[Controller],[8],1,9,7
89.000000,0,[Controller;Tank],[8;8],0,11,-1
90.000000,1,[Tank],[8],0,3,-1
90.000000,1,[Controller],[7],1,7,8
90.000000,1,[Tank],[8],0,8,-1
90.000000,1,[Controller;Controller],[8;8],1,8,8
90.000000,1,[Controller],[8],0,9,-1
90.000000,0,[Controller],[8],1,2,4
90.000000,0,[Striker],[8],0,5,-1
90.000000,0,[Tank],[12],1,6,8
90.000000,0,[Controller],[8],0,8,-1
90.000000,0,[Controller;Tank],[8;8],0,11,-1
91.000000,1,[Tank],[8],1,3,3
91.000000,1,[Striker],[5],0,5,-1
91.000000,1,[Controller],[7],1,7,8
91.000000,1,[Tank],[8],0,8,-1
91.000000,1,[Controller],[8],1,8,8
91.000000,1,[Controller;Controller],[8;8],0,9,-1
91.000000,1,[Tank],[12],1,10,10
91.000000,1,[Striker],[5],0,10,-1
91.000000,0,[Controller],[8],1,2,4
91.000000,0,[Striker],[8],0,5,-1
91.000000,0,[Tank],[12],1,6,8
91.000000,0,[Controller],[8],0,8,-1
91.000000,0,[Controller],[8],1,11,9
91.000000,0,[Tank],[8],0,11,-1
92.000000,1,[Tank],[8],1,3,3
92.000000,1,[Striker],[3],0,5,-1
92.000000,1,[Controller],[7],1,7,8
92.000000,1,[Tank],[8],0,8,-1
92.000000,1,[Controller],[8],1,8,8
92.000000,1,[Controller],[8],0,9,-1
92.000000,1,[Controller],[8],1,9,7
92.000000,1,[Striker],[5],0,10,-1
92.000000,0,[Controller],[8],1,2,4
92.000000,0,[Striker],[8],0,5,-1
92.000000,0,[Controller],[5],0,8,-1
92.000000,0,[Tank],[12],0,9,-1
92.000000,0,[Controller;Tank],[8;8],1,11,9
93.000000,1,[Tank],[8],1,3,3
93.000000,1,[Striker],[2],1,5,7
93.000000,1,[Tank],[8],0,8,-1
93.000000,1,[Striker],[5],0,10,-1
93.000000,0,[Controller],[8],1,2,4
93.000000,0,[Striker],[8],0,5,-1
93.000000,0,[Tank],[8],0,7,-1
93.000000,0,[Controller],[5],0,8,-1
93.000000,0,[Tank],[12],1,9,6
93.000000,0,[Controller;Tank],[8;8],1,11,9
94.000000,1,[Tank],[8],1,3,3
94.000000,1,[Striker],[2],1,5,7
94.000000,1,[Striker],[5],0,10,-1
94.000000,0,[Striker;Controller],[8;8],0,5,-1
94.000000,0,[Tank],[8],0,7,-1
94.000000,0,[Controller],[4],0,8,-1
94.000000,0,[Tank],[12],1,9,6
94.000000,0,[Controller;Tank],[8;8],1,11,9
95.000000,1,[Tank],[8],0,4,-1
95.000000,1,[Striker],[2],0,8,-1
95.000000,1,[Striker],[5],0,10,-1
95.000000,0,[Striker;Controller],[8;8],0,5,-1
95.000000,0,[Tank],[8],0,7,-1
95.000000,0,[Controller],[4],0,8,-1
95.000000,0,[Tank],[12],1,9,6
95.000000,0,[Controller;Tank],[8;8],1,11,9
96.000000,1,[Tank],[8],0,4,-1
96.000000,1,[Striker;Controller],[1;8],0,8,-1
96.000000,0,[Striker;Controller],[8;8],0,5,-1
96.000000,0,[Tank],[8],0,7,-1
96.000000,0,[Controller],[3],0,8,-1
96.000000,0,[Tank],[12],1,9,6
97.000000,1,[Tank],[8],0,4,-1
97.000000,0,[Striker;Controller],[8;8],0,5,-1
97.000000,0,[Tank],[8],1,7,3
97.000000,0,[Controller],[2],1,8,4
97.000000,0,[Tank],[12],1,9,6
98.000000,1,[Tank],[8],0,4,-1
98.000000,0,[Striker],[8],0,5,-1
98.000000,0,[Tank],[8],1,7,3
98.000000,0,[Controller],[2],1,8,4
98.000000,0,[Tank],[12],1,9,6
99.000000,1,[Tank],[8],1,4,6
99.000000,1,[Tank],[8],0,5,-1
99.000000,1,[Controller],[8],0,7,-1
99.000000,0,[Tank],[12],0,7,-1
99.000000,0,[Controller],[2],1,8,4
100.000000,1,[Tank],[8],1,4,6
100.000000,1,[Tank;Striker],[8;1],0,5,-1
100.000000,1,[Controller],[8],1,7,2
100.000000,0,[Tank],[8],0,3,-1
100.000000,0,[Striker;Controller],[8;8],1,5,2
100.000000,0,[Tank],[12],0,7,-1
100.000000,0,[Controller],[2],1,8,4
100.000000,0,[Controller;Tank],[8;8],0,10,-1
101.000000,1,[Tank],[8],1,4,6
101.000000,1,[Tank],[8],0,5,-1
101.000000,1,[Controller],[8],1,7,2
101.000000,1,[Controller],[7],0,9,-1
101.000000,1,[Striker],[5],1,9,9
101.000000,1,[Tank],[8],1,9,6
101.000000,0,[Tank],[8],1,3,4
101.000000,0,[Striker;Controller],[8;8],1,5,2
101.000000,0,[Controller],[2],0,5,-1
101.000000,0,[Tank],[12],0,7,-1
101.000000,0,[Controller],[8],0,10,-1
101.000000,0,[Tank],[8],1,10,8
102.000000,1,[Tank],[8],1,4,6
102.000000,1,[Tank],[8],0,5,-1
102.000000,1,[Controller],[8],1,7,2
102.000000,1,[Controller],[7],0,9,-1
102.000000,1,[Tank],[8],1,9,6
102.000000,0,[Tank],[8],1,3,4
102.000000,0,[Striker],[8],0,3,-1
102.000000,0,[Controller],[8],1,5,2
102.000000,0,[Tank],[12],0,7,-1
102.000000,0,[Controller],[8],1,10,6
102.000000,0,[Tank],[8],1,10,8
103.000000,1,[Tank],[8],0,5,-1
103.000000,1,[Controller],[8],1,7,2
103.000000,1,[Tank],[8],0,7,-1
103.000000,1,[Controller],[7],0,9,-1
103.000000,1,[Tank],[8],1,9,6
103.000000,0,[Tank],[8],1,3,4
103.000000,0,[Striker],[8],1,3,6
103.000000,0,[Controller],[8],1,5,2
103.000000,0,[Tank],[12],0,7,-1
103.000000,0,[Controller],[8],1,10,6
103.000000,0,[Tank],[8],1,10,8
104.000000,1,[Tank],[8],0,5,-1
104.000000,1,[Controller;Tank],[8;8],1,7,2
104.000000,1,[Controller],[7],1,9,4
104.000000,1,[Tank],[8],1,9,6
104.000000,0,[Tank],[8],1,3,4
104.000000,0,[Striker],[8],1,3,6
104.000000,0,[Controller],[8],0,3,-1
104.000000,0,[Tank],[12],0,7,-1
104.000000,0,[Controller],[8],1,10,6
104.000000,0,[Tank],[8],1,10,8
105.000000,1,[Tank],[8],0,5,-1
105.000000,1,[Controller;Tank],[8;8],1,7,2
105.000000,1,[Controller],[7],1,9,4
105.000000,1,[Tank],[8],1,9,6
105.000000,0,[Tank],[8],1,3,4
105.000000,0,[Striker],[8],1,3,6
105.000000,0,[Controller],[8],0,3,-1
105.000000,0,[Tank],[8],0,9,-1
106.000000,1,[Controller],[8],0,3,-1
106.000000,1,[Tank],[8],1,7,2
106.000000,1,[Tank],[8],0,7,-1
106.000000,0,[Tank],[8],1,3,4
106.000000,0,[Controller;Tank],[8;8],0,3,-1
106.000000,0,[Controller;Striker],[8;8],0,7,-1
106.000000,0,[Tank],[8],1,9,6
107.000000,1,[Controller],[8],0,3,-1
107.000000,1,[Tank],[8],1,7,2
107.000000,1,[Tank],[8],0,7,-1
107.000000,1,[Controller],[7],1,9,4
107.000000,1,[Striker],[5],0,9,-1
107.000000,0,[Tank],[8],0,3,-1
107.000000,0,[Tank],[8],0,5,-1
107.000000,0,[Controller],[8],1,7,8
107.000000,0,[Striker],[8],0,7,-1
107.000000,0,[Tank],[8],1,9,6
108.000000,1,[Controller],[8],1,3,6
108.000000,1,[Tank],[8],1,7,2
108.000000,1,[Tank],[8],0,7,-1
108.000000,1,[Striker],[5],0,9,-1
108.000000,0,[Tank],[8],0,3,-1
108.000000,0,[Controller],[8],1,7,8
108.000000,0,[Striker],[8],0,7,-1
108.000000,0,[Tank],[8],1,9,6
109.000000,1,[Controller],[8],1,3,6
109.000000,1,[Tank;Tank],[8;8],1,7,2
109.000000,1,[Striker],[5],1,9,6
109.000000,0,[Controller],[8],1,7,8
109.000000,0,[Striker],[8],0,7,-1
109.000000,0,[Tank],[8],1,9,6
110.000000,1,[Controller],[8],1,3,6
110.000000,1,[Tank],[8],0,3,-1
110.000000,1,[Tank],[8],1,7,2
110.000000,1,[Striker],[5],1,9,6
110.000000,0,[Controller],[8],1,7,8
110.000000,0,[Striker],[8],0,7,-1
110.000000,0,[Tank],[8],1,9,6
111.000000,1,[Controller],[8],1,3,6
111.000000,1,[Tank],[8],0,3,-1
111.000000,1,[Tank],[8],1,7,2
111.000000,1,[Striker],[5],1,9,6
111.000000,0,[Controller],[8],1,7,8
111.000000,0,[Striker],[8],1,7,2
111.000000,0,[Tank],[8],1,9,6
112.000000,1,[Controller],[8],1,3,6
112.000000,1,[Tank],[8],0,3,-1
112.000000,1,[Tank],[8],1,7,2
112.000000,1,[Striker],[5],0,7,-1
112.000000,0,[Controller],[8],1,7,8
112.000000,0,[Striker],[8],1,7,2
112.000000,0,[Tank],[8],0,7,-1
113.000000,1,[Controller],[8],1,3,6
113.000000,1,[Tank],[8],0,3,-1
113.000000,1,[Tank],[8],1,7,2
113.000000,1,[Striker],[5],0,7,-1
113.000000,0,[Striker],[8],1,7,2
113.000000,0,[Tank],[8],0,7,-1
113.000000,0,[Controller],[8],0,9,-1
114.000000,1,[Tank],[8],1,3,6
114.000000,1,[Controller],[7],0,5,-1
114.000000,1,[Striker],[1],1,5,2
114.000000,1,[Tank],[12],1,5,1
114.000000,1,[Tank],[8],1,7,2
114.000000,1,[Striker;Controller],[3;8],0,7,-1
114.000000,0,[Tank],[8],0,2,-1
114.000000,0,[Tank],[8],1,2,4
114.000000,0,[Striker],[8],0,3,-1
114.000000,0,[Tank;Tank],[8;12],0,7,-1
114.000000,0,[Controller],[8],1,9,5
115.000000,1,[Tank],[8],1,3,6
115.000000,1,[Tank],[8],0,3,-1
115.000000,1,[Controller],[7],0,5,-1
115.000000,1,[Striker],[1],1,5,2
115.000000,1,[Tank],[12],1,5,1
115.000000,1,[Striker;Controller],[2;8],0,7,-1
115.000000,0,[Tank],[8],0,2,-1
115.000000,0,[Tank],[8],1,2,4
115.000000,0,[Striker],[8],0,3,-1
115.000000,0,[Tank;Tank],[8;12],0,7,-1
115.000000,0,[Controller],[8],1,9,5
116.000000,1,[Tank;Tank],[8;8],1,3,6
116.000000,1,[Striker],[1],0,3,-1
116.000000,1,[Controller],[7],0,5,-1
116.000000,1,[Tank],[12],1,5,1
116.000000,1,[Controller],[8],0,7,-1
116.000000,0,[Tank],[8],0,2,-1
116.000000,0,[Tank],[8],1,2,4
116.000000,0,[Striker],[8],0,3,-1
116.000000,0,[Tank;Tank],[8;12],0,7,-1
116.000000,0,[Controller],[8],1,9,5
117.000000,1,[Tank;Tank],[8;8],1,3,6
117.000000,1,[Controller],[7],0,5,-1
117.000000,1,[Tank],[12],1,5,1
117.000000,1,[Controller],[8],0,7,-1
117.000000,0,[Tank],[8],0,2,-1
117.000000,0,[Tank],[8],1,2,4
117.000000,0,[Controller],[8],0,6,-1
117.000000,0,[Tank],[12],0,7,-1
118.000000,1,[Tank],[12],0,2,-1
118.000000,1,[Tank;Tank],[8;8],1,3,6
118.000000,1,[Controller],[7],0,5,-1
118.000000,1,[Controller],[6],0,7,-1
118.000000,0,[Tank],[8],0,2,-1
118.000000,0,[Tank],[8],0,5,-1
118.000000,0,[Controller],[8],0,6,-1
118.000000,0,[Tank],[12],0,7,-1
119.000000,1,[Tank],[12],0,2,-1
119.000000,1,[Tank;Tank],[8;8],1,3,6
119.000000,1,[Controller],[7],0,5,-1
119.000000,1,[Controller],[5],1,7,3
119.000000,0,[Tank],[8],0,2,-1
119.000000,0,[Controller],[8],0,4,-1
119.000000,0,[Tank],[8],0,5,-1
119.000000,0,[Controller],[8],0,6,-1
119.000000,0,[Tank;Tank],[8;12],1,7,3
120.000000,1,[Tank],[12],0,2,-1
120.000000,1,[Tank],[8],1,3,6
120.000000,1,[Controller],[7],0,5,-1
120.000000,1,[Controller],[5],1,7,3
120.000000,1,[Tank],[8],0,7,-1
120.000000,0,[Tank],[8],0,2,-1
120.000000,0,[Controller],[8],0,4,-1
120.000000,0,[Tank],[8],0,5,-1
120.000000,0,[Tank;Tank],[8;12],1,7,3
121.000000,1,[Tank],[12],0,2,-1
121.000000,1,[Tank],[8],1,3,6
121.000000,1,[Controller],[7],0,5,-1
121.000000,1,[Controller],[5],1,7,3
121.000000,1,[Tank],[8],0,7,-1
121.000000,0,[Tank],[8],0,2,-1
121.000000,0,[Controller;Tank],[8;8],0,4,-1
121.000000,0,[Tank],[7],0,5,-1
121.000000,0,[Tank],[12],1,7,3
122.000000,1,[Tank],[12],0,2,-1
122.000000,1,[Controller],[5],1,7,3
122.000000,1,[Tank;Tank],[8;8],0,7,-1
122.000000,0,[Tank],[8],0,2,-1
122.000000,0,[Controller],[8],1,4,6
122.000000,0,[Tank],[8],0,4,-1
122.000000,0,[Tank],[12],1,7,3
123.000000,1,[Tank],[12],0,2,-1
123.000000,1,[Controller],[5],0,4,-1
123.000000,1,[Controller],[7],0,5,-1
123.000000,1,[Tank;Tank],[8;8],0,7,-1
123.000000,0,[Tank],[8],0,2,-1
123.000000,0,[Controller],[8],1,4,6
123.000000,0,[Tank;Tank],[8;12],0,4,-1
124.000000,1,[Tank],[12],0,2,-1
124.000000,1,[Controller],[2],0,4,-1
124.000000,1,[Controller],[7],0,5,-1
124.000000,1,[Tank;Tank],[8;8],0,7,-1
124.000000,0,[Tank],[8],0,2,-1
124.000000,0,[Controller],[8],1,4,6
124.000000,0,[Tank;Tank],[8;12],0,4,-1
125.000000,1,[Tank],[12],0,2,-1
125.000000,1,[Controller],[7],1,5,2
125.000000,1,[Tank],[8],0,7,-1
125.000000,0,[Tank],[8],0,2,-1
125.000000,0,[Striker],[8],1,3,4
125.000000,0,[Tank],[7],1,5,2
126.000000,1,[Tank],[12],1,2,0
126.000000,1,[Controller],[7],1,5,2
126.000000,1,[Tank],[8],0,7,-1
126.000000,0,[Tank],[7],1,5,2
126.000000,0,[Striker],[8],0,5,-1
126.000000,0,[Controller],[8],0,7,-1
127.000000,1,[Tank],[12],1,2,0
127.000000,1,[Tank],[8],0,7,-1
127.000000,0,[Tank;Striker],[7;8],1,5,2
127.000000,0,[Controller],[8],0,7,-1
128.000000,1,[Tank],[12],1,2,0
128.000000,1,[Tank;Tank],[8;8],0,7,-1
128.000000,0,[Controller;Tank],[8;7],0,3,-1
128.000000,0,[Striker],[8],1,5,2
128.000000,0,[Controller],[8],0,7,-1
129.000000,1,[Tank],[12],1,2,0
129.000000,1,[Tank],[8],1,7,2
129.000000,1,[Tank],[8],0,7,-1
129.000000,0,[Tank],[7],0,3,-1
129.000000,0,[Striker],[8],1,5,2
129.000000,0,[Controller],[8],0,7,-1
130.000000,1,[Tank],[12],1,2,0
130.000000,1,[Tank],[8],1,7,2
130.000000,1,[Tank],[8],0,7,-1
130.000000,0,[Tank],[7],1,3,6
130.000000,0,[Striker],[8],0,3,-1
130.000000,0,[Controller],[8],0,7,-1
131.000000,1,[Tank],[12],1,2,0
131.000000,1,[Controller],[7],0,3,-1
131.000000,1,[Tank],[8],1,7,2
131.000000,1,[Tank],[8],0,7,-1
131.000000,0,[Tank],[7],1,3,6
131.000000,0,[Striker],[8],0,3,-1
131.000000,0,[Controller],[8],0,7,-1
132.000000,1,[Tank],[12],0,1,-1
132.000000,1,[Controller],[6],0,3,-1
132.000000,1,[Tank],[8],1,7,2
132.000000,1,[Tank],[7],0,7,-1
132.000000,0,[Tank],[7],1,3,6
132.000000,0,[Striker],[8],0,3,-1
132.000000,0,[Controller;Tank],[8;8],0,7,-1
133.000000,1,[Tank],[12],0,1,-1
133.000000,1,[Controller],[5],0,3,-1
133.000000,1,[Tank],[8],1,7,2
133.000000,1,[Tank],[5],0,7,-1
133.000000,0,[Tank],[12],0,1,-1
133.000000,0,[Tank],[7],1,3,6
133.000000,0,[Striker],[7],0,3,-1
133.000000,0,[Controller;Tank],[8;8],0,7,-1
134.000000,1,[Tank],[11],0,1,-1
134.000000,1,[Controller],[2],0,3,-1
134.000000,1,[Tank],[8],1,7,2
134.000000,1,[Tank],[5],0,7,-1
134.000000,0,[Tank],[12],0,1,-1
134.000000,0,[Tank],[7],1,3,6
134.000000,0,[Striker],[7],0,3,-1
134.000000,0,[Controller;Tank],[8;8],0,7,-1
135.000000,1,[Tank],[11],0,1,-1
135.000000,1,[Controller],[1],1,3,1
135.000000,1,[Tank],[8],0,3,-1
135.000000,1,[Tank],[3],0,7,-1
135.000000,0,[Tank],[12],0,1,-1
135.000000,0,[Tank],[8],0,2,-1
135.000000,0,[Tank],[7],1,3,6
135.000000,0,[Striker],[7],1,3,4
135.000000,0,[Controller],[7],1,7,2
135.000000,0,[Tank],[8],0,7,-1
136.000000,1,[Tank],[11],0,1,-1
136.000000,1,[Controller],[1],1,3,1
136.000000,1,[Tank],[3],1,7,8
136.000000,0,[Tank],[8],0,2,-1
137.000000,1,[Tank],[11],0,1,-1
137.000000,1,[Controller],[1],1,3,1
137.000000,1,[Tank],[3],1,7,8
137.000000,0,[Tank],[8],0,2,-1
138.000000,1,[Tank],[11],0,1,-1
138.000000,1,[Controller],[1],1,3,1
138.000000,1,[Tank],[3],1,7,8
138.000000,0,[Tank],[8],1,2,4
138.000000,0,[Striker],[7],0,5,-1
139.000000,1,[Tank],[11],0,1,-1
139.000000,1,[Controller],[1],0,2,-1
139.000000,1,[Tank],[3],1,7,8
139.000000,0,[Tank],[8],1,2,4
139.000000,0,[Striker],[7],0,5,-1
140.000000,1,[Tank],[11],0,1,-1
140.000000,1,[Controller],[1],0,2,-1
140.000000,1,[Tank],[3],1,7,8
140.000000,0,[Tank],[8],1,2,4
140.000000,0,[Striker],[7],0,5,-1
141.000000,1,[Tank],[11],0,1,-1
141.000000,1,[Controller],[1],0,2,-1
141.000000,1,[Tank],[3],1,7,8
141.000000,1,[Tank],[8],0,8,-1
141.000000,0,[Tank],[8],1,2,4
141.000000,0,[Striker],[7],1,5,7
142.000000,1,[Tank],[11],0,1,-1
142.000000,1,[Controller],[1],0,2,-1
142.000000,1,[Tank],[8],0,8,-1
142.000000,1,[Tank],[3],0,9,-1
142.000000,0,[Striker],[7],1,5,7
142.000000,0,[Tank],[8],0,5,-1
142.000000,0,[Tank],[8],0,9,-1
143.000000,1,[Tank],[11],0,1,-1
143.000000,1,[Controller],[1],0,2,-1
143.000000,1,[Tank],[8],0,6,-1
143.000000,1,[Tank],[8],0,8,-1
143.000000,1,[Tank],[2],0,9,-1
143.000000,0,[Tank],[8],0,5,-1
143.000000,0,[Striker],[7],0,8,-1
143.000000,0,[Tank],[8],0,9,-1
144.000000,1,[Tank],[11],0,1,-1
144.000000,1,[Controller],[1],0,2,-1
144.000000,1,[Tank],[8],0,6,-1
144.000000,1,[Tank],[8],0,8,-1
144.000000,1,[Tank],[2],0,9,-1
144.000000,0,[Tank],[8],0,5,-1
144.000000,0,[Striker],[7],0,8,-1
144.000000,0,[Tank],[8],0,9,-1
145.000000,1,[Tank],[11],0,1,-1
145.000000,1,[Controller],[1],0,2,-1
145.000000,1,[Tank],[8],0,6,-1
145.000000,1,[Tank],[8],0,8,-1
145.000000,1,[Tank],[1],0,9,-1
145.000000,0,[Tank],[8],0,5,-1
145.000000,0,[Striker],[5],0,8,-1
145.000000,0,[Tank],[8],0,9,-1
146.000000,1,[Tank],[11],0,1,-1
146.000000,1,[Controller],[1],0,2,-1
146.000000,1,[Tank],[8],0,6,-1
146.000000,1,[Tank],[8],0,8,-1
146.000000,0,[Tank],[8],0,5,-1
146.000000,0,[Controller],[7],0,6,-1
146.000000,0,[Striker],[4],0,8,-1
146.000000,0,[Tank],[8],0,9,-1
147.000000,1,[Tank],[11],0,1,-1
147.000000,1,[Controller],[1],0,2,-1
147.000000,1,[Tank],[8],0,6,-1
147.000000,1,[Tank],[8],0,8,-1
147.000000,0,[Tank],[8],0,5,-1
147.000000,0,[Controller],[6],0,6,-1
147.000000,0,[Striker],[2],0,8,-1
147.000000,0,[Tank],[8],0,9,-1
148.000000,1,[Tank],[11],0,1,-1
148.000000,1,[Controller],[1],0,2,-1
148.000000,1,[Tank],[8],0,6,-1
148.000000,0,[Tank],[8],0,5,-1
148.000000,0,[Controller],[5],0,6,-1
148.000000,0,[Tank;Tank],[8;7],0,9,-1
149.000000,1,[Tank],[11],0,1,-1
149.000000,1,[Controller],[1],0,2,-1
149.000000,1,[Tank],[8],0,6,-1
149.000000,0,[Tank],[8],0,5,-1
149.000000,0,[Controller],[3],0,6,-1
149.000000,0,[Tank],[8],1,9,4
149.000000,0,[Tank],[7],0,9,-1
150.000000,1,[Tank],[11],1,1,3
150.000000,1,[Controller],[1],0,2,-1
150.000000,1,[Tank],[8],0,6,-1
150.000000,0,[Tank],[8],0,5,-1
150.000000,0,[Controller],[1],0,6,-1
150.000000,0,[Tank],[8],1,9,4
150.000000,0,[Tank],[7],0,9,-1
