0,player1,player2,status,focus
0.000000,1100,1100,0,1
1.000000,1100,1100,0,1
2.000000,1100,1100,0,1
3.000000,1100,1100,0,1
4.000000,1100,1100,0,1
5.000000,1100,1100,0,1
6.000000,1100,1108,0,1
7.000000,1108,1124,0,1
8.000000,1136,1148,0,1
9.000000,1180,1188,0,1
10.000000,1216,1228,0,22
11.000000,1244,1260,0,22
12.000000,1272,1308,0,22
13.000000,1280,1532,0,22
14.000000,1392,1540,0,22
15.000000,1392,1540,0,22
16.000000,1384,1432,0,22
17.000000,1404,1440,0,22
18.000000,1424,1456,0,22
19.000000,1436,1480,0,22
20.000000,1448,1496,0,2
21.000000,1568,1520,0,2
22.000000,1579,1543,0,2
23.000000,1591,1570,0,2
24.000000,1693,1786,0,2
25.000000,1692,1771,0,2
26.000000,1478,1764,0,2
27.000000,1464,1733,0,2
28.000000,1485,1714,0,2
29.000000,1495,1698,0,2
30.000000,1535,1590,0,13
31.000000,1559,1590,0,13
32.000000,1591,1590,0,13
33.000000,1599,1589,0,13
34.000000,1576,1586,0,13
35.000000,1576,1583,0,13
36.000000,1575,1580,0,13
37.000000,1570,1580,0,13
38.000000,1550,1684,0,13
39.000000,1566,1579,0,13
40.000000,1582,1560,0,24
41.000000,1597,1541,0,24
42.000000,1710,1558,0,24
43.000000,1807,1562,0,24
44.000000,1770,1562,0,24
45.000000,1720,1578,0,24
46.000000,1686,1602,0,24
47.000000,1668,1602,0,24
48.000000,1668,1635,0,24
49.000000,1556,1542,0,24
50.000000,1544,1558,0,10
51.000000,1414,1582,0,10
52.000000,1384,1621,0,10
53.000000,1354,1722,0,10
54.000000,1338,1706,0,10
55.000000,1322,1690,0,10
56.000000,1330,1687,0,10
57.000000,1228,1807,0,10
58.000000,1230,1855,0,10
59.000000,1220,1771,0,10
60.000000,1208,1763,0,23
61.000000,1196,1747,0,23
62.000000,1168,1723,0,23
63.000000,1157,1602,0,23
64.000000,1161,1595,0,23
65.000000,1177,1606,0,23
66.000000,1168,1618,0,23
67.000000,1183,1638,0,23
68.000000,1189,1658,0,23
69.000000,1197,1780,0,23
70.000000,1197,1780,0,23
71.000000,1200,1656,0,23
72.000000,1203,1648,0,23
73.000000,1214,1640,0,23
74.000000,1225,1616,0,23
75.000000,1232,1608,0,23
76.000000,1240,1600,0,23
77.000000,1250,1566,0,23
78.000000,1282,1561,0,23
79.000000,1282,1565,0,23
80.000000,754,1670,0,3
81.000000,742,1569,0,3
82.000000,852,1566,0,3
83.000000,868,1563,0,3
84.000000,884,1557,0,3
85.000000,995,1554,0,3
86.000000,1014,1534,0,3
87.000000,1128,1531,0,3
88.000000,1128,1536,0,3
89.000000,1112,1541,0,3
90.000000,1096,1560,0,4
91.000000,1080,1579,0,4
92.000000,1064,1675,0,4
93.000000,1048,1667,0,4
94.000000,1032,1644,0,4
95.000000,1016,1621,0,4
96.000000,885,1612,0,4
97.000000,866,1609,0,4
98.000000,854,1613,0,4
99.000000,850,1617,0,4
100.000000,853,1627,0,12
101.000000,848,1518,0,12
102.000000,852,1480,0,12
103.000000,864,1458,0,12
104.000000,868,1436,0,12
105.000000,870,1424,0,12
106.000000,884,1424,0,12
107.000000,780,1424,0,12
108.000000,754,1412,0,12
109.000000,727,1400,0,12
110.000000,709,1262,0,5
111.000000,807,1228,0,5
112.000000,808,1212,0,5
113.000000,807,1196,0,5
114.000000,876,1198,0,5
115.000000,864,1206,0,5
116.000000,852,1217,0,5
117.000000,618,1217,0,5
118.000000,610,1209,0,5
119.000000,610,1197,0,5
120.000000,627,1177,0,12
121.000000,739,1157,0,12
122.000000,726,1137,0,12
123.000000,743,1121,0,12
124.000000,740,1125,0,12
125.000000,747,1135,0,12
126.000000,750,1135,0,12
127.000000,741,1134,0,12
128.000000,744,1134,0,12
129.000000,731,1134,0,12
130.000000,615,628,0,0
131.000000,732,638,0,0
132.000000,736,651,0,0
133.000000,727,661,0,0
134.000000,718,660,0,0
135.000000,708,672,0,0
136.000000,584,684,0,0
137.000000,573,1194,0,0
138.000000,544,1295,0,0
139.000000,532,1297,0,0
140.000000,520,1300,0,16
141.000000,516,1303,0,16
142.000000,528,1304,0,16
143.000000,526,1310,0,16
144.000000,496,1330,0,16
145.000000,496,1366,0,16
146.000000,516,1402,0,16
147.000000,536,1423,0,16
148.000000,556,1520,0,16
149.000000,576,1520,0,16
150.000000,596,1012,1,5
