0,player,unitTypes,unitCount,status,node1,node2
11.000000,1,[Striker],[8],0,7,-1
12.000000,1,[Striker],[8],0,7,-1
13.000000,1,[Striker],[8],1,7,3
13.000000,0,[Controller],[8],0,4,-1
14.000000,1,[Striker],[8],1,7,3
14.000000,0,[Tank],[8],1,4,6
14.000000,0,[Controller],[8],0,4,-1
14.000000,0,[Controller],[8],0,7,-1
15.000000,1,[Striker],[8],0,4,-1
15.000000,0,[Controller],[8],0,4,-1
15.000000,0,[Controller;Tank],[8;8],0,7,-1
16.000000,1,[Striker],[8],0,4,-1
16.000000,1,[Striker],[8],0,7,-1
16.000000,0,[Controller;Tank],[8;8],0,4,-1
16.000000,0,[Striker],[8],0,5,-1
16.000000,0,[Controller;Tank],[8;8],0,7,-1
17.000000,1,[Striker],[8],0,4,-1
17.000000,1,[Striker],[8],0,7,-1
17.000000,0,[Controller;Tank],[8;8],0,4,-1
17.000000,0,[Striker],[8],0,5,-1
17.000000,0,[Controller],[8],0,7,-1
18.000000,1,[Striker],[8],0,4,-1
18.000000,1,[Striker],[8],0,7,-1
18.000000,0,[Controller;Tank],[8;8],0,4,-1
18.000000,0,[Striker],[8],1,5,8
18.000000,0,[Controller],[8],0,7,-1
19.000000,1,[Striker],[8],0,4,-1
19.000000,1,[Tank],[12],0,5,-1
19.000000,0,[Tank],[8],0,4,-1
19.000000,0,[Striker],[8],1,5,8
19.000000,0,[Striker;Controller],[8;8],0,5,-1
19.000000,0,[Controller],[8],1,7,8
20.000000,1,[Striker],[5],0,4,-1
20.000000,1,[Tank],[12],1,5,1
20.000000,1,[Striker;Controller],[8;8],0,8,-1
20.000000,1,[Controller;Controller],[8;8],1,8,4
20.000000,0,[Tank],[12],1,2,4
20.000000,0,[Tank;Tank],[8;8],0,4,-1
20.000000,0,[Striker],[8],1,5,8
20.000000,0,[Striker],[8],1,5,7
20.000000,0,[Controller;Controller],[8;8],0,5,-1
20.000000,0,[Controller],[8],1,7,8
21.000000,1,[Striker],[2],0,4,-1
21.000000,1,[Tank],[12],1,5,1
21.000000,1,[Controller],[8],0,5,-1
21.000000,1,[Striker;Controller],[8;8],0,8,-1
21.000000,1,[Controller],[8],1,8,4
21.000000,0,[Tank],[12],1,2,4
21.000000,0,[Striker],[8],1,3,4
21.000000,0,[Controller],[8],1,4,2
21.000000,0,[Tank;Tank],[8;8],0,4,-1
21.000000,0,[Striker],[8],1,5,7
21.000000,0,[Controller;Controller],[8;8],0,5,-1
21.000000,0,[Striker],[8],0,9,-1
22.000000,1,[Tank],[12],1,5,1
22.000000,1,[Controller],[8],1,5,2
22.000000,1,[Controller],[8],0,5,-1
22.000000,1,[Striker],[8],1,7,2
22.000000,1,[Striker;Controller],[8;8],0,8,-1
22.000000,1,[Striker],[8],0,9,-1
22.000000,0,[Tank],[12],1,2,4
22.000000,0,[Controller;Striker],[8;8],0,5,-1
22.000000,0,[Controller],[8],1,5,2
22.000000,0,[Striker],[8],0,8,-1
23.000000,1,[Tank],[12],1,5,1
23.000000,1,[Controller],[8],1,5,2
23.000000,1,[Controller],[8],0,5,-1
23.000000,1,[Striker],[8],1,7,2
23.000000,1,[Striker;Controller],[8;8],0,8,-1
23.000000,0,[Tank],[12],1,2,4
23.000000,0,[Controller;Tank],[8;8],0,3,-1
23.000000,0,[Controller],[8],1,5,8
23.000000,0,[Controller],[8],1,5,2
23.000000,0,[Striker],[8],0,5,-1
23.000000,0,[Striker],[8],0,8,-1
24.000000,1,[Tank],[12],0,2,-1
24.000000,1,[Striker],[8],0,3,-1
24.000000,1,[Controller],[8],1,5,2
24.000000,1,[Controller],[8],0,5,-1
24.000000,1,[Striker;Controller],[8;8],0,8,-1
24.000000,0,[Tank],[8],0,3,-1
24.000000,0,[Controller],[8],1,5,8
24.000000,0,[Controller],[8],1,5,2
24.000000,0,[Striker],[8],1,5,1
24.000000,0,[Tank],[12],0,5,-1
24.000000,0,[Striker],[7],0,8,-1
25.000000,1,[Tank],[12],0,2,-1
25.000000,1,[Striker],[8],1,3,3
25.000000,1,[Controller],[8],1,5,2
25.000000,1,[Controller],[8],0,5,-1
25.000000,1,[Striker],[8],1,8,8
25.000000,1,[Controller],[8],0,8,-1
25.000000,1,[Tank],[8],0,9,-1
25.000000,0,[Tank],[8],1,3,4
25.000000,0,[Tank],[8],0,4,-1
25.000000,0,[Controller],[8],1,5,8
25.000000,0,[Controller],[8],1,5,2
25.000000,0,[Striker],[8],1,5,1
25.000000,0,[Tank],[12],1,5,7
25.000000,0,[Striker],[4],0,8,-1
25.000000,0,[Controller],[8],0,9,-1
26.000000,1,[Tank],[12],0,2,-1
26.000000,1,[Striker],[8],1,3,3
26.000000,1,[Controller],[8],1,5,2
26.000000,1,[Controller],[8],0,5,-1
26.000000,1,[Striker],[8],1,8,8
26.000000,1,[Controller],[8],0,8,-1
26.000000,1,[Tank;Controller],[8;8],0,9,-1
26.000000,0,[Striker],[8],0,2,-1
26.000000,0,[Tank],[8],1,3,4
26.000000,0,[Tank],[8],0,4,-1
26.000000,0,[Controller],[8],1,5,8
26.000000,0,[Controller],[8],1,5,2
26.000000,0,[Tank],[12],1,5,7
26.000000,0,[Striker],[2],0,8,-1
26.000000,0,[Controller],[8],0,9,-1
27.000000,1,[Tank],[12],0,2,-1
27.000000,1,[Striker],[8],0,4,-1
27.000000,1,[Controller],[8],1,5,2
27.000000,1,[Controller],[8],0,5,-1
27.000000,1,[Controller],[8],0,8,-1
27.000000,1,[Tank;Controller;Striker],[8;8;8],0,9,-1
27.000000,0,[Striker],[8],0,2,-1
27.000000,0,[Tank],[8],1,3,4
27.000000,0,[Tank],[8],0,4,-1
27.000000,0,[Controller],[8],1,5,8
27.000000,0,[Controller],[8],1,5,2
27.000000,0,[Tank],[12],1,5,7
28.000000,1,[Tank],[12],0,2,-1
28.000000,1,[Controller],[8],0,3,-1
28.000000,1,[Striker],[7],0,4,-1
28.000000,1,[Controller],[8],0,5,-1
28.000000,1,[Controller],[8],1,9,6
28.000000,1,[Striker],[8],0,9,-1
28.000000,0,[Striker],[8],0,2,-1
28.000000,0,[Controller],[8],1,3,6
28.000000,0,[Tank],[8],1,3,4
28.000000,0,[Controller],[8],0,3,-1
28.000000,0,[Tank],[8],0,4,-1
28.000000,0,[Controller],[8],1,5,8
28.000000,0,[Tank],[12],1,5,7
28.000000,0,[Striker],[8],1,7,2
28.000000,0,[Controller],[8],1,9,6
29.000000,1,[Tank],[12],1,2,4
29.000000,1,[Controller],[8],0,3,-1
29.000000,1,[Striker],[7],0,4,-1
29.000000,1,[Controller],[8],0,5,-1
29.000000,1,[Controller],[8],1,9,6
29.000000,1,[Striker],[8],0,9,-1
29.000000,0,[Controller],[8],1,3,6
29.000000,0,[Tank],[8],1,3,4
29.000000,0,[Controller;Striker],[8;8],0,3,-1
29.000000,0,[Tank],[8],0,4,-1
29.000000,0,[Tank],[12],0,8,-1
29.000000,0,[Controller],[8],1,9,6
29.000000,0,[Controller],[8],0,9,-1
30.000000,1,[Tank],[12],1,2,4
30.000000,1,[Controller],[8],0,3,-1
30.000000,1,[Striker],[5],0,4,-1
30.000000,1,[Controller],[8],0,5,-1
30.000000,0,[Tank],[8],1,3,4
30.000000,0,[Controller;Striker],[8;8],0,3,-1
30.000000,0,[Tank],[8],0,4,-1
30.000000,0,[Controller],[8],0,7,-1
30.000000,0,[Tank],[12],0,8,-1
30.000000,0,[Controller],[8],1,9,6
30.000000,0,[Controller],[8],1,9,5
31.000000,1,[Tank],[12],1,2,4
31.000000,1,[Controller],[8],1,3,5
31.000000,1,[Striker],[4],0,4,-1
31.000000,1,[Controller],[8],0,5,-1
31.000000,1,[Tank],[8],0,6,-1
31.000000,0,[Tank],[8],0,4,-1
31.000000,0,[Tank],[8],0,5,-1
31.000000,0,[Tank],[12],0,8,-1
31.000000,0,[Controller],[8],1,9,6
31.000000,0,[Controller],[8],1,9,5
32.000000,1,[Tank],[12],1,2,4
32.000000,1,[Controller],[8],1,3,5
32.000000,1,[Striker],[2],0,4,-1
32.000000,1,[Controller],[8],0,5,-1
32.000000,1,[Tank],[8],0,6,-1
32.000000,1,[Controller],[8],1,9,6
32.000000,1,[Striker],[8],1,9,5
32.000000,0,[Tank],[8],0,4,-1
32.000000,0,[Tank],[8],0,5,-1
33.000000,1,[Controller],[8],1,3,5
33.000000,1,[Controller;Tank],[8;12],0,5,-1
33.000000,1,[Tank],[8],1,6,2
33.000000,1,[Controller],[8],1,9,6
33.000000,1,[Striker],[8],1,9,5
33.000000,0,[Controller],[8],0,3,-1
33.000000,0,[Striker],[8],1,3,4
33.000000,0,[Tank],[8],0,5,-1
33.000000,0,[Controller],[8],0,6,-1
33.000000,0,[Controller],[8],1,7,2
33.000000,0,[Controller],[8],0,7,-1
34.000000,1,[Controller;Tank],[8;12],0,5,-1
34.000000,1,[Tank],[8],1,6,2
34.000000,1,[Controller;Striker],[8;8],0,6,-1
34.000000,1,[Controller],[8],0,7,-1
34.000000,0,[Controller],[8],0,3,-1
34.000000,0,[Striker],[8],1,3,4
34.000000,0,[Tank],[8],1,5,7
34.000000,0,[Controller],[8],0,6,-1
34.000000,0,[Controller],[8],1,7,2
34.000000,0,[Controller],[8],0,7,-1
35.000000,1,[Controller],[8],0,5,-1
35.000000,1,[Tank],[12],1,5,1
35.000000,1,[Tank;Controller],[8;8],1,6,2
35.000000,1,[Striker],[8],0,6,-1
35.000000,1,[Controller],[8],0,7,-1
35.000000,0,[Controller],[8],0,3,-1
35.000000,0,[Tank],[8],1,5,7
35.000000,0,[Striker],[8],0,5,-1
35.000000,0,[Controller],[8],0,6,-1
35.000000,0,[Controller],[8],1,7,2
35.000000,0,[Controller],[8],0,7,-1
36.000000,1,[Tank],[8],0,3,-1
36.000000,1,[Controller],[8],1,5,7
36.000000,1,[Tank],[12],1,5,1
36.000000,1,[Controller],[8],1,6,2
36.000000,1,[Striker],[8],0,6,-1
36.000000,1,[Controller],[8],1,7,8
36.000000,0,[Controller],[8],0,3,-1
36.000000,0,[Controller],[8],0,6,-1
36.000000,0,[Tank],[12],0,9,-1
37.000000,1,[Tank],[8],0,3,-1
37.000000,1,[Controller],[8],1,5,7
37.000000,1,[Tank],[12],1,5,1
37.000000,1,[Controller],[8],1,7,8
37.000000,1,[Tank],[8],0,10,-1
37.000000,0,[Controller;Controller],[8;8],0,3,-1
37.000000,0,[Controller],[8],1,6,8
37.000000,0,[Tank],[12],1,9,9
38.000000,1,[Tank;Controller],[8;8],0,3,-1
38.000000,1,[Controller],[8],1,5,7
38.000000,1,[Tank],[12],1,5,1
38.000000,1,[Striker],[8],0,6,-1
38.000000,1,[Tank],[8],0,10,-1
38.000000,0,[Tank],[8],0,2,-1
38.000000,0,[Controller],[8],1,3,5
38.000000,0,[Controller],[8],0,3,-1
38.000000,0,[Controller],[8],1,6,8
38.000000,0,[Tank],[8],0,8,-1
38.000000,0,[Tank],[12],1,9,9
39.000000,1,[Tank],[12],0,2,-1
39.000000,1,[Tank],[8],0,3,-1
39.000000,1,[Controller],[8],1,3,3
39.000000,1,[Controller],[8],1,5,7
39.000000,1,[Striker],[8],0,6,-1
39.000000,0,[Tank],[8],1,2,2
39.000000,0,[Controller;Controller],[8;8],1,3,5
39.000000,0,[Tank;Striker],[8;8],0,4,-1
39.000000,0,[Controller],[8],1,6,8
39.000000,0,[Controller],[8],1,7,8
39.000000,0,[Tank],[8],0,8,-1
39.000000,0,[Tank],[12],1,9,9
40.000000,1,[Tank],[12],0,2,-1
40.000000,1,[Tank],[8],1,3,4
40.000000,1,[Controller],[8],1,3,3
40.000000,1,[Striker],[8],0,6,-1
40.000000,1,[Controller],[8],0,8,-1
40.000000,0,[Tank;Striker],[8;8],0,4,-1
40.000000,0,[Striker],[8],0,5,-1
40.000000,0,[Controller],[8],1,7,8
40.000000,0,[Tank],[8],0,8,-1
40.000000,0,[Tank],[12],1,9,9
40.000000,0,[Controller],[8],0,9,-1
41.000000,1,[Tank],[12],0,2,-1
41.000000,1,[Tank],[8],1,3,4
41.000000,1,[Controller],[8],1,3,3
41.000000,1,[Striker],[8],1,6,2
41.000000,1,[Controller],[8],1,8,4
41.000000,0,[Tank],[8],1,2,2
41.000000,0,[Tank],[8],0,4,-1
41.000000,0,[Striker],[8],1,4,2
41.000000,0,[Striker],[8],0,5,-1
41.000000,0,[Controller],[8],1,7,8
41.000000,0,[Tank],[8],0,8,-1
41.000000,0,[Controller],[8],0,9,-1
41.000000,0,[Tank],[12],0,10,-1
42.000000,1,[Tank],[12],0,2,-1
42.000000,1,[Tank],[8],1,3,4
42.000000,1,[Controller],[8],1,3,3
42.000000,1,[Striker],[8],1,6,2
42.000000,1,[Controller],[8],1,8,4
42.000000,1,[Controller],[8],0,9,-1
42.000000,0,[Tank],[8],1,2,2
42.000000,0,[Striker],[8],1,4,2
42.000000,0,[Striker],[8],0,5,-1
42.000000,0,[Controller],[8],1,7,8
42.000000,0,[Tank],[8],0,8,-1
42.000000,0,[Controller],[8],0,9,-1
42.000000,0,[Tank],[12],1,10,6
43.000000,1,[Tank],[12],0,2,-1
43.000000,1,[Tank],[8],1,3,4
43.000000,1,[Striker],[8],0,3,-1
43.000000,1,[Controller],[8],0,4,-1
43.000000,1,[Tank],[8],0,7,-1
43.000000,1,[Controller],[8],1,8,4
43.000000,1,[Striker],[8],0,8,-1
43.000000,1,[Controller],[8],1,9,5
43.000000,0,[Tank;Striker],[8;8],0,3,-1
43.000000,0,[Striker],[8],0,5,-1
43.000000,0,[Controller;Controller],[8;8],0,6,-1
43.000000,0,[Tank],[8],0,8,-1
43.000000,0,[Tank],[12],1,10,6
44.000000,1,[Tank],[12],0,2,-1
44.000000,1,[Tank],[8],1,3,4
44.000000,1,[Striker],[6],0,3,-1
44.000000,1,[Controller],[8],0,4,-1
44.000000,1,[Tank],[8],0,7,-1
44.000000,1,[Controller],[8],1,8,4
44.000000,1,[Striker],[8],0,8,-1
44.000000,1,[Controller],[8],1,9,5
44.000000,0,[Tank],[8],1,3,1
44.000000,0,[Striker],[8],0,3,-1
44.000000,0,[Striker],[8],0,5,-1
44.000000,0,[Controller],[8],0,6,-1
44.000000,0,[Controller],[8],1,6,2
44.000000,0,[Tank],[8],0,8,-1
44.000000,0,[Tank],[12],1,10,6
45.000000,1,[Tank],[12],1,2,2
45.000000,1,[Striker],[4],0,3,-1
45.000000,1,[Controller],[8],0,4,-1
45.000000,1,[Tank],[8],0,7,-1
45.000000,1,[Striker],[8],0,8,-1
45.000000,1,[Controller],[8],1,9,5
45.000000,0,[Striker],[8],0,3,-1
45.000000,0,[Controller],[8],0,6,-1
45.000000,0,[Controller],[8],1,6,2
45.000000,0,[Tank],[8],0,8,-1
45.000000,0,[Tank],[12],1,10,6
46.000000,1,[Tank],[12],1,2,2
46.000000,1,[Controller],[8],0,4,-1
46.000000,1,[Controller;Tank],[8;8],0,5,-1
46.000000,1,[Controller],[8],0,6,-1
46.000000,1,[Tank],[8],0,7,-1
46.000000,1,[Striker],[8],0,8,-1
46.000000,0,[Striker],[8],1,3,4
46.000000,0,[Controller],[8],0,6,-1
46.000000,0,[Controller],[8],1,6,2
46.000000,0,[Tank],[12],0,7,-1
46.000000,0,[Tank],[8],0,8,-1
47.000000,1,[Tank],[12],1,2,2
47.000000,1,[Controller],[8],0,4,-1
47.000000,1,[Controller;Tank],[8;8],0,5,-1
47.000000,1,[Controller],[8],0,6,-1
47.000000,1,[Tank],[8],1,7,8
47.000000,1,[Striker],[8],0,8,-1
47.000000,1,[Controller],[8],0,10,-1
47.000000,0,[Striker],[8],1,3,4
47.000000,0,[Controller],[8],0,3,-1
47.000000,0,[Striker],[8],1,5,8
47.000000,0,[Controller],[8],0,6,-1
47.000000,0,[Tank],[8],0,8,-1
47.000000,0,[Controller],[8],1,9,9
47.000000,0,[Controller],[8],0,9,-1
48.000000,1,[Tank],[12],1,2,2
48.000000,1,[Controller],[8],1,4,2
48.000000,1,[Controller],[8],1,5,8
48.000000,1,[Tank],[8],0,5,-1
48.000000,1,[Controller],[8],0,6,-1
48.000000,1,[Tank],[8],1,7,8
48.000000,1,[Striker],[8],0,8,-1
48.000000,1,[Controller],[8],0,10,-1
48.000000,0,[Striker],[8],1,3,4
48.000000,0,[Controller],[8],0,3,-1
48.000000,0,[Controller],[8],0,6,-1
48.000000,0,[Tank],[8],0,8,-1
48.000000,0,[Controller],[8],1,9,5
48.000000,0,[Striker],[8],0,9,-1
48.000000,0,[Controller],[8],0,10,-1
49.000000,1,[Tank],[12],0,3,-1
49.000000,1,[Controller],[8],1,4,2
49.000000,1,[Controller],[8],1,5,8
49.000000,1,[Tank],[8],1,5,7
49.000000,1,[Controller],[8],0,6,-1
49.000000,1,[Tank],[8],1,7,8
49.000000,1,[Striker],[8],0,8,-1
49.000000,1,[Controller],[8],0,10,-1
49.000000,0,[Controller;Striker],[8;8],0,3,-1
49.000000,0,[Controller],[8],0,6,-1
49.000000,0,[Tank],[7],0,8,-1
49.000000,0,[Controller],[8],1,9,5
49.000000,0,[Striker],[8],0,9,-1
50.000000,1,[Tank],[12],1,3,6
50.000000,1,[Controller],[8],1,4,2
50.000000,1,[Controller],[8],0,6,-1
50.000000,1,[Striker],[8],0,8,-1
50.000000,1,[Controller],[8],0,10,-1
50.000000,0,[Controller;Striker],[8;8],0,3,-1
50.000000,0,[Controller],[8],0,6,-1
50.000000,0,[Tank],[12],1,7,9
50.000000,0,[Tank],[7],0,8,-1
50.000000,0,[Controller],[8],1,9,5
50.000000,0,[Striker],[8],1,9,7
50.000000,0,[Controller],[8],1,10,6
51.000000,1,[Tank],[12],1,3,6
51.000000,1,[Controller],[8],1,4,2
51.000000,1,[Tank],[8],1,5,7
51.000000,1,[Controller],[8],0,6,-1
51.000000,1,[Controller],[8],1,10,6
51.000000,0,[Striker],[8],0,3,-1
51.000000,0,[Controller;Controller],[8;8],0,6,-1
51.000000,0,[Tank],[12],1,7,9
51.000000,0,[Tank],[6],0,8,-1
51.000000,0,[Striker],[8],1,9,7
51.000000,0,[Controller],[8],1,10,6
52.000000,1,[Tank],[12],1,3,6
52.000000,1,[Controller],[8],0,3,-1
52.000000,1,[Controller],[8],1,5,8
52.000000,1,[Tank],[8],1,5,7
52.000000,1,[Controller],[8],0,6,-1
52.000000,1,[Tank],[8],1,7,8
52.000000,1,[Striker],[8],1,8,8
52.000000,1,[Controller],[8],1,10,6
52.000000,0,[Striker],[8],0,3,-1
52.000000,0,[Controller;Controller],[8;8],0,6,-1
52.000000,0,[Tank],[12],1,7,9
52.000000,0,[Tank],[6],1,8,8
52.000000,0,[Striker],[8],0,8,-1
52.000000,0,[Controller],[8],1,10,6
53.000000,1,[Tank],[12],1,3,6
53.000000,1,[Controller],[8],0,3,-1
53.000000,1,[Controller],[8],1,5,8
53.000000,1,[Controller],[8],0,6,-1
53.000000,1,[Tank;Tank],[8;8],0,8,-1
53.000000,1,[Tank;Striker],[8;8],0,9,-1
53.000000,1,[Controller],[8],1,10,6
53.000000,0,[Striker],[8],0,3,-1
53.000000,0,[Controller;Controller],[8;8],0,6,-1
53.000000,0,[Controller],[8],0,7,-1
53.000000,0,[Tank],[6],1,8,8
53.000000,0,[Striker],[8],0,8,-1
53.000000,0,[Tank],[12],0,10,-1
54.000000,1,[Tank],[12],1,3,6
54.000000,1,[Controller],[7],1,3,3
54.000000,1,[Controller],[7],0,6,-1
54.000000,1,[Tank;Tank],[8;8],0,8,-1
54.000000,1,[Tank;Striker;Controller],[8;8;8],0,9,-1
54.000000,1,[Controller],[8],1,10,6
54.000000,0,[Controller;Controller],[8;8],0,6,-1
54.000000,0,[Controller],[8],0,7,-1
54.000000,0,[Tank],[6],1,8,8
54.000000,0,[Striker],[8],0,8,-1
54.000000,0,[Tank],[12],0,10,-1
55.000000,1,[Tank],[12],1,3,6
55.000000,1,[Controller],[7],1,3,3
55.000000,1,[Controller],[5],1,6,2
55.000000,1,[Controller],[8],0,7,-1
55.000000,1,[Tank;Tank],[8;8],0,8,-1
55.000000,1,[Tank;Striker;Controller],[8;8;8],0,9,-1
55.000000,0,[Striker],[8],0,3,-1
55.000000,0,[Tank],[8],0,4,-1
55.000000,0,[Controller],[8],0,7,-1
55.000000,0,[Tank],[6],1,8,8
55.000000,0,[Striker],[7],0,8,-1
55.000000,0,[Tank],[12],0,10,-1
56.000000,1,[Controller],[7],1,3,3
56.000000,1,[Controller],[5],1,6,2
56.000000,1,[Controller;Tank],[8;12],0,7,-1
56.000000,1,[Tank;Tank],[8;8],0,8,-1
56.000000,1,[Tank;Striker;Controller],[8;8;8],0,9,-1
56.000000,0,[Striker],[8],0,3,-1
56.000000,0,[Tank],[8],0,4,-1
56.000000,0,[Controller],[8],0,7,-1
56.000000,0,[Striker],[6],0,8,-1
56.000000,0,[Tank],[6],0,9,-1
56.000000,0,[Tank],[12],0,10,-1
57.000000,1,[Controller],[7],1,3,3
57.000000,1,[Controller],[5],1,6,2
57.000000,1,[Controller;Tank],[8;12],0,7,-1
57.000000,1,[Tank;Tank],[8;8],0,8,-1
57.000000,1,[Tank;Controller],[8;8],0,9,-1
57.000000,1,[Striker],[8],1,9,5
57.000000,0,[Striker],[8],0,3,-1
57.000000,0,[Tank],[8],0,4,-1
57.000000,0,[Controller;Controller],[8;8],0,6,-1
57.000000,0,[Controller],[8],0,7,-1
57.000000,0,[Striker],[4],0,8,-1
57.000000,0,[Tank],[4],0,9,-1
57.000000,0,[Tank],[12],0,10,-1
58.000000,1,[Controller],[5],0,3,-1
58.000000,1,[Controller],[7],0,4,-1
58.000000,1,[Controller],[8],1,7,8
58.000000,1,[Tank],[12],0,7,-1
58.000000,1,[Tank;Tank],[8;8],0,8,-1
58.000000,1,[Tank],[8],1,9,4
58.000000,1,[Striker],[8],1,9,5
58.000000,1,[Controller],[8],1,9,7
58.000000,0,[Striker],[8],0,3,-1
58.000000,0,[Tank],[8],0,4,-1
58.000000,0,[Tank],[8],1,5,7
58.000000,0,[Controller],[8],0,5,-1
58.000000,0,[Controller;Controller],[8;8],0,6,-1
58.000000,0,[Controller],[7],0,7,-1
58.000000,0,[Tank],[1],0,9,-1
58.000000,0,[Tank],[12],0,10,-1
59.000000,1,[Controller],[4],0,3,-1
59.000000,1,[Controller],[7],0,4,-1
59.000000,1,[Striker],[8],0,6,-1
59.000000,1,[Controller],[8],1,7,8
59.000000,1,[Tank],[12],0,7,-1
59.000000,1,[Tank],[8],0,8,-1
59.000000,1,[Tank],[8],1,9,4
59.000000,1,[Controller],[8],1,9,7
59.000000,0,[Striker],[8],0,3,-1
59.000000,0,[Tank],[8],0,4,-1
59.000000,0,[Tank],[8],1,5,7
59.000000,0,[Controller],[8],0,5,-1
59.000000,0,[Controller;Controller],[8;8],0,6,-1
59.000000,0,[Controller],[6],0,7,-1
59.000000,0,[Tank],[1],0,9,-1
59.000000,0,[Tank],[12],0,10,-1
60.000000,1,[Controller],[3],0,3,-1
60.000000,1,[Controller],[6],0,4,-1
60.000000,1,[Striker],[8],0,6,-1
60.000000,1,[Tank],[12],0,7,-1
60.000000,1,[Tank],[8],0,8,-1
60.000000,0,[Striker],[8],0,3,-1
60.000000,0,[Tank],[8],0,4,-1
60.000000,0,[Tank],[8],1,5,7
60.000000,0,[Controller],[8],0,5,-1
60.000000,0,[Controller;Controller],[8;8],0,6,-1
60.000000,0,[Controller],[5],0,7,-1
60.000000,0,[Tank],[1],1,9,5
60.000000,0,[Tank],[12],0,10,-1
61.000000,1,[Controller],[1],0,3,-1
61.000000,1,[Controller],[6],0,4,-1
61.000000,1,[Striker],[6],0,6,-1
61.000000,1,[Controller],[8],1,7,8
61.000000,1,[Tank],[12],0,7,-1
61.000000,1,[Tank],[8],1,8,4
61.000000,1,[Tank],[8],1,9,4
61.000000,1,[Controller],[8],1,9,7
61.000000,0,[Striker],[8],0,3,-1
61.000000,0,[Tank],[8],1,4,2
61.000000,0,[Tank],[8],1,5,7
61.000000,0,[Controller],[8],0,5,-1
61.000000,0,[Controller],[8],1,6,8
61.000000,0,[Controller],[8],0,6,-1
61.000000,0,[Controller],[4],0,7,-1
61.000000,0,[Tank],[1],1,9,5
62.000000,1,[Controller],[6],1,4,6
62.000000,1,[Striker],[6],0,6,-1
62.000000,1,[Controller],[8],1,7,8
62.000000,1,[Tank],[12],0,7,-1
62.000000,1,[Controller],[8],0,8,-1
62.000000,0,[Controller],[8],1,5,8
62.000000,0,[Controller],[8],1,6,8
62.000000,0,[Controller],[8],0,6,-1
62.000000,0,[Controller],[3],0,7,-1
62.000000,0,[Tank],[8],0,8,-1
62.000000,0,[Tank],[1],1,9,5
63.000000,1,[Controller],[6],1,4,6
63.000000,1,[Striker],[5],0,6,-1
63.000000,1,[Controller],[8],1,7,8
63.000000,1,[Tank],[12],0,7,-1
63.000000,1,[Tank],[8],1,9,4
63.000000,0,[Controller],[8],1,5,8
63.000000,0,[Controller],[8],1,6,8
63.000000,0,[Controller;Tank],[8;1],0,6,-1
63.000000,0,[Controller],[2],0,7,-1
63.000000,0,[Tank],[8],1,8,4
64.000000,1,[Controller],[6],1,4,6
64.000000,1,[Tank],[8],0,5,-1
64.000000,1,[Striker],[2],0,6,-1
64.000000,1,[Tank],[12],1,7,8
64.000000,1,[Controller],[8],0,9,-1
64.000000,0,[Controller],[8],1,5,8
64.000000,0,[Controller;Tank],[7;1],0,6,-1
64.000000,0,[Tank],[8],1,8,4
64.000000,0,[Controller],[8],0,9,-1
65.000000,1,[Controller],[6],1,4,6
65.000000,1,[Tank;Tank],[8;8],0,5,-1
65.000000,1,[Tank],[12],1,7,8
65.000000,1,[Controller],[8],0,9,-1
65.000000,0,[Controller],[8],1,5,8
65.000000,0,[Tank],[8],1,8,4
65.000000,0,[Controller],[8],1,9,6
66.000000,1,[Tank],[8],0,5,-1
66.000000,1,[Tank],[8],1,5,2
66.000000,1,[Tank],[12],1,7,8
66.000000,1,[Controller],[6],0,7,-1
66.000000,1,[Controller],[8],0,9,-1
66.000000,0,[Controller],[8],1,5,8
66.000000,0,[Tank],[8],1,8,4
66.000000,0,[Controller],[8],1,9,6
67.000000,1,[Tank],[8],0,5,-1
67.000000,1,[Tank],[8],1,5,2
67.000000,1,[Tank],[12],1,7,8
67.000000,1,[Controller],[6],1,7,3
67.000000,1,[Controller],[8],1,9,5
67.000000,0,[Tank],[8],1,3,5
67.000000,0,[Controller],[8],1,5,8
67.000000,0,[Tank],[8],0,5,-1
67.000000,0,[Controller;Tank],[7;1],0,6,-1
67.000000,0,[Tank],[12],1,10,8
68.000000,1,[Tank;Controller],[8;8],0,5,-1
68.000000,1,[Tank],[8],1,5,2
68.000000,1,[Tank],[12],1,7,8
68.000000,1,[Controller],[6],1,7,3
68.000000,1,[Controller],[8],1,9,5
68.000000,0,[Tank],[8],1,3,5
68.000000,0,[Tank],[8],0,5,-1
68.000000,0,[Controller;Tank],[7;1],0,6,-1
68.000000,0,[Controller],[8],0,9,-1
68.000000,0,[Tank],[12],1,10,8
69.000000,1,[Tank;Controller],[8;8],0,5,-1
69.000000,1,[Tank],[8],1,5,2
69.000000,1,[Tank],[12],1,7,8
69.000000,1,[Controller],[6],1,7,3
69.000000,1,[Controller],[8],1,9,5
69.000000,0,[Controller;Tank;Tank],[7;1;8],0,6,-1
69.000000,0,[Controller;Tank],[8;12],0,9,-1
70.000000,1,[Tank;Controller],[8;8],0,5,-1
70.000000,1,[Tank],[8],1,5,2
70.000000,1,[Controller],[8],0,6,-1
70.000000,1,[Controller],[6],1,7,3
70.000000,1,[Tank],[12],0,9,-1
70.000000,0,[Controller],[7],1,6,8
70.000000,0,[Tank;Tank],[1;8],0,6,-1
70.000000,0,[Controller;Tank],[8;12],0,9,-1
71.000000,1,[Controller],[6],0,4,-1
71.000000,1,[Tank;Controller],[8;8],0,5,-1
71.000000,1,[Tank],[8],1,5,2
71.000000,1,[Controller],[8],1,6,8
71.000000,0,[Controller;Tank],[8;12],0,9,-1
72.000000,1,[Tank],[8],0,3,-1
72.000000,1,[Controller],[6],0,4,-1
72.000000,1,[Tank;Controller],[8;8],0,5,-1
72.000000,1,[Controller],[8],1,6,8
72.000000,0,[Controller;Tank],[8;12],0,9,-1
73.000000,1,[Tank],[8],0,3,-1
73.000000,1,[Controller],[6],1,4,6
73.000000,1,[Tank;Controller],[8;8],0,5,-1
73.000000,1,[Controller],[8],1,6,8
73.000000,1,[Tank],[8],0,10,-1
73.000000,0,[Controller],[8],1,7,9
73.000000,0,[Controller;Controller],[8;7],0,9,-1
73.000000,0,[Tank],[12],1,9,6
74.000000,1,[Tank],[8],1,3,5
74.000000,1,[Controller],[6],1,4,6
74.000000,1,[Tank;Controller],[8;8],0,5,-1
74.000000,1,[Controller],[8],0,9,-1
74.000000,1,[Tank],[8],0,10,-1
74.000000,0,[Tank],[1],0,6,-1
74.000000,0,[Controller],[8],1,7,9
74.000000,0,[Controller],[8],1,9,9
74.000000,0,[Tank],[12],1,9,6
74.000000,0,[Controller],[7],0,9,-1
75.000000,1,[Tank],[8],1,3,5
75.000000,1,[Controller],[6],1,4,6
75.000000,1,[Tank],[8],0,5,-1
75.000000,1,[Controller],[8],1,5,8
75.000000,1,[Controller],[8],0,9,-1
75.000000,1,[Tank],[8],0,10,-1
75.000000,0,[Tank],[1],0,6,-1
75.000000,0,[Controller],[8],1,7,9
75.000000,0,[Controller;Controller],[8;7],1,9,9
75.000000,0,[Tank],[12],1,9,6
76.000000,1,[Tank],[8],1,3,5
76.000000,1,[Controller],[6],1,4,6
76.000000,1,[Tank],[8],0,5,-1
76.000000,1,[Controller],[8],1,5,8
76.000000,1,[Controller],[8],0,9,-1
76.000000,0,[Tank],[1],0,6,-1
76.000000,0,[Tank],[12],1,9,6
77.000000,1,[Tank],[8],0,5,-1
77.000000,1,[Controller],[8],1,5,8
77.000000,1,[Tank],[8],0,6,-1
77.000000,1,[Controller],[6],0,7,-1
77.000000,1,[Controller],[8],0,9,-1
77.000000,0,[Tank],[1],0,6,-1
77.000000,0,[Tank],[12],1,9,6
78.000000,1,[Tank],[8],1,5,1
78.000000,1,[Controller],[8],1,5,8
78.000000,1,[Tank],[8],0,6,-1
78.000000,1,[Controller],[6],1,7,2
78.000000,0,[Striker;Tank],[8;8],0,2,-1
78.000000,0,[Tank],[8],0,3,-1
78.000000,0,[Tank],[1],0,6,-1
79.000000,1,[Tank],[8],1,5,1
79.000000,1,[Controller],[8],1,5,8
79.000000,1,[Tank],[8],0,6,-1
79.000000,1,[Controller],[6],1,7,2
79.000000,0,[Striker;Tank],[8;8],0,2,-1
79.000000,0,[Tank],[8],1,3,4
80.000000,1,[Tank],[8],1,5,1
80.000000,1,[Controller],[8],1,5,8
80.000000,1,[Tank],[8],0,6,-1
80.000000,1,[Controller],[6],1,7,2
80.000000,0,[Striker;Tank],[8;8],0,2,-1
80.000000,0,[Tank],[8],1,3,4
81.000000,1,[Tank],[8],1,5,1
81.000000,1,[Tank],[8],1,6,8
81.000000,1,[Controller],[6],1,7,2
81.000000,1,[Controller],[8],0,9,-1
81.000000,0,[Striker],[8],0,2,-1
81.000000,0,[Tank],[8],1,3,4
82.000000,1,[Tank],[8],0,2,-1
82.000000,1,[Tank],[8],1,6,8
82.000000,1,[Controller],[6],1,7,2
82.000000,1,[Controller],[8],0,9,-1
82.000000,0,[Tank],[8],1,3,4
83.000000,1,[Tank],[8],0,2,-1
83.000000,1,[Tank],[8],1,6,8
83.000000,1,[Controller],[6],1,7,2
83.000000,1,[Controller],[8],1,9,6
83.000000,0,[Tank],[8],1,3,4
83.000000,0,[Tank],[12],1,7,8
84.000000,1,[Tank],[8],1,2,0
84.000000,1,[Controller],[6],0,3,-1
84.000000,1,[Controller],[8],1,9,6
84.000000,1,[Tank],[8],0,9,-1
84.000000,1,[Tank],[8],0,11,-1
84.000000,0,[Tank],[8],1,3,4
84.000000,0,[Tank],[12],1,7,8
85.000000,1,[Tank],[8],1,2,0
85.000000,1,[Controller],[6],0,3,-1
85.000000,1,[Controller],[8],1,9,6
85.000000,1,[Tank],[8],1,9,5
85.000000,1,[Tank],[8],0,11,-1
85.000000,0,[Striker],[8],0,1,-1
85.000000,0,[Tank],[8],0,5,-1
85.000000,0,[Tank],[12],1,7,8
86.000000,1,[Tank],[8],1,2,0
86.000000,1,[Controller],[6],0,3,-1
86.000000,1,[Tank],[12],0,5,-1
86.000000,1,[Controller],[8],1,9,6
86.000000,1,[Tank],[8],1,9,5
86.000000,1,[Tank],[8],0,11,-1
86.000000,0,[Striker],[8],0,1,-1
86.000000,0,[Tank],[8],0,5,-1
86.000000,0,[Controller],[8],0,7,-1
86.000000,0,[Tank],[12],0,9,-1
87.000000,1,[Tank],[8],1,2,0
87.000000,1,[Controller],[6],0,3,-1
87.000000,1,[Controller],[8],1,9,6
87.000000,1,[Tank],[8],1,9,5
87.000000,1,[Tank],[8],0,11,-1
87.000000,0,[Striker;Tank],[8;8],0,1,-1
87.000000,0,[Tank],[8],1,5,8
87.000000,0,[Controller],[8],0,7,-1
87.000000,0,[Tank],[12],0,9,-1
88.000000,1,[Tank],[8],1,2,0
88.000000,1,[Controller],[6],0,3,-1
88.000000,1,[Tank],[8],0,6,-1
88.000000,1,[Controller],[8],1,9,6
88.000000,1,[Tank],[8],0,11,-1
88.000000,0,[Striker;Tank],[8;8],0,1,-1
88.000000,0,[Tank],[8],1,5,8
88.000000,0,[Controller;Striker],[8;8],0,7,-1
88.000000,0,[Tank],[12],0,9,-1
89.000000,1,[Tank],[8],1,2,0
89.000000,1,[Controller],[6],0,3,-1
89.000000,1,[Tank],[8],0,6,-1
89.000000,1,[Controller],[8],0,7,-1
89.000000,1,[Tank;Controller],[8;8],0,11,-1
89.000000,0,[Striker;Tank],[8;8],0,1,-1
89.000000,0,[Tank],[8],1,5,8
89.000000,0,[Controller;Striker],[8;8],0,7,-1
89.000000,0,[Tank],[12],1,9,5
90.000000,1,[Tank],[8],0,1,-1
90.000000,1,[Controller],[6],0,3,-1
90.000000,1,[Tank],[8],0,6,-1
90.000000,1,[Controller],[7],0,7,-1
90.000000,1,[Controller],[8],0,11,-1
90.000000,0,[Striker;Tank],[8;8],0,1,-1
90.000000,0,[Tank],[8],1,5,8
90.000000,0,[Controller],[8],0,7,-1
90.000000,0,[Tank],[12],1,9,5
90.000000,0,[Controller],[8],0,11,-1
91.000000,1,[Tank],[8],1,1,1
91.000000,1,[Controller],[6],0,3,-1
91.000000,1,[Tank],[8],0,6,-1
91.000000,1,[Controller],[6],0,7,-1
91.000000,1,[Controller],[8],0,11,-1
91.000000,0,[Tank],[8],1,5,8
91.000000,0,[Controller],[8],0,7,-1
91.000000,0,[Tank],[12],1,9,5
91.000000,0,[Controller],[8],0,11,-1
92.000000,1,[Tank],[8],1,1,1
92.000000,1,[Tank],[8],0,6,-1
92.000000,1,[Controller],[6],0,7,-1
92.000000,1,[Controller],[8],0,11,-1
92.000000,0,[Tank],[8],1,5,8
92.000000,0,[Tank],[12],0,6,-1
92.000000,0,[Controller],[8],0,7,-1
92.000000,0,[Controller],[8],0,11,-1
93.000000,1,[Tank],[8],1,1,1
93.000000,1,[Tank],[8],0,6,-1
93.000000,1,[Controller],[4],0,7,-1
93.000000,1,[Controller],[8],0,11,-1
93.000000,0,[Striker],[8],0,4,-1
93.000000,0,[Tank],[12],0,6,-1
93.000000,0,[Controller],[8],0,7,-1
93.000000,0,[Tank],[8],0,9,-1
93.000000,0,[Controller],[8],0,11,-1
94.000000,1,[Tank],[8],1,1,1
94.000000,1,[Tank],[8],0,6,-1
94.000000,1,[Controller],[3],0,7,-1
94.000000,1,[Controller],[8],0,11,-1
94.000000,0,[Tank],[12],0,6,-1
94.000000,0,[Controller],[8],0,7,-1
94.000000,0,[Tank],[8],0,9,-1
94.000000,0,[Controller],[8],0,11,-1
95.000000,1,[Tank],[8],1,1,1
95.000000,1,[Tank],[8],0,6,-1
95.000000,1,[Controller],[2],0,7,-1
95.000000,1,[Controller],[8],0,11,-1
95.000000,0,[Tank],[12],0,6,-1
95.000000,0,[Controller],[8],1,7,8
95.000000,0,[Tank],[8],1,9,5
95.000000,0,[Controller],[8],0,11,-1
96.000000,1,[Tank],[8],1,1,1
96.000000,1,[Controller],[2],0,7,-1
96.000000,1,[Controller],[8],0,11,-1
96.000000,0,[Controller],[8],1,7,8
96.000000,0,[Controller],[8],0,11,-1
97.000000,1,[Tank],[8],0,2,-1
97.000000,1,[Controller],[6],0,4,-1
97.000000,1,[Controller],[2],1,7,3
97.000000,1,[Controller],[8],0,11,-1
97.000000,0,[Controller],[8],0,11,-1
98.000000,1,[Tank],[8],0,2,-1
98.000000,1,[Controller],[6],0,4,-1
98.000000,1,[Tank],[8],1,6,2
98.000000,1,[Controller],[2],1,7,3
98.000000,1,[Controller],[8],0,11,-1
98.000000,0,[Controller],[8],0,11,-1
99.000000,1,[Tank],[8],0,2,-1
99.000000,1,[Tank],[8],0,3,-1
99.000000,1,[Controller],[6],0,4,-1
99.000000,1,[Controller],[2],1,7,3
99.000000,1,[Controller],[8],0,11,-1
99.000000,0,[Controller],[8],0,11,-1
100.000000,1,[Tank],[8],0,2,-1
100.000000,1,[Tank],[8],0,3,-1
100.000000,1,[Controller],[6],0,4,-1
100.000000,1,[Controller],[2],1,7,3
100.000000,1,[Controller],[8],0,11,-1
100.000000,0,[Striker],[8],0,2,-1
100.000000,0,[Tank],[8],0,4,-1
100.000000,0,[Controller],[7],0,11,-1
101.000000,1,[Tank],[8],0,2,-1
101.000000,1,[Tank],[8],0,3,-1
101.000000,1,[Controller;Controller],[5;2],0,4,-1
101.000000,1,[Controller],[8],0,11,-1
101.000000,0,[Striker],[8],0,2,-1
101.000000,0,[Tank],[12],0,3,-1
101.000000,0,[Tank],[8],0,4,-1
101.000000,0,[Controller],[8],0,9,-1
101.000000,0,[Controller],[7],0,11,-1
102.000000,1,[Tank],[8],0,2,-1
102.000000,1,[Tank],[8],0,3,-1
102.000000,1,[Controller;Controller],[3;2],0,4,-1
102.000000,1,[Tank],[8],1,8,8
102.000000,1,[Controller],[7],0,11,-1
102.000000,0,[Striker],[8],0,2,-1
102.000000,0,[Tank],[12],0,3,-1
102.000000,0,[Tank],[8],0,4,-1
102.000000,0,[Controller],[8],1,9,7
102.000000,0,[Controller],[4],0,11,-1
103.000000,1,[Tank],[8],1,2,0
103.000000,1,[Tank],[8],0,3,-1
103.000000,1,[Controller;Controller],[3;1],0,4,-1
103.000000,1,[Tank],[8],1,8,8
103.000000,1,[Controller],[6],0,11,-1
103.000000,0,[Striker],[8],0,1,-1
103.000000,0,[Tank],[12],0,3,-1
103.000000,0,[Tank],[8],0,4,-1
103.000000,0,[Controller],[8],1,9,7
103.000000,0,[Controller],[4],0,11,-1
104.000000,1,[Tank],[8],1,2,0
104.000000,1,[Tank],[8],0,3,-1
104.000000,1,[Controller],[2],0,4,-1
104.000000,1,[Controller],[1],1,4,6
104.000000,1,[Tank],[8],0,9,-1
104.000000,1,[Controller],[5],0,11,-1
104.000000,0,[Striker],[8],0,1,-1
104.000000,0,[Tank],[12],0,3,-1
104.000000,0,[Tank],[8],0,4,-1
104.000000,0,[Controller],[8],1,9,7
104.000000,0,[Controller],[3],0,11,-1
105.000000,1,[Tank],[8],1,2,0
105.000000,1,[Controller],[1],0,4,-1
105.000000,1,[Controller],[1],1,4,6
105.000000,1,[Tank],[8],1,9,5
105.000000,1,[Controller],[5],1,11,9
105.000000,0,[Striker],[8],0,1,-1
105.000000,0,[Tank],[8],0,4,-1
105.000000,0,[Tank],[8],0,6,-1
105.000000,0,[Controller],[8],1,9,7
105.000000,0,[Controller],[7],1,10,8
105.000000,0,[Controller],[3],0,11,-1
106.000000,1,[Tank],[8],1,2,0
106.000000,1,[Controller],[1],1,4,6
106.000000,1,[Tank],[8],1,9,5
106.000000,1,[Controller],[5],1,11,9
106.000000,0,[Striker],[8],0,1,-1
106.000000,0,[Tank],[8],0,6,-1
106.000000,0,[Controller],[8],0,8,-1
106.000000,0,[Controller],[3],0,11,-1
107.000000,1,[Tank],[8],1,2,0
107.000000,1,[Tank],[8],1,3,4
107.000000,1,[Controller],[1],1,4,6
107.000000,1,[Tank],[12],0,5,-1
107.000000,1,[Tank],[8],1,9,5
107.000000,1,[Controller],[5],1,11,9
107.000000,0,[Striker],[8],0,1,-1
107.000000,0,[Tank],[8],0,6,-1
107.000000,0,[Controller],[8],0,8,-1
107.000000,0,[Controller],[3],0,11,-1
108.000000,1,[Tank],[8],1,2,0
108.000000,1,[Tank],[8],1,3,4
108.000000,1,[Tank],[12],1,5,8
108.000000,1,[Tank],[8],0,6,-1
108.000000,1,[Controller],[1],0,7,-1
108.000000,1,[Controller],[5],1,11,9
108.000000,0,[Striker],[8],0,1,-1
108.000000,0,[Tank],[8],0,6,-1
108.000000,0,[Controller],[8],0,8,-1
108.000000,0,[Controller],[7],0,9,-1
108.000000,0,[Controller],[3],0,11,-1
109.000000,1,[Tank],[8],0,1,-1
109.000000,1,[Tank],[8],1,3,4
109.000000,1,[Tank],[12],1,5,8
109.000000,1,[Tank],[8],0,6,-1
109.000000,1,[Controller],[1],1,7,9
109.000000,1,[Controller],[5],1,11,9
109.000000,0,[Striker],[8],0,1,-1
109.000000,0,[Tank],[8],0,6,-1
109.000000,0,[Controller],[8],0,8,-1
109.000000,0,[Controller],[3],0,11,-1
110.000000,1,[Tank],[8],0,1,-1
110.000000,1,[Tank],[8],1,3,4
110.000000,1,[Tank],[12],1,5,8
110.000000,1,[Tank],[8],0,6,-1
110.000000,1,[Controller],[1],1,7,9
110.000000,1,[Controller],[5],1,11,9
110.000000,0,[Striker],[8],0,1,-1
110.000000,0,[Tank],[8],0,6,-1
110.000000,0,[Controller],[8],0,8,-1
110.000000,0,[Controller],[3],0,11,-1
111.000000,1,[Tank],[8],0,1,-1
111.000000,1,[Tank],[12],1,5,8
111.000000,1,[Tank],[8],0,5,-1
111.000000,1,[Tank],[8],0,6,-1
111.000000,1,[Controller],[1],1,7,9
111.000000,1,[Controller],[5],0,10,-1
111.000000,0,[Striker],[8],0,1,-1
111.000000,0,[Tank;Tank],[8;12],0,6,-1
111.000000,0,[Controller],[8],0,8,-1
111.000000,0,[Controller],[3],1,11,7
112.000000,1,[Tank],[8],0,1,-1
112.000000,1,[Tank],[12],1,5,8
112.000000,1,[Tank],[8],0,5,-1
112.000000,1,[Tank],[8],0,6,-1
112.000000,1,[Controller],[1],1,7,9
112.000000,1,[Controller],[5],0,10,-1
112.000000,0,[Striker],[8],0,1,-1
112.000000,0,[Tank;Tank],[8;12],0,6,-1
113.000000,1,[Tank],[8],0,1,-1
113.000000,1,[Tank],[12],1,5,8
113.000000,1,[Tank],[8],0,5,-1
113.000000,1,[Tank],[8],0,6,-1
113.000000,1,[Controller],[1],0,10,-1
113.000000,0,[Striker],[8],0,1,-1
113.000000,0,[Striker],[8],0,5,-1
113.000000,0,[Tank;Tank],[8;12],0,6,-1
114.000000,1,[Tank],[8],0,1,-1
114.000000,1,[Tank],[8],0,5,-1
114.000000,1,[Tank],[8],0,6,-1
114.000000,1,[Tank],[12],0,9,-1
114.000000,1,[Controller],[1],0,10,-1
114.000000,0,[Striker],[8],0,1,-1
114.000000,0,[Striker],[8],0,5,-1
114.000000,0,[Tank],[8],0,6,-1
114.000000,0,[Tank],[12],1,6,8
115.000000,1,[Tank],[7],0,1,-1
115.000000,1,[Tank],[8],0,5,-1
115.000000,1,[Tank],[8],1,6,2
115.000000,1,[Tank],[12],0,9,-1
115.000000,1,[Controller],[1],0,10,-1
115.000000,0,[Striker],[8],0,1,-1
115.000000,0,[Striker],[7],0,5,-1
116.000000,1,[Tank],[6],1,1,1
116.000000,1,[Tank],[8],0,5,-1
116.000000,1,[Tank],[8],1,6,2
116.000000,1,[Tank],[12],0,9,-1
116.000000,1,[Controller],[1],0,10,-1
116.000000,0,[Striker],[4],0,5,-1
117.000000,1,[Tank],[6],1,1,1
117.000000,1,[Tank],[8],0,5,-1
117.000000,1,[Tank],[8],1,6,2
117.000000,1,[Tank],[12],0,9,-1
117.000000,1,[Controller],[1],0,10,-1
117.000000,0,[Striker],[1],0,5,-1
117.000000,0,[Tank],[12],0,9,-1
118.000000,1,[Tank],[6],1,1,1
118.000000,1,[Tank],[8],0,3,-1
118.000000,1,[Tank],[8],1,5,1
118.000000,1,[Tank],[12],0,9,-1
118.000000,1,[Controller],[1],0,10,-1
119.000000,1,[Tank],[6],1,1,1
119.000000,1,[Tank],[8],0,3,-1
119.000000,1,[Tank],[8],1,5,1
119.000000,1,[Tank],[12],0,9,-1
119.000000,1,[Controller],[1],0,10,-1
120.000000,1,[Tank],[6],1,1,1
120.000000,1,[Tank],[8],0,3,-1
120.000000,1,[Tank],[8],1,5,1
120.000000,1,[Tank],[12],1,9,4
120.000000,1,[Controller],[1],0,10,-1
120.000000,0,[Controller],[8],0,5,-1
121.000000,1,[Tank],[6],1,1,1
121.000000,1,[Tank],[8],0,3,-1
121.000000,1,[Tank],[8],1,5,1
121.000000,1,[Tank],[12],1,9,4
121.000000,1,[Controller],[1],0,10,-1
121.000000,0,[Controller],[8],0,5,-1
122.000000,1,[Tank;Tank],[8;6],0,2,-1
122.000000,1,[Tank],[8],0,3,-1
122.000000,1,[Tank],[12],1,9,4
122.000000,1,[Controller],[1],0,10,-1
122.000000,0,[Controller],[8],0,5,-1
123.000000,1,[Tank],[8],0,2,-1
123.000000,1,[Tank],[6],1,2,0
123.000000,1,[Tank],[8],0,3,-1
123.000000,1,[Tank],[12],1,9,4
123.000000,1,[Controller],[1],0,10,-1
123.000000,1,[Controller],[5],1,11,9
123.000000,0,[Striker],[8],1,1,1
124.000000,1,[Tank],[8],1,2,2
124.000000,1,[Tank],[6],1,2,0
124.000000,1,[Tank],[8],0,3,-1
124.000000,1,[Tank],[12],1,9,4
124.000000,1,[Controller],[1],0,10,-1
124.000000,1,[Controller],[5],1,11,9
125.000000,1,[Tank],[8],1,2,2
125.000000,1,[Tank],[6],1,2,0
125.000000,1,[Tank],[8],0,3,-1
125.000000,1,[Tank],[12],1,9,4
125.000000,1,[Controller],[1],0,10,-1
125.000000,1,[Controller],[5],1,11,9
126.000000,1,[Tank],[8],1,2,2
126.000000,1,[Tank],[6],1,2,0
126.000000,1,[Tank],[8],0,3,-1
126.000000,1,[Tank],[12],0,5,-1
126.000000,1,[Controller],[1],0,10,-1
126.000000,1,[Controller],[5],1,11,9
126.000000,0,[Tank],[8],0,3,-1
127.000000,1,[Tank],[8],1,2,2
127.000000,1,[Tank],[6],1,2,0
127.000000,1,[Tank],[8],0,3,-1
127.000000,1,[Tank],[12],1,5,8
127.000000,1,[Controller],[1],1,10,10
127.000000,1,[Controller],[5],0,10,-1
127.000000,0,[Tank],[8],0,3,-1
127.000000,0,[Controller],[8],1,5,8
128.000000,1,[Tank],[6],1,2,0
128.000000,1,[Tank],[6],1,3,3
128.000000,1,[Tank],[8],0,3,-1
128.000000,1,[Tank],[12],1,5,8
128.000000,1,[Controller],[1],1,10,10
128.000000,1,[Controller],[5],0,10,-1
128.000000,0,[Tank],[8],0,3,-1
128.000000,0,[Controller],[7],0,4,-1
128.000000,0,[Controller],[8],1,5,8
129.000000,1,[Tank],[6],0,1,-1
129.000000,1,[Tank],[6],1,3,3
129.000000,1,[Tank],[8],0,3,-1
129.000000,1,[Tank],[12],1,5,8
129.000000,1,[Controller],[1],1,10,10
129.000000,1,[Controller],[5],0,10,-1
129.000000,0,[Tank;Striker],[8;8],0,3,-1
129.000000,0,[Controller],[7],0,4,-1
129.000000,0,[Controller;Tank],[8;8],0,9,-1
130.000000,1,[Tank],[6],0,1,-1
130.000000,1,[Tank],[6],1,3,3
130.000000,1,[Tank],[7],1,3,6
130.000000,1,[Tank],[12],1,5,8
130.000000,1,[Controller],[1],1,10,10
130.000000,1,[Controller],[5],0,10,-1
130.000000,0,[Controller],[7],0,4,-1
130.000000,0,[Controller],[8],0,9,-1
130.000000,0,[Controller],[3],0,11,-1
131.000000,1,[Tank],[6],0,1,-1
131.000000,1,[Tank],[6],1,3,3
131.000000,1,[Tank],[7],1,3,6
131.000000,1,[Tank],[12],1,5,8
131.000000,1,[Controller],[1],1,10,10
131.000000,1,[Controller],[5],0,10,-1
131.000000,0,[Controller],[7],0,4,-1
131.000000,0,[Controller],[8],0,9,-1
131.000000,0,[Controller],[3],0,11,-1
132.000000,1,[Tank],[6],0,1,-1
132.000000,1,[Tank],[6],0,4,-1
132.000000,1,[Tank],[12],1,5,8
132.000000,1,[Controller;Controller],[1;5],1,10,10
132.000000,0,[Controller],[7],0,4,-1
132.000000,0,[Controller],[8],0,9,-1
133.000000,1,[Tank],[6],0,1,-1
133.000000,1,[Tank],[6],0,4,-1
133.000000,1,[Tank],[12],0,9,-1
133.000000,1,[Controller],[5],1,10,10
133.000000,1,[Controller],[1],0,11,-1
133.000000,0,[Controller],[7],0,4,-1
133.000000,0,[Controller],[8],0,9,-1
134.000000,1,[Tank],[6],0,1,-1
134.000000,1,[Tank],[7],1,3,6
134.000000,1,[Tank],[5],0,4,-1
134.000000,1,[Tank],[12],0,9,-1
134.000000,1,[Controller],[5],1,10,10
134.000000,1,[Controller],[1],0,11,-1
134.000000,0,[Controller],[7],0,4,-1
134.000000,0,[Controller],[8],1,9,4
135.000000,1,[Tank],[6],0,1,-1
135.000000,1,[Tank],[7],1,3,6
135.000000,1,[Tank],[5],0,4,-1
135.000000,1,[Tank],[12],1,9,5
135.000000,1,[Controller],[5],1,10,10
135.000000,1,[Controller],[1],0,11,-1
135.000000,0,[Controller],[5],1,4,0
135.000000,0,[Tank],[12],0,6,-1
136.000000,1,[Tank],[6],0,1,-1
136.000000,1,[Tank],[5],0,4,-1
136.000000,1,[Tank],[7],0,7,-1
136.000000,1,[Tank],[12],1,9,5
136.000000,1,[Controller],[5],1,10,10
136.000000,1,[Controller],[1],0,11,-1
136.000000,0,[Controller],[5],1,4,0
137.000000,1,[Tank],[6],1,1,1
137.000000,1,[Tank],[5],0,4,-1
137.000000,1,[Tank],[7],1,7,3
137.000000,1,[Tank],[12],1,9,5
137.000000,1,[Controller],[5],1,10,10
137.000000,1,[Controller],[1],0,11,-1
137.000000,0,[Tank],[8],1,2,4
137.000000,0,[Striker],[8],0,2,-1
138.000000,1,[Tank],[6],1,1,1
138.000000,1,[Tank],[5],0,4,-1
138.000000,1,[Tank],[12],0,6,-1
138.000000,1,[Tank],[7],1,7,3
138.000000,1,[Controller;Controller],[1;5],0,11,-1
138.000000,0,[Tank],[8],1,2,4
138.000000,0,[Striker],[8],0,2,-1
139.000000,1,[Tank],[6],1,1,1
139.000000,1,[Tank],[5],0,4,-1
139.000000,1,[Tank],[12],1,6,2
139.000000,1,[Tank],[7],1,7,3
139.000000,1,[Controller;Controller],[1;5],0,11,-1
139.000000,0,[Striker],[8],0,2,-1
139.000000,0,[Tank],[12],0,3,-1
139.000000,0,[Tank],[8],0,5,-1
140.000000,1,[Tank],[6],1,1,1
140.000000,1,[Tank],[5],1,4,0
140.000000,1,[Tank],[12],1,6,2
140.000000,1,[Tank],[7],1,7,3
140.000000,1,[Controller;Controller],[1;5],0,11,-1
140.000000,0,[Striker],[8],1,2,2
140.000000,0,[Controller],[5],1,4,0
140.000000,0,[Tank;Controller],[8;8],0,5,-1
141.000000,1,[Tank],[6],1,1,1
141.000000,1,[Tank],[5],1,4,0
141.000000,1,[Tank],[7],0,4,-1
141.000000,1,[Tank],[12],1,6,2
141.000000,1,[Controller],[1],1,11,7
141.000000,1,[Controller],[5],0,11,-1
141.000000,0,[Controller],[5],0,1,-1
141.000000,0,[Striker],[8],1,2,2
141.000000,0,[Tank],[8],0,5,-1
141.000000,0,[Controller],[8],1,5,1
142.000000,1,[Tank],[6],1,1,1
142.000000,1,[Tank],[12],0,3,-1
142.000000,1,[Tank],[5],1,4,0
142.000000,1,[Tank],[7],0,4,-1
142.000000,1,[Controller],[1],1,11,7
142.000000,1,[Controller],[5],0,11,-1
142.000000,0,[Controller],[5],0,1,-1
142.000000,0,[Striker],[8],0,3,-1
142.000000,0,[Tank],[8],0,5,-1
142.000000,0,[Controller],[8],1,5,1
143.000000,1,[Tank],[6],0,2,-1
143.000000,1,[Tank],[12],0,3,-1
143.000000,1,[Tank],[5],1,4,0
143.000000,1,[Tank],[7],0,4,-1
143.000000,1,[Controller],[1],1,11,7
143.000000,1,[Controller],[5],0,11,-1
143.000000,0,[Controller],[5],0,1,-1
143.000000,0,[Striker],[7],0,3,-1
143.000000,0,[Tank],[8],0,5,-1
143.000000,0,[Controller],[8],1,5,1
144.000000,1,[Tank],[6],0,2,-1
144.000000,1,[Tank],[12],0,3,-1
144.000000,1,[Tank;Tank],[5;7],1,4,0
144.000000,1,[Controller],[1],1,11,7
144.000000,1,[Controller],[5],0,11,-1
144.000000,0,[Controller],[5],0,1,-1
144.000000,0,[Striker],[6],0,3,-1
145.000000,1,[Tank],[6],0,2,-1
145.000000,1,[Tank],[12],0,3,-1
145.000000,1,[Tank;Tank],[5;7],1,4,0
145.000000,1,[Controller],[1],1,11,7
145.000000,1,[Controller],[5],0,11,-1
145.000000,0,[Controller],[5],0,1,-1
145.000000,0,[Controller],[8],0,2,-1
145.000000,0,[Striker],[3],0,3,-1
146.000000,1,[Tank],[5],0,1,-1
146.000000,1,[Tank],[6],0,2,-1
146.000000,1,[Tank],[12],0,3,-1
146.000000,1,[Tank],[7],1,4,0
146.000000,1,[Controller],[1],1,11,7
146.000000,1,[Controller],[5],0,11,-1
146.000000,0,[Controller],[5],0,1,-1
146.000000,0,[Controller],[8],0,2,-1
147.000000,1,[Tank],[5],0,1,-1
147.000000,1,[Tank],[5],0,2,-1
147.000000,1,[Tank],[7],1,4,0
147.000000,1,[Controller],[1],0,8,-1
147.000000,0,[Controller],[5],0,1,-1
147.000000,0,[Controller],[7],0,2,-1
148.000000,1,[Tank],[4],0,1,-1
148.000000,1,[Tank],[4],0,2,-1
148.000000,1,[Tank],[7],1,4,0
148.000000,1,[Controller],[1],1,8,8
148.000000,0,[Controller],[5],0,1,-1
148.000000,0,[Controller],[7],0,2,-1
149.000000,1,[Tank],[4],0,1,-1
149.000000,1,[Tank],[3],0,2,-1
149.000000,1,[Tank],[7],1,4,0
149.000000,1,[Controller],[1],1,8,8
149.000000,0,[Controller],[5],0,1,-1
149.000000,0,[Controller],[6],0,2,-1
149.000000,0,[Controller],[3],0,9,-1
150.000000,1,[Tank],[4],1,1,1
150.000000,1,[Tank],[7],0,1,-1
150.000000,1,[Tank],[1],0,2,-1
150.000000,1,[Controller],[1],1,8,8
150.000000,0,[Controller],[4],0,1,-1
150.000000,0,[Controller],[6],0,2,-1
150.000000,0,[Controller],[3],0,9,-1
