0,player,node,groups,units,health
21.000000,1,5,[16;16;16;23;23;23;23],[128;129;131;184;186;187;189],[1.8;1.9;1.9;0.9;0.9;0.9;0.9]
21.000000,0,5,[3;3;3;3;3;3;3],[19;20;21;22;23;24;25],[2.8;2.7;2.9;2.5;2.3;2.8;2.6]
26.000000,1,2,[23;23;23;23;23;23;23],[182;183;184;185;187;188;189],[0.9;0.9;0.8;0.6;0.7;0.5;0.7]
26.000000,0,2,[6;6;6;6;6;3],[42;43;44;45;47;22],[2.866667;2.866667;2.733333;2.866667;2.733333;2.366667]
27.000000,1,2,[23;23;23;23;23;23;23;23],[182;183;184;185;186;187;188;189],[0.6;0.6;0.5;0.5;0.7;0.6;0.4;0.5]
27.000000,0,2,[6;6;6;3;3],[45;46;47;18;25],[2.733333;2.866667;2.2;2.866667;2.466667]
27.000000,1,5,[21;21;21;21;21;21],[166;167;168;169;170;172],[2.873684;2.747368;2.873684;2.873684;2.747368;2.873684]
27.000000,0,5,[11;11;11;11;11],[82;84;87;88;89],[0.8;0.8;0.9;0.9;0.8]
28.000000,1,2,[23;23;23;23;23;23;23],[182;183;184;186;187;188;189],[0.1;0.4;0.4;0.5;0.4;0.2;0.3]
28.000000,0,2,[6;6;6;3;3],[43;46;49;21;23],[2.733333;2.6;2.733333;2.766667;2.033333]
29.000000,1,2,[23;23;23;23;23;23],[182;183;185;187;188;189],[0.0;0.1;0.3;0.2;0.0;0.0]
29.000000,0,2,[6;6;3;3;3],[46;47;20;21;25],[2.333333;1.8;2.566667;2.633333;2.333333]
30.000000,1,2,[23;23;23;23],[183;184;185;186],[0.0;0.0;0.0;0.0]
30.000000,0,2,[6;6;3;3;3],[48;49;18;23;25],[2.866667;2.6;2.733333;1.9;2.2]
31.000000,1,2,[23],[187],[0.0]
31.000000,0,2,[3],[24],[2.666667]
34.000000,1,3,[21;21;21;21;21;21],[166;167;168;169;170;173],[2.473684;2.547368;2.673684;2.673684;2.547368;2.6]
34.000000,0,3,[11;11;11;11;11],[83;84;85;88;89],[0.8;0.6;0.9;0.7;0.7]
35.000000,1,3,[21;21;21;21],[167;168;169;170],[2.147368;2.473684;2.473684;1.747368]
35.000000,0,3,[11;11;11;11],[84;85;88;89],[0.4;0.7;0.4;0.6]
38.000000,1,7,[19;19;19;19],[151;153;154;157],[1.7;1.9;1.9;1.7]
38.000000,0,7,[10;10;10;10;10],[74;76;78;79;81],[1.8;1.9;1.9;1.9;1.7]
40.000000,1,4,[21;21;21;21;21;21],[167;168;169;170;171;172],[1.947368;2.273684;2.273684;1.547368;2.8;2.273684]
40.000000,0,4,[11;11;11;11],[82;83;87;89],[0.68;0.72;0.82;0.56]
41.000000,1,4,[21;21;21;21;21],[166;168;169;172;173],[1.673684;2.073684;2.073684;2.073684;2.4]
41.000000,0,4,[11;11;11;11;11],[82;84;85;88;89],[0.6;0.32;0.66;0.36;0.48]
42.000000,1,4,[21;21;21;21;21;21],[166;168;169;170;171;173],[1.473684;1.673684;1.873684;1.347368;2.6;2.0]
42.000000,0,4,[11;11;11;11],[84;85;88;89],[0.2;0.58;0.32;0.4]
43.000000,1,4,[21;21;21;21;21],[166;167;168;169;172],[0.873684;1.747368;1.473684;1.673684;1.673684]
43.000000,0,4,[11;11;11;11;11],[82;83;84;86;88],[0.52;0.6;0.16;0.96;0.28]
43.000000,1,10,[20;20;20;20;20;20],[159;160;161;162;163;164],[0.92;0.92;0.96;0.96;0.96;0.96]
43.000000,0,10,[10;10;10;10;10],[75;76;77;78;81],[1.6;1.7;1.8;1.5;1.3]
44.000000,1,10,[20;20;20;20],[158;161;163;165],[0.88;0.92;0.88;0.92]
44.000000,0,10,[10;10;10;10;10],[76;77;78;79;81],[1.5;1.6;1.1;1.3;1.1]
45.000000,1,10,[20;20;20;20;20],[158;159;160;163;165],[0.84;0.88;0.84;0.8;0.84]
45.000000,0,10,[10;10;10;10;10],[75;76;77;78;81],[1.4;1.1;1.4;0.9;0.5]
47.000000,1,2,[13;13;13;13;13;13],[102;103;104;107;108;109],[1.9;1.9;1.9;1.9;1.7;1.9]
47.000000,0,2,[6;6;6;6;6],[44;45;46;48;49],[2.466667;2.666667;2.266667;2.8;2.533333]
48.000000,1,2,[13;13;13;13;13],[102;103;104;105;107],[1.7;1.8;1.7;1.8;1.8]
48.000000,0,2,[6;6;6;6;6],[42;43;44;46;49],[2.8;2.533333;2.333333;2.2;2.466667]
49.000000,1,4,[14;14;14;14;14;14;14;14],[110;111;112;113;114;115;116;117],[0.8;0.5;0.6;0.7;0.7;0.9;0.9;0.5]
49.000000,0,4,[8;8;9;9;9;9;9],[59;61;68;69;71;72;73],[0.92;0.92;2.866667;2.733333;2.866667;2.866667;2.866667]
50.000000,1,4,[14;14;14;14;14;14;14],[111;112;113;114;115;116;117],[0.1;0.5;0.3;0.0;0.8;0.6;0.1]
50.000000,0,4,[8;8;9;9;9;9],[58;62;66;67;70;71],[0.84;0.92;2.866667;2.866667;2.733333;2.733333]
51.000000,1,1,[21;21;21;21;21;21;21],[166;167;168;169;171;172;173],[0.673684;1.547368;1.273684;1.273684;2.4;1.473684;1.8]
51.000000,0,1,[2;2;2;2],[11;13;15;16],[0.85;0.9;0.9;0.95]
51.000000,1,4,[14;14;14;14;14],[110;111;112;115;116],[0.7;0.0;0.3;0.6;0.5]
51.000000,0,4,[9;9;9;9],[67;69;70;73],[2.6;2.466667;2.466667;2.733333]
52.000000,1,1,[21;21;21;21;21],[166;167;169;171;172],[0.473684;1.347368;0.873684;2.2;0.873684]
52.000000,0,1,[2;2;2;2;2;2;2],[10;12;13;14;15;16;17],[0.95;0.95;0.85;0.95;0.85;0.85;0.95]
52.000000,1,4,[14;14;14;14;14],[110;113;115;116;117],[0.6;0.2;0.5;0.2;0.0]
52.000000,0,4,[9;9;9;9],[67;68;71;73],[2.466667;2.733333;2.6;2.333333]
53.000000,1,1,[21;21;21;21;21;21],[166;167;169;171;172;173],[0.273684;1.147368;0.673684;1.8;0.673684;1.4]
53.000000,0,1,[2;2;2;2;2],[10;11;13;15;16],[0.9;0.75;0.75;0.8;0.75]
53.000000,1,2,[13;13;13;13;13;13],[102;103;105;106;107;109],[1.6;1.7;1.7;1.8;1.7;1.7]
53.000000,0,2,[1;1;1;1;1],[3;4;6;7;9],[1.9;1.8;1.9;1.8;1.8]
53.000000,1,9,[16;16;16],[130;132;133],[1.84;1.893333;1.84]
53.000000,0,9,[10;10;10;10;10;10;10],[75;76;77;78;79;80;81],[1.3;1.0;1.2;0.8;1.2;1.9;0.4]
54.000000,1,2,[13;13;13;13;13;13],[103;104;105;107;108;109],[1.4;1.6;1.6;1.6;1.6;1.6]
54.000000,0,2,[1;1;1;1;1],[3;5;6;8;9],[1.8;1.8;1.7;1.8;1.7]
54.000000,1,10,[24;24;24;24;24;24],[194;195;196;197;200;201],[2.866667;2.866667;2.866667;2.866667;2.866667;2.6]
54.000000,0,10,[5;5;5;5;5;5;5],[35;36;37;38;39;40;41],[0.9;0.7;0.8;0.7;0.9;0.9;0.9]
55.000000,1,1,[21;21;21;21],[167;169;170;171],[0.847368;0.573684;1.147368;1.6]
55.000000,0,1,[6;6;6;6;6;6],[42;43;44;47;48;49],[2.575;2.458333;2.258333;1.725;2.725;2.391667]
55.000000,1,4,[14;14;14;14],[110;112;115;116],[0.1;0.1;0.4;0.0]
55.000000,0,4,[12;12;12;12;12],[90;91;96;97;101],[2.866667;2.866667;2.866667;2.866667;2.866667]
56.000000,1,1,[21;21;21;21;21;21],[166;167;168;169;171;173],[0.173684;0.647368;1.073684;0.473684;1.5;1.3]
56.000000,0,1,[6;6;6;6;6;6],[42;44;45;47;48;49],[2.5;2.108333;2.591667;1.575;2.65;2.316667]
56.000000,1,4,[14;14;14;14],[110;112;113;115],[0.0;0.0;0.0;0.3]
56.000000,0,4,[12;12;12;12],[90;93;96;99],[2.733333;2.866667;2.733333;2.866667]
57.000000,1,2,[13;13;13;13;13],[102;103;104;105;107],[1.0;1.2;1.2;1.4;1.4]
57.000000,0,2,[2;2;2;2;2],[10;11;12;15;17],[0.7;0.65;0.85;0.6;0.75]
57.000000,1,9,[16;16;16;17;17;17],[126;128;131;135;138;139],[1.786667;1.693333;1.793333;0.854545;0.927273;0.927273]
57.000000,0,9,[11;11;11;11;11;11;11],[82;83;85;86;87;88;89],[0.0;0.2;0.18;0.66;0.42;0.18;0.2]
58.000000,1,5,[15;15;15;15;15],[118;121;122;123;124],[2.6;2.6;2.8;2.6;2.8]
58.000000,0,5,[8;8;8;8;8;8],[59;60;61;62;63;65],[0.883636;0.927273;0.883636;0.847273;0.963636;0.963636]
58.000000,1,7,[19;19;19;19;19],[153;154;155;156;157],[1.5;1.5;1.8;1.6;1.5]
58.000000,0,7,[5;5;5;5;5],[36;37;39;40;41],[0.6;0.6;0.8;0.6;0.8]
58.000000,1,9,[16;16;16;16;16;17;17],[126;127;128;131;132;135;139],[1.68;1.893333;1.586667;1.686667;1.786667;0.781818;0.854545]
58.000000,0,9,[11;11;11;11;11;11;11],[83;84;85;86;87;88;89],[0.0;0.0;0.0;0.26;0.12;0.08;0.0]
59.000000,1,5,[15;15;15;15],[119;122;123;125],[2.6;2.0;2.4;2.8]
59.000000,0,5,[8;8;8;8;8],[59;60;63;64;65],[0.847273;0.854545;0.927273;0.963636;0.854545]
59.000000,1,7,[19;19;19;19;19;19;19;19],[150;151;152;153;154;155;156;157],[1.8;1.4;1.8;1.1;1.2;1.2;1.4;1.3]
59.000000,0,7,[5;5;5;7;7;7],[35;36;39;50;51;57],[0.7;0.5;0.7;1.9;1.9;1.8]
60.000000,1,7,[19;19;19;19;19],[150;151;152;154;155],[1.6;1.0;1.4;0.8;1.0]
60.000000,0,7,[5;5;5;5],[35;36;38;39],[0.4;0.4;0.5;0.5]
61.000000,1,7,[19;19;19;19;19;19],[150;151;152;153;154;157],[1.2;0.8;1.2;0.9;0.4;1.1]
61.000000,0,7,[5;5;5;5],[34;35;37;41],[0.6;0.3;0.5;0.6]
62.000000,1,7,[19;19;19;19;19;19],[150;151;154;155;156;157],[0.8;0.4;0.2;0.8;1.2;0.9]
62.000000,0,7,[5;5;5;5],[36;38;39;41],[0.2;0.4;0.3;0.3]
63.000000,1,1,[21;21;21;21;21;21;21],[166;167;168;169;170;172;173],[0.073684;0.447368;0.873684;0.373684;1.047368;0.373684;1.1]
63.000000,0,1,[12;12;12;12;12;12],[92;94;96;99;100;101],[2.925;2.925;2.583333;2.716667;2.925;2.791667]
63.000000,1,8,[18;18;18;18;18],[142;143;144;145;148],[2.866667;2.733333;2.866667;2.866667;2.6]
63.000000,0,8,[8;8;8],[58;60;63],[0.44;0.654545;0.727273]
64.000000,1,1,[21;21;21;21;21;21],[167;168;169;170;172;173],[0.347368;0.773684;0.0;0.747368;0.173684;1.0]
64.000000,0,1,[12;12;12;12;12;12;12],[90;91;93;95;98;99;101],[2.658333;2.791667;2.791667;2.925;2.85;2.641667;2.716667]
64.000000,1,8,[18;18;18;18;18],[143;144;146;147;148],[2.466667;2.733333;2.733333;2.733333;2.466667]
64.000000,0,8,[8;8;8;8;8;8],[58;59;60;61;62;63],[0.34;0.647273;0.554545;0.783636;0.647273;0.627273]
65.000000,1,1,[21;21;21;21;21;21],[167;168;170;171;172;173],[0.247368;0.473684;0.547368;1.2;0.0;0.9]
65.000000,0,1,[12;12;12;12;12;12;12],[91;95;96;97;98;100;101],[2.716667;2.85;2.508333;2.791667;2.775;2.85;2.641667]
65.000000,1,8,[18;18;18;18;18;18],[142;144;145;146;147;148],[2.733333;2.466667;2.733333;2.466667;2.6;2.333333]
65.000000,0,8,[8;8;8;8;8],[58;60;61;64;65],[0.04;0.454545;0.683636;0.863636;0.654545]
65.000000,1,10,[20;20;20;20;20;20],[158;159;160;161;163;164],[0.64;0.58;0.24;0.72;0.5;0.16]
65.000000,0,10,[10;10;10;10;10;5;5;5],[74;75;76;77;78;34;37;40],[1.6;1.1;0.8;1.0;0.6;0.4;0.3;0.4]
66.000000,1,1,[21;21;21;21;21;14],[166;167;168;170;171;115],[0.0;0.0;0.373684;0.447368;1.0;0.1]
66.000000,0,1,[12;12;12;12;12],[91;95;97;98;99],[2.641667;2.7;2.716667;2.55;2.566667]
66.000000,1,3,[15;15;15;15;15],[118;119;120;121;123],[2.4;2.2;2.8;2.2;2.0]
66.000000,0,3,[2;2;2;2],[10;11;14;17],[0.554545;0.577273;0.913636;0.713636]
66.000000,1,10,[20;20;20;20;20;20;20],[159;160;161;162;163;164;165],[0.08;0.04;0.32;0.56;0.1;0.0;0.54]
66.000000,0,10,[10;10;5;5;5;5;5],[74;77;34;36;37;38;40],[1.4;0.8;0.2;0.0;0.1;0.2;0.2]
67.000000,1,1,[21;21;21;14],[168;171;173;115],[0.073684;0.5;0.8;0.0]
67.000000,0,1,[12;12;12;12;12],[91;94;97;100;101],[2.566667;2.85;2.641667;2.7;2.566667]
67.000000,1,10,[20;20;20;20;20;20],[158;159;160;161;163;165],[0.24;0.0;0.0;0.0;0.0;0.14]
67.000000,0,10,[10;10;10;10;5;5;5],[76;77;79;81;38;39;41],[0.6;0.6;1.0;0.2;0.0;0.1;0.1]
68.000000,1,6,[17;17;17;17;17],[134;136;137;139;140],[0.9;0.8;0.7;0.754545;0.9]
68.000000,0,6,[4;4;4;4;4],[26;27;28;29;31],[1.786667;1.786667;1.893333;1.893333;1.786667]
68.000000,1,10,[20;20;20],[158;162;165],[0.04;0.0;0.0]
68.000000,0,10,[5;5;5],[34;35;40],[0.0;0.1;0.0]
69.000000,1,4,[19;19;19;19;19;19],[150;151;152;153;156;157],[0.4;0.2;1.0;0.7;1.0;0.5]
69.000000,0,4,[2;2;2;2;2;2],[10;11;12;14;15;17],[0.514545;0.537273;0.77;0.833636;0.56;0.673636]
69.000000,1,10,[24;24;24],[191;196;200],[2.6;2.666667;2.666667]
69.000000,0,10,[5;5;5;5],[35;37;39;41],[0.0;0.0;0.0;0.0]
70.000000,1,5,[22;22;22;22;22;22],[175;176;177;178;179;180],[1.8;1.8;1.6;1.8;1.6;1.8]
70.000000,0,5,[8;8;8;8;8;8],[60;61;62;63;64;65],[0.418182;0.647273;0.574545;0.590909;0.827273;0.581818]
71.000000,1,5,[22;22;22],[174;175;178],[1.2;1.2;1.6]
71.000000,0,5,[8;8;8;8],[62;63;64;65],[0.538182;0.518182;0.754545;0.472727]
73.000000,1,1,[21;21;21],[168;171;173],[0.0;0.1;0.2]
73.000000,0,1,[2;2;2;2],[11;13;16;17],[0.487273;0.7;0.7;0.623636]
74.000000,1,10,[24;24;24],[192;200;201],[2.8;2.466667;2.4]
74.000000,0,10,[11;11;11],[86;87;88],[0.0;0.0;0.0]
76.000000,1,2,[22;22;22;22;22;22;22;22],[174;175;176;177;178;179;180;181],[0.9;0.9;1.6;1.4;1.3;1.5;1.6;1.6]
76.000000,0,2,[6;6;6;6;12;12;12;12],[44;46;47;49;97;98;99;101],[2.041667;2.133333;1.508333;2.25;2.575;2.483333;2.5;2.5]
77.000000,1,1,[21;21;21],[170;171;173],[0.047368;0.0;0.0]
77.000000,0,1,[3;3],[18;22],[2.658333;2.216667]
77.000000,1,2,[22;22;22;22;22;22;22],[174;175;176;177;179;180;181],[0.5;0.7;0.7;1.2;1.3;1.3;1.4]
77.000000,0,2,[6;6;6;2;2;2;2;2],[44;45;49;11;12;13;15;17],[1.975;2.525;2.183333;0.447273;0.73;0.66;0.52;0.583636]
78.000000,1,2,[22;22;22;22;22;22;22],[174;175;177;178;179;180;181],[0.3;0.6;0.9;0.9;0.6;1.1;0.9]
78.000000,0,2,[6;6;6;2;2;2;2],[43;46;49;14;15;16;17],[2.391667;2.066667;2.116667;0.793636;0.48;0.66;0.503636]
79.000000,1,2,[22;22;22],[177;179;181],[0.7;0.2;0.7]
79.000000,0,2,[6;6;6;6;6],[43;46;47;48;49],[2.325;1.933333;1.375;2.516667;2.05]
79.000000,1,7,[16;16;16;16],[127;128;130;132],[1.786667;1.533333;1.733333;1.626667]
79.000000,0,7,[1;1;1;1;1],[2;3;5;7;8],[1.7;1.7;1.7;1.6;1.7]
80.000000,1,2,[22;22;22;22;22;22],[174;175;177;178;180;181],[0.2;0.4;0.6;0.7;1.0;0.6]
80.000000,0,2,[6;6;6;6],[43;46;48;49],[2.191667;1.733333;2.45;1.916667]
80.000000,1,7,[16;16;16;16;19;19;19;19],[126;128;132;133;152;153;156;157],[1.626667;1.48;1.573333;1.786667;0.946667;0.646667;0.946667;0.446667]
80.000000,0,7,[1;1;1;1;1;1;1],[2;3;4;5;6;7;8],[1.6;1.4;1.5;1.6;1.6;1.3;1.3]
81.000000,1,1,[13;13;13;13;13],[102;103;104;108;109],[0.9;1.0;0.9;1.5;1.5]
81.000000,0,1,[3;3;3;3;3],[18;19;21;22;25],[2.583333;2.725;2.558333;1.916667;2.125]
81.000000,1,2,[22;22;22;22;22;22],[174;175;176;178;179;180],[0.0;0.2;0.2;0.5;0.0;0.8]
81.000000,0,2,[6;6;6;7;7;7;7],[44;45;47;52;53;54;55],[1.908333;2.458333;1.308333;1.942857;1.885714;1.942857;1.942857]
81.000000,1,7,[19;19;19;19],[150;152;153;156],[0.346667;0.786667;0.54;0.84]
81.000000,0,7,[1;1;1;1;1;1],[3;4;5;7;8;9],[1.3;1.4;1.5;1.0;1.2;1.6]
82.000000,1,1,[13;13;13;13;13],[102;103;105;106;108],[0.6;0.9;1.3;1.6;1.4]
82.000000,0,1,[3;3;3;3;3],[18;19;21;22;25],[2.358333;2.65;2.483333;1.841667;1.975]
82.000000,1,7,[19;19;19;19;19;19],[151;152;153;155;156;157],[0.146667;0.68;0.486667;0.746667;0.786667;0.34]
82.000000,0,7,[1;1;1;1;1;1],[2;3;5;6;7;9],[1.5;1.2;1.2;1.5;0.9;1.5]
82.000000,1,8,[20],[158],[0.0]
82.000000,0,8,[8],[58],[0.0]
83.000000,1,1,[13;13;13;13;13],[102;103;104;107;109],[0.3;0.8;0.7;1.3;1.4]
83.000000,0,1,[3;3;3;3;3],[18;21;23;24;25],[2.283333;2.333333;1.75;2.591667;1.825]
83.000000,1,7,[19;19;19;19;19;19],[150;153;154;155;156;157],[0.186667;0.433333;0.146667;0.693333;0.733333;0.286667]
83.000000,0,7,[1;1;1;1;1;1;1],[2;3;4;5;6;7;9],[1.4;1.1;1.2;1.1;1.4;0.8;1.4]
84.000000,1,1,[13;13;13;13;13],[104;106;107;108;109],[0.4;1.4;1.2;1.3;1.3]
84.000000,0,1,[3;3;3;3],[19;20;23;24],[2.5;2.266667;1.675;2.516667]
84.000000,1,2,[21;21],[170;173],[0.0;0.0]
84.000000,0,2,[6;6],[46;48],[1.666667;2.383333]
85.000000,1,1,[13;13;13;13],[103;107;108;109],[0.7;1.0;1.0;1.1]
85.000000,0,1,[3;3;3;3;3],[18;19;20;22;23],[2.208333;2.425;2.116667;1.766667;1.45]
86.000000,1,1,[13;13;13;13;13],[102;104;106;107;109],[0.0;0.3;1.3;0.8;1.0]
86.000000,0,1,[3;3;3;3;3;3],[18;20;21;23;24;25],[2.133333;1.966667;2.258333;1.3;2.441667;1.75]
87.000000,1,1,[13;13;13;13;13],[105;106;107;108;109],[1.2;1.1;0.6;0.8;0.9]
87.000000,0,1,[3;3;3;3;3;3],[18;20;22;23;24;25],[2.058333;1.891667;1.616667;1.225;2.366667;1.675]
88.000000,1,1,[13;13;13;13;22;22],[103;104;106;107;177;180],[0.6;0.2;1.0;0.4;0.4;0.7]
88.000000,0,1,[3;3;3;3;3;3],[18;19;20;21;23;24],[1.983333;2.125;1.741667;2.108333;1.0;2.291667]
88.000000,1,5,[24;24;24;24;24;24],[191;195;196;197;198;199],[2.2;2.666667;2.266667;2.666667;2.8;2.8]
88.000000,0,5,[2;2;2;2;2;2;2],[10;11;12;13;15;16;17],[0.441818;0.410909;0.620909;0.623636;0.443636;0.550909;0.467273]
89.000000,1,1,[13;13;13;13;22;22;22;22;15;15;15;15;15],[103;104;108;109;175;176;178;181;118;120;122;123;124],[0.4;0.1;0.7;0.8;0.1;0.1;0.4;0.5;2.3;2.7;1.9;1.9;2.5]
89.000000,0,1,[3;3;3;3;3;7;7;7;7;7;7;7],[18;19;20;24;25;50;51;52;53;55;56;57],[1.833333;2.05;1.366667;2.141667;1.6;1.833333;1.833333;1.742857;1.819048;1.87619;1.866667;1.733333]
89.000000,1,10,[16;16;16;16;16;16],[126;127;128;130;131;132],[1.526667;1.686667;1.18;1.633333;1.586667;1.473333]
89.000000,0,10,[1;1;1;1;1;1;1],[2;3;4;6;7;8;9],[1.2;1.0;1.1;1.3;0.7;1.1;1.3]
90.000000,1,1,[13;13;13;13;13;22;22;15;15;15;15;15],[103;105;107;108;109;175;181;118;120;123;124;125],[0.3;1.1;0.3;0.5;0.7;0.0;0.3;2.2;2.6;1.8;2.2;2.7]
90.000000,0,1,[3;3;3;3;3;3;3;7;7;7;7;7;7;7],[18;19;20;22;23;24;25;50;51;52;53;54;55;56],[1.758333;1.975;1.216667;1.541667;0.925;2.066667;1.525;1.7;1.7;1.67619;1.685714;1.809524;1.67619;1.8]
90.000000,1,10,[16;16;16;16;16;16],[126;127;128;129;131;132],[1.426667;1.586667;1.08;1.7;1.486667;1.273333]
90.000000,0,10,[1;1;1;1;1;1;1],[2;4;5;6;7;8;9],[1.1;1.0;1.0;1.1;0.6;1.0;1.2]
91.000000,1,1,[13;13;22;22;22;22;22;15;15;15;15],[104;108;176;177;178;180;181;118;121;124;125],[0.0;0.4;0.0;0.1;0.3;0.6;0.1;2.1;2.0;2.1;2.6]
91.000000,0,1,[3;3;3;3;3;3;7;7;7;7;7],[18;19;20;21;22;24;50;52;53;56;57],[1.683333;1.825;1.066667;2.033333;1.466667;1.916667;1.633333;1.609524;1.485714;1.6;1.533333]
91.000000,1,10,[16;16;16;16;16],[126;127;128;130;133],[1.226667;1.386667;0.98;1.533333;1.586667]
91.000000,0,10,[1;1;1;1;1],[3;5;6;7;8],[0.9;0.8;0.9;0.4;0.9]
92.000000,1,1,[13;13;13;13;13;13;22;22;22;15;15;15;15;15;15;15],[103;105;106;107;108;109;177;178;180;118;119;120;121;122;124;125],[0.2;0.8;0.9;0.1;0.2;0.6;0.0;0.2;0.5;2.0;1.8;2.5;1.8;1.8;2.0;2.5]
92.000000,0,1,[3;3;3;3;3;7;7;7;6;6;6;6;6],[19;20;23;24;25;54;56;57;43;45;46;47;48],[1.675;0.991667;0.775;1.841667;1.45;1.742857;1.466667;1.466667;2.041667;2.383333;1.591667;1.233333;2.233333]
92.000000,1,5,[24;24;24;24;24],[190;192;193;196;198],[2.8;2.6;2.8;1.666667;2.6]
92.000000,0,5,[8;8;8;8;8;8;8],[59;60;61;62;63;64;65],[0.538182;0.381818;0.610909;0.501818;0.445455;0.681818;0.4]
92.000000,1,10,[16;16;16;16;16],[126;130;131;132;133],[1.026667;1.433333;1.286667;1.073333;1.486667]
92.000000,0,10,[1;1;1;1],[2;4;5;8],[0.9;0.8;0.5;0.8]
93.000000,1,1,[13;13;13;13;22;22;15;15;15;15;15;15;15],[103;105;106;109;180;181;118;119;121;122;123;124;125],[0.0;0.6;0.8;0.4;0.2;0.0;1.9;1.7;1.7;1.4;1.5;1.8;2.4]
93.000000,0,1,[3;3;3;3;3;7;7;7;7;7;7;6;6],[19;20;22;23;25;50;52;53;54;55;56;44;47],[1.525;0.916667;1.316667;0.625;1.375;1.566667;1.542857;1.419048;1.67619;1.609524;1.4;1.758333;1.158333]
93.000000,1,5,[24;24;24;24;24;24],[190;191;193;197;200;201],[2.4;2.0;2.6;2.466667;2.266667;2.2]
93.000000,0,5,[8;8;8;8;8;8],[59;60;61;62;63;64],[0.501818;0.345455;0.538182;0.429091;0.3;0.609091]
94.000000,1,1,[13;13;13;13;22;22;15;15;15;15;15;15],[105;106;108;109;178;180;118;119;120;121;122;124],[0.5;0.5;0.1;0.2;0.1;0.1;1.5;1.4;2.4;1.5;1.2;1.5]
94.000000,0,1,[3;3;3;7;7;7;7;6;6;6;6;6],[19;22;23;50;53;54;55;42;44;45;46;48],[1.375;1.241667;0.475;1.5;1.352381;1.609524;1.47619;2.425;1.683333;2.308333;1.516667;2.158333]
94.000000,1,5,[24;24;24;24;24],[193;195;196;198;201],[2.4;2.066667;1.466667;2.4;2.0]
94.000000,0,5,[8;8;8;8;8],[60;61;62;64;65],[0.272727;0.429091;0.32;0.5;0.363636]
95.000000,1,1,[13;13;13;13;22;15;15;19;19;19;19;19],[105;106;107;108;180;119;120;150;151;152;153;157],[0.2;0.4;0.0;0.0;0.0;1.3;2.3;0.086667;0.046667;0.58;0.333333;0.186667]
95.000000,0,1,[3;3;3;3;3;3;7;7;7;7;7],[18;21;22;23;24;25;50;51;52;53;55],[1.458333;1.958333;1.016667;0.175;1.766667;1.3;1.366667;1.633333;1.342857;1.152381;1.409524]
95.000000,1,5,[24;24;24;24;24;24],[192;193;194;196;197;199],[2.4;2.2;2.666667;1.266667;2.066667;2.6]
95.000000,0,5,[8;8;8;8;8;8;8],[59;60;61;62;63;64;65],[0.429091;0.236364;0.392727;0.283636;0.227273;0.390909;0.290909]
96.000000,1,1,[13;13;22;15;15;15;15;15;19;19],[105;106;178;118;119;120;121;123;153;154],[0.1;0.3;0.0;1.1;1.2;2.1;1.4;1.4;0.133333;0.046667]
96.000000,0,1,[3;3;3;3;3;3;3;7;7;7;7;7],[18;19;20;21;22;23;24;50;52;53;54;55],[1.233333;1.3;0.841667;1.808333;0.941667;0.1;1.691667;1.233333;1.142857;1.085714;1.542857;1.209524]
97.000000,1,1,[13;15;15;15;15;19;19;19;19;19;19],[105;118;120;122;123;150;151;152;153;155;156],[0.0;0.8;2.0;1.1;1.3;0.0;0.0;0.48;0.0;0.493333;0.633333]
97.000000,0,1,[3;3;3;3;3;3;7;7;7;7],[19;20;21;22;24;25;52;54;55;57],[1.075;0.691667;1.658333;0.866667;1.616667;1.075;0.942857;1.409524;1.142857;1.4]
98.000000,1,1,[15;15;15;15;15;19;19;19;19],[118;119;121;124;125;152;154;156;157],[0.7;1.0;1.2;1.4;2.3;0.28;0.0;0.533333;0.0]
98.000000,0,1,[3;3;3;3;3;3;7;7;7;7],[18;19;20;21;22;25;50;53;54;56],[1.158333;0.925;0.616667;1.508333;0.716667;1.0;1.166667;1.019048;1.27619;1.266667]
98.000000,1,7,[16;16;16;16;16;16;16],[126;128;129;130;131;132;133],[0.973333;0.926667;1.54;1.326667;1.18;0.966667;1.433333]
98.000000,0,7,[12;12;12;12;12;12;12],[90;93;94;95;96;98;100],[2.558333;2.691667;2.75;2.6;2.408333;2.383333;2.5]
99.000000,1,1,[13;15;15;15;15;15;15;15;19;19],[106;118;119;121;122;123;124;125;155;156],[0.1;0.5;0.9;1.1;0.8;1.2;1.3;2.2;0.293333;0.333333]
99.000000,0,1,[3;3;3;3;3;7;7;7;7;7;7],[18;19;21;22;24;50;52;53;54;55;57],[1.083333;0.85;1.358333;0.641667;1.466667;1.1;0.87619;0.952381;1.209524;1.07619;1.333333]
99.000000,1,7,[16;16;16;16;16;16;16;16],[126;127;128;129;130;131;132;133],[0.92;1.333333;0.82;1.433333;1.273333;1.073333;0.86;1.38]
99.000000,0,7,[12;12;12;12;12;12],[91;92;93;95;96;99],[2.466667;2.825;2.591667;2.5;2.208333;2.3]
100.000000,1,1,[13;15;15;15;15;15;15;15;15;19;19],[109;118;119;120;121;122;123;124;125;152;156],[0.1;0.3;0.8;1.6;0.9;0.7;1.1;1.2;2.1;0.18;0.233333]
100.000000,0,1,[3;3;3;7;7;7;7],[18;24;25;53;54;55;56],[1.008333;1.391667;0.85;0.752381;1.07619;0.87619;1.2]
101.000000,1,1,[13;13;19;19;19],[106;109;152;155;156],[0.0;0.0;0.0;0.193333;0.0]
101.000000,0,1,[3;3;3;7;7],[18;22;25;53;54],[0.933333;0.566667;0.775;0.685714;1.009524]
101.000000,1,3,[17;17;17;17],[136;137;138;140],[0.6;0.3;0.527273;0.5]
101.000000,0,3,[8;8;8;8;8;8],[59;60;61;62;64;65],[0.356364;0.163636;0.32;0.138182;0.245455;0.218182]
102.000000,1,1,[19],[155],[0.0]
102.000000,0,1,[3],[21],[1.283333]
102.000000,1,3,[17;17;17;17;17],[134;135;139;140;141],[0.5;0.581818;0.354545;0.3;0.8]
102.000000,0,3,[8;8;8;8;8],[59;60;61;63;65],[0.283636;0.0;0.247273;0.154545;0.072727]
107.000000,1,2,[15;15;15;15;15],[120;121;123;124;125],[1.4;0.7;0.9;1.0;1.7]
107.000000,0,2,[8;8;8;8;8],[59;62;63;64;65],[0.203636;0.098182;0.074545;0.165455;0.032727]
107.000000,1,6,[17;17;17;17;17;17;17],[134;135;136;137;139;140;141],[0.4;0.481818;0.5;0.1;0.254545;0.2;0.7]
107.000000,0,6,[4;4;4;4;4],[27;28;30;31;33],[1.586667;1.693333;1.8;1.586667;1.2]
108.000000,1,2,[15;15;15;15;15;15],[119;120;121;123;124;125],[0.3;0.8;0.5;0.7;0.6;1.6]
108.000000,0,2,[8;8;7;7;7;7;7],[59;65;50;51;52;54;57],[0.163636;0.0;1.042857;1.57619;0.761905;0.952381;1.27619]
108.000000,1,6,[17;17;17;17;17;17;17],[134;135;136;137;138;140;141],[0.2;0.381818;0.4;0.0;0.427273;0.1;0.6]
108.000000,0,6,[4;4;4;4;4;4],[26;28;29;31;32;33],[1.586667;1.493333;1.693333;1.186667;1.6;1.0]
109.000000,1,2,[15;15;15;15;15;15],[118;119;120;122;123;124],[0.0;0.0;0.4;0.4;0.6;0.3]
109.000000,0,2,[8;8;8;7;7;7],[59;61;62;52;56;57],[0.123636;0.207273;0.058182;0.647619;1.142857;1.161905]
109.000000,1,6,[17;17;17;17;17],[134;135;136;138;141],[0.1;0.181818;0.3;0.127273;0.5]
109.000000,0,6,[4;4;4;4],[26;28;31;33],[1.386667;1.093333;0.586667;0.8]
110.000000,1,2,[15;15;15;15],[119;122;124;125],[0.0;0.0;0.2;1.1]
110.000000,0,2,[8;7;7;7;7;7],[59;51;52;53;54;55],[0.083636;1.519048;0.590476;0.628571;0.895238;0.761905]
110.000000,1,6,[17;17;17;17],[134;136;138;141],[0.0;0.0;0.027273;0.2]
110.000000,0,6,[4;4;4;4],[27;30;31;32],[1.386667;1.4;0.0;1.4]
111.000000,1,6,[17;17;17;17],[138;139;140;141],[0.0;0.154545;0.0;0.0]
111.000000,0,6,[4;4;4],[26;28;30],[0.986667;0.893333;1.0]
111.000000,1,9,[16;16;16;16;16;16],[126;127;128;131;132;133],[0.72;1.233333;0.72;0.873333;0.76;1.28]
111.000000,0,9,[10;10;10;10;10],[76;77;78;79;81],[0.493333;0.546667;0.44;0.946667;0.146667]
112.000000,1,6,[17;17],[135;139],[0.0;0.0]
112.000000,0,6,[4],[26],[0.586667]
112.000000,1,9,[16;16;16;16;16;16],[126;127;128;129;132;133],[0.62;1.033333;0.62;1.033333;0.46;0.78]
112.000000,0,9,[10;10;10;10;9;9],[74;75;77;78;69;72],[1.293333;0.993333;0.493333;0.386667;2.403509;2.803509]
113.000000,1,9,[16;16;16;16;16],[126;128;129;130;132],[0.52;0.52;0.933333;1.073333;0.16]
113.000000,0,9,[10;10;10;10],[76;79;80;81],[0.386667;0.893333;1.793333;0.0]
117.000000,1,1,[15;15;15;15],[120;121;124;125],[0.2;0.4;0.0;1.0]
117.000000,0,1,[6;6;6;6],[42;43;44;46],[2.35;1.966667;1.608333;1.366667]
118.000000,1,1,[15;15;15],[120;121;125],[0.0;0.0;0.8]
118.000000,0,1,[6;6;6],[45;47;49],[2.233333;1.008333;1.841667]
119.000000,1,1,[15;15;15],[120;123;125],[0.0;0.3;0.7]
119.000000,0,1,[6;6;6],[46;47;48],[1.291667;0.933333;2.083333]
120.000000,1,1,[15;15],[123;125],[0.0;0.3]
120.000000,0,1,[6],[47],[0.783333]
121.000000,1,1,[15],[125],[0.0]
121.000000,0,1,[6],[42],[2.275]
123.000000,1,5,[18;18;18;18],[143;145;148;149],[2.266667;2.133333;1.933333;2.6]
123.000000,0,5,[2;2;2;2;2],[10;12;14;16;17],[0.405455;0.584545;0.648182;0.514545;0.430909]
125.000000,1,5,[18;18;18;18;18],[143;144;145;147;149],[2.166667;2.366667;2.033333;2.4;2.4]
125.000000,0,5,[10;10;10],[74;76;78],[1.133333;0.226667;0.28]
130.000000,1,8,[18;18;18;18;18],[142;143;144;145;148],[2.333333;1.966667;1.966667;1.633333;1.733333]
130.000000,0,8,[2;2;2;2],[10;12;13;15],[0.205455;0.484545;0.323636;0.243636]
133.000000,1,6,[24;24;24;24],[194;195;200;201],[2.566667;1.866667;2.166667;1.7]
133.000000,0,6,[4;4;4;4;4;4],[26;28;29;30;32;33],[0.533333;0.84;1.64;0.84;1.186667;0.693333]
134.000000,1,6,[24;24;24;24;24;24],[191;193;194;196;197;200],[1.9;2.1;2.366667;1.166667;1.966667;2.066667]
134.000000,0,6,[4;4;4;4;4;4],[26;27;29;30;32;33],[0.373333;1.28;1.533333;0.733333;1.08;0.64]
135.000000,1,6,[24;24;24;24;24],[191;192;195;198;201],[1.8;2.3;1.766667;2.2;1.5]
135.000000,0,6,[4;4;4;4;4;4],[26;27;28;29;32;33],[0.16;1.226667;0.786667;1.426667;0.973333;0.533333]
136.000000,1,6,[24;24;24;24;24],[193;195;198;199;201],[1.8;1.666667;2.1;2.5;1.4]
136.000000,0,6,[4;4;4;4;4;4],[26;28;29;30;32;33],[0.106667;0.573333;1.266667;0.626667;0.92;0.48]
140.000000,1,3,[24;24;24;24;24],[190;191;194;196;198],[2.3;1.7;2.166667;0.966667;2.0]
140.000000,0,3,[4;4;4;4;4;4;4],[26;27;28;29;30;32;33],[0.0;1.173333;0.52;1.106667;0.573333;0.813333;0.426667]
141.000000,1,3,[24;24;24;24;24],[193;194;196;199;201],[1.7;2.066667;0.866667;2.3;1.3]
141.000000,0,3,[4;4;4;4;4;4],[27;28;29;30;32;33],[1.066667;0.466667;1.0;0.466667;0.76;0.213333]
141.000000,1,11,[16;16;16;16;16],[127;128;129;130;131],[0.766667;0.453333;0.866667;1.006667;0.806667]
141.000000,0,11,[1;1;1;1;1],[3;5;6;8;9],[0.7;0.4;0.8;0.6;1.0]
142.000000,1,11,[16;16;16;16;16;16],[126;127;128;129;130;131],[0.453333;0.633333;0.386667;0.8;0.873333;0.74]
142.000000,0,11,[1;1;1;1;1;1],[2;3;4;6;7;9],[0.6;0.6;0.7;0.7;0.3;0.9]
