0,player1,player2,status,focus
0.000000,1100,1100,0,2
1.000000,1100,1100,0,2
2.000000,1100,1100,0,2
3.000000,1100,1100,0,2
4.000000,1100,1100,0,2
5.000000,1124,1116,0,2
6.000000,1156,1132,0,2
7.000000,1172,1172,0,2
8.000000,1300,1212,0,2
9.000000,1316,1260,0,2
10.000000,1348,1396,0,2
11.000000,1396,1500,0,2
12.000000,1428,1508,0,2
13.000000,1444,1516,0,2
14.000000,1460,1524,0,2
15.000000,1476,1540,0,2
16.000000,1492,1416,0,2
17.000000,1596,1408,0,2
18.000000,1588,1424,0,2
19.000000,1580,1440,0,2
20.000000,1580,1456,0,17
21.000000,1580,1488,0,17
22.000000,1580,1528,0,17
23.000000,1579,1652,0,17
24.000000,1579,1652,0,17
25.000000,1575,1652,0,17
26.000000,1573,1762,0,17
27.000000,1570,1761,0,17
28.000000,1567,1756,0,17
29.000000,1557,1755,0,17
30.000000,1556,1767,0,21
31.000000,1556,1781,0,21
32.000000,1556,1288,0,21
33.000000,1556,1312,0,21
34.000000,1448,1328,0,21
35.000000,1440,1334,0,21
36.000000,1432,1342,0,21
37.000000,1421,1354,0,21
38.000000,1413,1366,0,21
39.000000,1288,1482,0,21
40.000000,1262,1384,0,2
41.000000,1238,1888,0,2
42.000000,1190,1888,0,2
43.000000,1154,1900,0,2
44.000000,1138,1900,0,2
45.000000,1119,1900,0,2
46.000000,1103,1904,0,2
47.000000,1092,1912,0,2
48.000000,1084,1920,0,2
49.000000,1084,1930,0,2
50.000000,568,1840,0,7
51.000000,604,1808,0,7
52.000000,736,1808,0,7
53.000000,720,1808,0,7
54.000000,696,1808,0,7
55.000000,588,1808,0,7
56.000000,572,1808,0,7
57.000000,556,1828,0,7
58.000000,516,1940,0,7
59.000000,500,1948,0,7
60.000000,508,1968,0,7
61.000000,508,1984,0,7
62.000000,508,2000,0,7
63.000000,508,2016,0,7
64.000000,508,2024,0,7
65.000000,508,2040,0,7
66.000000,508,2056,0,7
67.000000,508,2080,0,7
68.000000,508,2104,0,7
69.000000,508,2128,0,7
70.000000,508,2252,0,14
71.000000,508,2268,0,14
72.000000,508,1744,0,14
73.000000,492,1688,0,14
74.000000,476,1604,0,14
75.000000,444,1616,0,14
76.000000,428,1524,0,14
77.000000,436,1464,0,14
78.000000,536,1588,0,14
79.000000,636,1588,0,14
80.000000,736,1588,0,8
81.000000,836,1600,0,8
82.000000,2424,1704,2,8
