0,player,node,groups,units,health
12.000000,1,6,[20;20;20;20;20],[158;159;161;163;165],[0.4;0.8;0.8;0.6;0.8]
12.000000,0,6,[11;11;11;11;11;11],[82;83;84;87;88;89],[0.6;0.8;0.8;0.6;0.8;0.8]
13.000000,1,6,[20;20;20;20],[158;160;162;164],[0.0;0.6;0.6;0.8]
13.000000,0,6,[11;11;11;11;11],[82;84;87;88;89],[0.4;0.4;0.4;0.6;0.2]
20.000000,1,7,[15;15;15;15;15;15;15],[118;120;121;122;123;124;125],[2.2;2.4;2.9;2.4;2.8;2.7;2.8]
20.000000,0,7,[2;2;2;12;12;12;12],[10;11;13;92;94;99;101],[0.963636;0.963636;0.963636;2.936842;2.936842;2.873684;2.936842]
21.000000,1,7,[15;15;15;15;15;15;15;15],[118;119;120;121;122;123;124;125],[2.1;2.7;2.2;2.7;2.0;2.3;2.0;2.4]
21.000000,0,7,[2;2;2;12;12;12;12],[14;15;16;94;96;100;101],[0.963636;0.963636;0.963636;2.810526;2.936842;2.936842;2.873684]
22.000000,1,7,[15;15;15;15;15],[118;119;121;122;123],[1.7;2.1;2.5;1.8;2.1]
22.000000,0,7,[2;2;2;2;2;2],[11;12;13;14;15;16],[0.890909;0.963636;0.890909;0.927273;0.927273;0.927273]
23.000000,1,7,[15;15;15;15;15;15],[118;119;121;122;123;124],[1.5;1.9;2.1;1.4;1.9;1.8]
23.000000,0,7,[2;2;2;2;2;2],[11;12;14;15;16;17],[0.818182;0.927273;0.890909;0.854545;0.890909;0.963636]
27.000000,1,3,[23;23;23;23;23],[182;184;186;188;189],[0.9;0.7;0.8;0.9;0.9]
27.000000,0,3,[4;4;4;4;4;4],[26;27;28;30;32;33],[1.893333;1.786667;1.893333;1.786667;1.893333;1.893333]
27.000000,1,7,[15;15;18;18;20;20;24],[124;125;143;149;162;164;195],[1.6;2.2;2.8;2.8;0.4;0.6;2.6]
27.000000,0,7,[8;8;8;8;8;8;8;8],[58;59;60;61;62;63;64;65],[0.854545;0.890909;0.818182;0.781818;0.854545;0.818182;0.709091;0.745455]
28.000000,1,3,[23;23;23;23;23;23],[182;183;186;187;188;189],[0.5;0.7;0.5;0.6;0.6;0.2]
28.000000,0,3,[4;4;4;4;11;11],[26;30;31;32;85;86],[1.786667;1.68;1.893333;1.68;0.927273;0.854545]
28.000000,1,7,[15;15;15;20;20;20],[118;123;125;163;164;165],[1.1;1.7;1.8;0.4;0.4;0.6]
28.000000,0,7,[8;8;8;8;8;8;8],[58;59;61;62;63;64;65],[0.745455;0.818182;0.709091;0.818182;0.636364;0.490909;0.636364]
28.000000,1,9,[17;17;17;17;17;14;14;14;14],[135;136;138;139;140;114;115;116;117],[0.963636;0.963636;0.927273;0.963636;0.890909;0.963636;0.963636;0.963636;0.963636]
28.000000,0,9,[12;12;12;12;12;12;12;12;12],[92;93;94;96;97;98;99;100;101],[2.736842;2.6;2.610526;2.736842;2.0;2.4;2.673684;2.736842;2.673684]
28.000000,1,10,[19;19;19;19;19;19],[150;151;152;153;154;155],[1.657143;1.885714;1.885714;1.885714;1.885714;1.885714]
28.000000,0,10,[2;2;2;2],[10;13;15;16],[0.763636;0.690909;0.554545;0.790909]
29.000000,1,7,[15;15;15;15;20;20;20],[120;123;124;125;163;164;165],[2.0;1.5;1.4;1.4;0.2;0.2;0.4]
29.000000,0,7,[8;8;8;8;8;8],[58;59;61;63;64;65],[0.636364;0.527273;0.6;0.490909;0.454545;0.527273]
29.000000,1,9,[17;17;17;17;17;17],[134;135;136;137;138;139],[0.963636;0.818182;0.890909;0.927273;0.854545;0.927273]
29.000000,0,9,[12;12;12;12;12;12;12],[91;93;94;96;97;99;101],[2.8;2.4;2.410526;2.336842;1.8;2.473684;2.473684]
29.000000,1,10,[19;19;19;19;19;19],[151;152;153;154;155;156],[1.657143;1.771429;1.771429;1.771429;1.771429;1.771429]
29.000000,0,10,[2;2;2;2;2],[10;11;12;16;17],[0.563636;0.518182;0.827273;0.690909;0.863636]
30.000000,1,7,[15;15;15;15;20;20],[119;122;123;124;163;164],[1.7;1.2;0.9;1.2;0.0;0.0]
30.000000,0,7,[8;8;8;8;8;8;8;8],[58;59;60;61;62;63;64;65],[0.563636;0.418182;0.709091;0.418182;0.781818;0.381818;0.345455;0.454545]
30.000000,1,9,[17;17;17;17;17],[135;136;137;138;141],[0.781818;0.818182;0.890909;0.636364;0.927273]
30.000000,0,9,[12;12;12;12;12;12;12],[90;92;94;95;96;97;100],[2.6;2.536842;2.210526;2.8;2.136842;1.6;2.536842]
30.000000,1,10,[19;19;19;19;19],[150;151;152;154;156],[1.542857;1.542857;1.428571;1.657143;1.542857]
30.000000,0,10,[2;2;2;2;2;2],[11;13;14;15;16;17],[0.418182;0.590909;0.790909;0.454545;0.490909;0.663636]
31.000000,1,7,[20;20;20;20;20],[159;160;161;162;165],[0.6;0.4;0.4;0.0;0.0]
31.000000,0,7,[8;8;8;8],[59;60;64;65],[0.345455;0.563636;0.272727;0.381818]
31.000000,1,9,[17;17;17;17;17;17],[135;137;138;139;140;141],[0.636364;0.854545;0.6;0.818182;0.818182;0.890909]
31.000000,0,9,[12;12;12;12;12],[91;94;97;98;100],[2.6;1.810526;1.2;2.2;2.136842]
31.000000,1,10,[19;19;19;19;19;19],[150;151;152;153;154;155],[1.428571;1.428571;1.2;1.542857;1.542857;1.657143]
31.000000,0,10,[2;2;2;2],[11;14;16;17],[0.218182;0.690909;0.390909;0.263636]
32.000000,1,3,[21;21;21;21;21;21],[166;167;168;169;172;173],[2.5;2.6;2.8;2.3;2.7;2.7]
32.000000,0,3,[11;11;1;1;1;1],[84;86;3;5;8;9],[0.363636;0.781818;1.946667;1.893333;1.946667;1.946667]
32.000000,1,7,[20;20;14;14;14;14;14],[160;161;110;113;114;115;116],[0.2;0.2;0.8;0.8;0.763636;0.763636;0.563636]
32.000000,0,7,[8;8;8;8;8;8],[58;59;60;62;63;65],[0.345455;0.2;0.490909;0.709091;0.236364;0.236364]
32.000000,1,10,[19;19;19;19],[152;153;155;157],[1.085714;1.2;1.314286;1.885714]
32.000000,0,10,[2;2;2;2;2],[10;11;12;15;16],[0.463636;0.118182;0.627273;0.254545;0.190909]
33.000000,1,5,[23;23;23;23;23;23],[182;183;186;187;188;189],[0.427273;0.663636;0.463636;0.563636;0.527273;0.163636]
33.000000,0,5,[10;10;10;10;10],[74;78;79;80;81],[1.4;1.6;1.8;1.8;1.8]
33.000000,1,7,[20;20;14;14;14;14],[159;160;110;112;115;117],[0.2;0.0;0.6;0.8;0.563636;0.763636]
33.000000,0,7,[8;8;8;8;8;8;8],[58;59;60;61;62;63;64],[0.272727;0.127273;0.345455;0.272727;0.636364;0.090909;0.127273]
34.000000,1,7,[20;14;14;14;14],[159;110;112;116;117],[0.0;0.4;0.2;0.163636;0.563636]
34.000000,0,7,[8;8;8;8;8],[59;61;62;63;65],[0.0;0.2;0.490909;0.0;0.163636]
35.000000,1,5,[23;23;23;23],[182;183;187;189],[0.354545;0.445455;0.418182;0.018182]
35.000000,0,5,[5;5;5;5;5],[35;36;37;39;41],[0.6;0.8;0.8;0.8;0.4]
35.000000,1,7,[20],[161],[0.0]
35.000000,0,7,[2],[15],[0.181818]
36.000000,1,4,[18;18;18;18],[142;145;146;148],[2.8;2.9;2.8;2.7]
36.000000,0,4,[7;7;7;7;7],[50;51;54;56;57],[1.885714;1.942857;1.828571;1.942857;1.942857]
36.000000,1,5,[23;23;23;23;23;23;23],[183;184;185;186;187;188;189],[0.372727;0.627273;0.927273;0.390909;0.345455;0.454545;0.0]
36.000000,0,5,[5;5;5;5;5],[34;35;39;40;41],[0.6;0.0;0.6;0.8;0.2]
36.000000,1,10,[19;19;19;19;19],[150;151;153;154;155],[1.314286;1.314286;1.085714;1.371429;1.142857]
36.000000,0,10,[12;12;12;12],[90;92;95;98],[2.5;2.436842;2.4;2.0]
37.000000,1,4,[18;18;18;18;18;18;18;18],[142;143;144;145;146;147;148;149],[2.5;2.6;2.3;2.8;2.2;2.8;2.5;2.7]
37.000000,0,4,[7;7;7;11;11;11;11],[51;53;54;82;83;86;87],[1.885714;1.942857;1.771429;0.36;0.76;0.741818;0.32]
38.000000,1,4,[18;18;18;18;18;18],[142;144;145;147;148;149],[2.4;2.2;2.7;2.6;2.4;2.5]
38.000000,0,4,[7;7;7;7;7],[50;51;52;54;56],[1.828571;1.771429;1.942857;1.657143;1.828571]
39.000000,1,2,[23;23;23;23],[182;183;184;187],[0.254545;0.272727;0.127273;0.245455]
39.000000,0,2,[10;10;10],[75;76;78],[1.657143;1.771429;1.371429]
39.000000,1,4,[18;18;18;18;18],[142;143;146;147;149],[2.3;2.5;2.0;2.4;2.3]
39.000000,0,4,[7;7;7;7;7;7],[50;51;52;53;54;56],[1.771429;1.714286;1.828571;1.828571;1.6;1.771429]
40.000000,1,2,[23;23;23;23;23],[182;183;184;186;187],[0.0;0.072727;0.0;0.0;0.045455]
40.000000,0,2,[5;5;5;5],[34;36;40;41],[0.52;0.56;0.72;0.04]
40.000000,1,4,[18;18;18;18;18;18;18;18],[142;143;144;145;146;147;148;149],[2.2;2.3;2.0;2.6;1.8;2.1;2.2;2.0]
40.000000,0,4,[7;7;3;3],[50;55;18;25],[1.714286;1.771429;2.933333;2.866667]
40.000000,1,5,[13;21;21;21;21;16;16],[107;167;168;170;173;128;133],[1.946667;2.536842;2.673684;2.936842;2.636842;1.946667;1.946667]
40.000000,0,5,[1;1;1;1;1;1;1;1],[2;3;4;5;6;7;8;9],[1.6;1.646667;1.8;1.493333;1.9;1.5;1.846667;1.546667]
41.000000,1,4,[18;18;18;18;18;18],[142;144;145;146;148;149],[2.1;1.9;2.5;1.5;2.1;1.9]
41.000000,0,4,[7;7;7;7],[50;51;52;56],[1.542857;1.6;1.714286;1.714286]
41.000000,1,5,[13;21;21;21;16;16;16;16],[106;167;168;173;127;129;131;132],[1.946667;2.473684;2.610526;2.573684;1.946667;1.946667;1.946667;1.946667]
41.000000,0,5,[1;1;1;1;1;1;1;1],[2;3;4;5;6;7;8;9],[1.3;1.346667;1.4;1.193333;1.3;1.3;1.746667;1.346667]
41.000000,1,7,[24;24;24;24;24;24;24;24;24],[191;192;193;194;195;196;198;200;201],[2.7;2.9;2.8;2.9;2.5;2.9;2.9;2.9;2.9]
41.000000,0,7,[12;12;12;12;12;12],[91;92;93;96;100;101],[2.473684;2.121053;2.273684;2.073684;2.073684;2.410526]
42.000000,1,9,[15;15;15;15;15;15],[118;119;121;122;123;124],[0.973684;1.447368;1.847368;1.073684;0.773684;1.073684]
42.000000,0,9,[2;2;2;2;2;2],[10;11;12;13;16;17],[0.363636;0.018182;0.427273;0.490909;0.0;0.163636]
44.000000,1,1,[23;23;23],[183;185;187],[0.0;0.627273;0.0]
44.000000,0,1,[6;6;6;6],[42;46;47;48],[2.85;2.85;2.85;2.85]
44.000000,1,9,[15;15;15;15],[120;122;123;125],[1.936842;0.884211;0.710526;1.210526]
44.000000,0,9,[4;4;4;4;4],[26;27;29;30;32],[1.586667;1.686667;1.8;1.58;1.48]
45.000000,1,1,[23;23],[185;188],[0.027273;0.254545]
45.000000,0,1,[6;6],[48;49],[2.7;2.85]
46.000000,1,1,[23;23],[185;188],[0.0;0.0]
46.000000,0,1,[6;6],[42;45],[2.7;2.85]
48.000000,1,3,[13;13;13;13;13;13;13;13],[102;103;104;105;106;107;108;109],[1.5;1.7;1.4;1.5;1.746667;1.846667;1.2;1.2]
48.000000,0,3,[11;11;3;3;5;5;5;5],[87;89;21;23;37;38;39;41],[0.283636;0.163636;2.936842;2.936842;0.763636;0.963636;0.563636;0.003636]
48.000000,1,9,[14;14;14;14;14;14;14;14],[110;111;112;113;114;115;116;117],[0.327273;0.890909;0.127273;0.727273;0.618182;0.527273;0.127273;0.527273]
48.000000,0,9,[4;4;1;1;1;1],[26;27;3;4;5;9],[1.186667;1.286667;1.146667;1.2;0.993333;1.146667]
49.000000,1,3,[13;13;13;13;13;13;13],[102;103;105;106;107;108;109],[1.2;1.1;1.1;1.446667;1.646667;0.9;0.9]
49.000000,0,3,[11;11;11;11;11;11;3],[82;83;85;86;87;88;19],[0.323636;0.723636;0.854545;0.705455;0.247273;0.563636;2.936842]
50.000000,1,3,[13;13;13;13;13;16;16;16;16;16;16],[102;105;107;108;109;126;127;128;129;130;133],[1.0;0.9;1.546667;0.7;0.6;1.8;1.846667;1.146667;1.846667;1.9;1.846667]
50.000000,0,3,[11;11;11;11;11;3;3;3],[82;83;85;87;89;18;24;25],[0.287273;0.650909;0.745455;0.138182;0.090909;2.807018;2.873684;2.803509]
50.000000,1,9,[21;21;21;21;21],[167;168;170;171;173],[2.410526;2.484211;2.747368;2.936842;2.510526]
50.000000,0,9,[4;4;4;4],[26;27;28;29],[1.086667;1.186667;1.793333;1.3]
51.000000,1,3,[13;13;13;13;13;13;16;16;16;16;16],[102;103;105;107;108;109;128;129;130;131;133],[0.8;0.8;0.7;1.246667;0.6;0.5;0.746667;1.746667;1.7;1.546667;1.746667]
51.000000,0,3,[11;11;11;11;11;11;3;3;3;3;3],[82;84;85;86;87;89;21;22;23;24;25],[0.214545;0.327273;0.709091;0.632727;0.065455;0.054545;2.873684;2.936842;2.810526;2.747368;2.740351]
51.000000,1,9,[21;21;21;21;21],[166;167;169;171;173],[2.310526;2.347368;2.236842;2.873684;2.384211]
51.000000,0,9,[4;4;4;4;4;4],[26;27;30;31;32;33],[0.886667;1.086667;1.48;1.793333;1.38;1.693333]
51.000000,1,11,[19;19;19;19;19],[150;151;152;154;157],[1.180952;1.180952;0.952381;1.104762;1.619048]
51.000000,0,11,[2;2;2;2],[10;12;13;14],[0.263636;0.227273;0.090909;0.590909]
52.000000,1,3,[16;16;16;16;16;16],[126;128;129;130;131;133],[1.6;0.546667;1.346667;1.5;1.346667;1.346667]
52.000000,0,3,[11;11;11;11;11],[82;85;87;88;89],[0.178182;0.636364;0.0;0.490909;0.018182]
53.000000,1,1,[24;24;24;24;24;24;24],[190;191;192;195;196;197;198],[2.9;2.6;2.8;2.3;2.8;2.9;2.8]
53.000000,0,1,[7;7;7;7;7;7],[50;53;54;55;56;57],[1.47619;1.695238;1.4;1.504762;1.647619;1.87619]
53.000000,1,3,[16;16;16;16;16],[126;129;130;132;133],[1.2;1.146667;1.1;1.746667;1.146667]
53.000000,0,3,[11;11;11;11;11],[82;85;86;88;89],[0.141818;0.563636;0.56;0.454545;0.0]
53.000000,1,8,[17;17;17;14;14;14;14;14],[135;136;137;110;113;114;115;116],[0.596364;0.778182;0.814545;0.287273;0.687273;0.578182;0.487273;0.087273]
53.000000,0,8,[1;1;1;1;1;1],[2;3;5;7;8;9],[0.3;0.546667;0.593333;1.1;1.146667;0.746667]
54.000000,1,1,[24;24;24;24;24;24],[190;191;193;194;195;196],[2.7;2.5;2.7;2.8;2.2;2.6]
54.000000,0,1,[7;7;7;7;7;7],[50;52;53;54;55;57],[1.342857;1.514286;1.628571;1.333333;1.238095;1.809524]
54.000000,1,3,[16;16;16;16],[128;131;132;133],[0.346667;1.146667;1.546667;0.546667]
54.000000,0,3,[11;11;11;11;11;11],[82;83;84;85;86;88],[0.105455;0.614545;0.290909;0.527273;0.487273;0.381818]
54.000000,1,8,[17;17;17;14;14;14],[137;139;140;112;114;117],[0.734545;0.778182;0.778182;0.087273;0.498182;0.487273]
54.000000,0,8,[1;1;1;1;1;1],[2;3;4;6;7;8],[0.1;0.0;0.8;0.9;0.5;0.146667]
55.000000,1,1,[24;24;24;24;24;24;24],[190;194;195;197;199;200;201],[2.6;2.7;2.1;2.8;2.8;2.8;2.8]
55.000000,0,1,[7;7;7;7;7;7;7;7],[50;51;52;53;54;55;56;57],[1.27619;1.533333;1.314286;1.495238;1.266667;1.104762;1.580952;1.742857]
55.000000,1,8,[17;17;17;14;14],[135;138;139;110;111],[0.556364;0.52;0.738182;0.207273;0.850909]
55.000000,0,8,[1;1;1;1;1;1],[2;4;5;7;8;9],[0.0;0.0;0.193333;0.0;0.0;0.546667]
56.000000,1,1,[24;24;24;24;24;24],[191;192;194;196;197;198],[2.4;2.7;2.4;2.5;2.7;2.7]
56.000000,0,1,[7;7;7;7;7;7;7;7],[50;51;52;53;54;55;56;57],[1.142857;1.466667;1.247619;1.428571;1.2;0.971429;1.447619;1.609524]
56.000000,1,3,[16;16;16;15;15;15],[126;128;130;118;121;122],[1.0;0.146667;0.9;0.773684;1.647368;0.484211]
56.000000,0,3,[5;5;5;5;5;5;5],[34;36;37;38;39;40;41],[0.483636;0.450909;0.727273;0.890909;0.309091;0.683636;0.0]
56.000000,1,8,[17;17;14;14;14;14;14],[135;140;112;113;115;116;117],[0.516364;0.738182;0.007273;0.607273;0.367273;0.047273;0.447273]
56.000000,0,8,[1;1;1;4;4;4;4],[5;6;9;26;27;30;31],[0.0;0.5;0.146667;0.086667;0.486667;1.28;1.193333]
57.000000,1,1,[24;24;24;24;24;24;24;24;24],[190;193;194;195;196;197;198;199;200],[2.5;2.6;2.2;2.0;2.2;2.6;2.6;2.7;2.7]
57.000000,0,1,[12;12;12;12;12;12;12;12],[90;91;92;96;97;98;100;101],[2.425;2.398684;1.971053;1.923684;1.05;1.925;1.923684;2.335526]
57.000000,1,3,[16;15;15;15;15],[129;118;119;120;121],[0.946667;0.573684;1.247368;1.536842;1.447368]
57.000000,0,3,[5;5;5;5],[34;36;38;40],[0.301818;0.269091;0.781818;0.574545]
57.000000,1,8,[17;17],[136;138],[0.738182;0.48]
57.000000,0,8,[1;1],[6;9],[0.0;0.0]
58.000000,1,1,[24;24;24;24;24;24;24;24;24],[190;191;192;194;195;197;198;199;201],[2.4;2.3;2.6;2.1;1.9;2.4;2.4;2.6;2.6]
58.000000,0,1,[12;12;12;12;12;12;12],[90;94;95;96;98;99;100],[2.275;1.660526;2.325;1.773684;1.775;2.398684;1.773684]
58.000000,1,3,[16;16;15;15;15],[128;132;122;124;125],[0.0;1.346667;0.284211;0.873684;1.010526]
58.000000,0,3,[5;5;5;5;5;5],[34;36;37;38;39;40],[0.265455;0.16;0.654545;0.672727;0.2;0.429091]
59.000000,1,1,[24;24;24;24;24;24;24;24;24;24;24],[190;191;192;193;194;196;197;198;199;200;201],[2.2;2.1;2.3;2.4;1.9;2.1;2.3;2.3;2.3;2.6;2.4]
59.000000,0,1,[12;12;12;12;12;12;10;10;10;10],[90;92;96;97;99;101;74;75;78;81],[2.2;1.896053;1.698684;0.975;2.248684;2.260526;1.266667;1.590476;1.304762;1.733333]
59.000000,1,3,[15;15;15;15;15],[119;120;123;124;125],[1.047368;1.336842;0.610526;0.773684;0.810526]
59.000000,0,3,[9;9;9;9;9],[67;69;70;71;72],[2.936842;2.873684;2.936842;2.810526;2.936842]
59.000000,1,10,[19;19;19;19;19],[151;152;153;155;156],[0.952381;0.838095;0.971429;1.028571;1.314286]
59.000000,0,10,[2;2;2;2;2;2],[10;12;13;14;15;17],[0.163636;0.127273;0.0;0.390909;0.081818;0.0]
60.000000,1,1,[24;24;24;24;24;24;24;24;24;24],[190;191;192;193;194;195;197;198;199;201],[1.9;1.8;2.2;2.3;1.8;1.8;2.1;1.8;2.1;2.3]
60.000000,0,1,[12;12;12;12;10;10;10;10;10],[90;97;100;101;74;77;79;80;81],[2.125;0.75;1.623684;2.185526;1.2;1.933333;1.733333;1.733333;1.666667]
60.000000,1,10,[19;19;19;19;19],[152;153;155;156;157],[0.72381;0.857143;0.914286;1.2;1.504762]
60.000000,0,10,[2;2;2;2],[11;12;14;15],[0.0;0.0;0.190909;0.0]
61.000000,1,1,[24;24;24;24;24;24;24;24],[191;192;193;195;196;197;199;200],[1.4;1.9;2.1;1.7;1.8;1.8;2.0;2.3]
61.000000,0,1,[12;12;12;10;10;10;10;10;10],[94;96;98;74;76;77;78;79;81],[1.585526;1.548684;1.7;1.133333;1.638095;1.866667;1.171429;1.666667;1.6]
62.000000,1,1,[24;24;24;24;24;24;24;24;24;24;24],[191;192;193;194;195;196;197;198;199;200;201],[1.2;1.7;2.0;1.5;1.6;1.4;1.7;1.7;1.9;2.2;2.0]
62.000000,0,1,[12;12;12;12;10;10;10;10;10],[92;94;96;101;74;75;76;78;79],[1.821053;1.435526;1.473684;2.035526;1.066667;1.457143;1.571429;1.104762;1.6]
63.000000,1,2,[16;16;16;16;16;16],[126;127;129;130;131;133],[0.8;1.646667;0.346667;0.7;1.046667;0.246667]
63.000000,0,2,[6;6;6;7;7;7],[43;45;46;52;55;56],[2.866667;2.783333;2.783333;1.190476;0.914286;1.390476]
64.000000,1,1,[18;18;18;18;18;18;18;18],[142;143;144;145;146;147;148;149],[1.9;2.0;1.6;2.3;1.1;1.9;2.0;1.6]
64.000000,0,1,[12;12;12;12;10;10;10],[91;92;96;100;77;79;80],[2.323684;1.746053;1.398684;1.473684;1.8;1.533333;1.666667]
64.000000,1,2,[16;16;16;16;16;16;16],[126;127;129;130;131;132;133],[0.3;1.446667;0.246667;0.3;0.946667;1.146667;0.146667]
64.000000,0,2,[6;6;6;6;6;7],[42;44;45;47;49;51],[2.633333;2.933333;2.65;2.783333;2.783333;1.409524]
65.000000,1,1,[18;18;18;18;18;18;18;18],[142;143;144;145;146;147;148;149],[1.7;1.9;1.5;2.1;1.0;1.7;1.8;1.5]
65.000000,0,1,[12;12;12;12;12],[90;94;96;98;101],[1.975;1.360526;1.323684;1.625;1.810526]
65.000000,1,2,[16;16;16;16;16;16;16],[126;127;129;130;131;132;133],[0.0;1.346667;0.046667;0.0;0.746667;0.946667;0.046667]
65.000000,0,2,[6;6;6;7;7;7;7],[42;45;48;52;54;55;57],[2.566667;2.583333;2.633333;1.133333;1.142857;0.857143;1.552381]
65.000000,1,3,[13;13;13;13;13],[102;105;106;108;109],[0.5;0.6;1.346667;0.5;0.3]
65.000000,0,3,[3;3;3;3;3;3],[18;19;20;22;24;25],[2.74386;2.873684;2.873684;2.873684;2.621053;2.677193]
65.000000,1,7,[21;21],[171;173],[2.673684;2.184211]
65.000000,0,7,[2;2],[10;14],[0.0;0.154545]
65.000000,1,9,[19;19;19;19],[150;151;152;156],[1.074286;0.739048;0.510476;1.093333]
65.000000,0,9,[11;11;11;11;11;11],[82;83;84;85;86;88],[0.0;0.414545;0.190909;0.427273;0.387273;0.281818]
66.000000,1,1,[18;18;18;18;18;18;18],[142;143;145;146;147;148;149],[1.5;1.7;2.0;0.8;1.5;1.7;1.3]
66.000000,0,1,[12;12;12;12;12],[90;91;97;98;100],[1.75;2.248684;0.675;1.55;1.323684]
66.000000,1,2,[16;16;16;16],[127;129;132;133],[1.146667;0.0;0.646667;0.0]
66.000000,0,2,[7;7;7],[52;53;54],[1.019048;1.314286;1.085714]
66.000000,1,9,[19;19],[151;153],[0.632381;0.430476]
66.000000,0,9,[11;11;11;11],[83;85;86;88],[0.314545;0.327273;0.287273;0.0]
67.000000,1,1,[18;18;18;18;18;18;18;18],[142;143;144;145;146;147;148;149],[1.4;1.6;1.4;1.7;0.7;1.3;1.6;1.1]
67.000000,0,1,[12;12;12;12;12;12],[90;91;93;94;99;101],[1.6;2.173684;2.198684;1.210526;2.173684;1.735526]
67.000000,1,2,[16;16;16],[127;131;132],[0.846667;0.346667;0.546667]
67.000000,0,2,[7;7],[51;55],[1.352381;0.742857]
67.000000,1,7,[21;21;21;21;21;21;15],[166;167;168;169;170;173;124],[2.210526;2.247368;2.384211;2.036842;2.647368;2.084211;0.673684]
67.000000,0,7,[9;9;9;9;9;9],[66;67;69;70;71;73],[2.873684;2.747368;2.684211;2.873684;2.557895;2.810526]
68.000000,1,1,[18;18;18;18;18;18],[142;144;145;146;147;148],[1.3;1.3;1.5;0.3;1.2;1.3]
68.000000,0,1,[12;12;12;12;12],[92;93;94;98;101],[1.596053;2.123684;1.060526;1.475;1.585526]
68.000000,1,2,[16;16],[127;132],[0.446667;0.146667]
68.000000,0,2,[7;7],[51;52],[1.238095;0.961905]
68.000000,1,7,[21;21;21;21;21;21;21],[166;167;168;169;170;171;172],[1.910526;1.947368;2.084211;1.936842;2.447368;2.273684;2.3]
68.000000,0,7,[9;9;5;5;5;5],[69;72;34;36;38;39],[2.621053;2.873684;0.192727;0.123636;0.636364;0.127273]
69.000000,1,1,[18;18;18;18;18;18],[142;143;145;146;147;149],[1.0;1.3;1.4;0.0;1.1;1.0]
69.000000,0,1,[12;12;12;12;12;12;12],[91;93;94;95;96;99;100],[2.098684;2.048684;0.910526;2.25;1.248684;2.098684;1.248684]
69.000000,1,7,[21;21;21;21;21;21],[166;168;169;171;172;173],[1.510526;1.984211;1.536842;1.773684;1.8;1.984211]
69.000000,0,7,[9;9;9;9;5;5],[67;69;71;72;38;40],[2.621053;2.557895;2.494737;2.810526;0.563636;0.392727]
70.000000,1,1,[18;18;18;18],[143;144;145;149],[1.0;0.7;1.2;0.9]
70.000000,0,1,[12;12;12;12;12],[91;93;95;99;100],[2.023684;1.973684;2.1;2.023684;1.098684]
71.000000,1,1,[18;18;18;18;18],[142;143;144;145;149],[0.7;0.7;0.3;1.1;0.8]
71.000000,0,1,[12;12;12;12;12],[93;96;99;100;101],[1.823684;1.173684;1.948684;0.948684;1.510526]
71.000000,1,11,[17;22;22;22;22],[137;176;178;179;181],[0.634545;1.866667;1.866667;1.733333;1.866667]
71.000000,0,11,[8;8;8;8;8;8],[58;60;61;62;64;65],[0.0;0.0;0.0;0.0;0.0;0.0]
72.000000,1,1,[18;18;18;18;18;18;18],[142;143;144;145;147;148;149],[0.3;0.5;0.1;0.8;0.7;1.2;0.4]
72.000000,0,1,[12;12;12;6;6],[91;94;95;46;48],[1.948684;0.835526;1.95;2.708333;2.483333]
72.000000,1,10,[15;15;15;15],[118;120;121;122],[0.440351;1.203509;1.314035;0.150877]
72.000000,0,10,[11;11;11;11],[83;84;85;86],[0.214545;0.0;0.127273;0.0]
73.000000,1,1,[18;18;18;18;18;18;18],[142;143;144;145;147;148;149],[0.2;0.2;0.0;0.6;0.5;1.1;0.0]
73.000000,0,1,[12;12;12;12;6;6],[91;95;98;100;45;46],[1.873684;1.8;1.4;0.873684;2.508333;2.633333]
74.000000,1,1,[18;18;18;18;18],[142;143;145;147;148],[0.0;0.0;0.1;0.2;0.8]
74.000000,0,1,[12;12;6;6],[95;99;48;49],[1.725;1.873684;2.408333;2.633333]
75.000000,1,1,[16;16;16],[127;131;132],[0.0;0.0;0.0]
75.000000,0,1,[12;6;6],[93;43;44],[1.748684;2.791667;2.858333]
75.000000,1,10,[19],[150],[0.96]
75.000000,0,10,[8],[61],[0.0]
76.000000,1,1,[24;24;24;24;24;24;24;24;24;24],[190;191;192;193;194;195;198;199;200;201],[1.6;1.0;1.6;1.7;1.2;1.2;1.6;1.8;2.1;1.9]
76.000000,0,1,[12;12;12;12;6;6;6;6],[93;95;100;101;43;46;47;48],[1.673684;1.575;0.798684;1.360526;2.716667;2.558333;2.633333;2.258333]
76.000000,1,9,[21;21],[168;171],[1.731579;1.268421]
76.000000,0,9,[5;5;5;5;5],[34;36;37;38;40],[0.0;0.023636;0.454545;0.463636;0.192727]
77.000000,1,1,[24;24;24;24;24;24;24;24;24;24;24],[190;191;192;193;194;196;197;198;199;200;201],[1.4;0.7;1.5;1.6;1.0;1.3;1.6;1.2;1.6;2.0;1.7]
77.000000,0,1,[12;12;12;12;12;12;12;12;6;6],[90;92;93;96;97;99;100;101;43;45],[1.525;1.521053;1.523684;1.098684;0.6;1.798684;0.723684;1.285526;2.641667;2.358333]
77.000000,1,9,[21;21;21;21],[166;167;172;173],[1.384211;1.694737;1.673684;1.857895]
77.000000,0,9,[5;5;5;5],[36;37;39;40],[0.0;0.354545;0.0;0.0]
78.000000,1,1,[24;24;24;24;24;24;24;24],[192;193;194;196;197;198;200;201],[1.4;1.4;0.8;1.2;1.0;0.9;1.6;1.6]
78.000000,0,1,[12;12;12;12;12;6;6;6;6;6;6],[92;97;99;100;101;42;43;44;45;47;48],[1.446053;0.525;1.723684;0.648684;1.210526;2.491667;2.566667;2.783333;2.283333;2.483333;2.183333]
78.000000,1,5,[14;14;14;14;14],[110;111;114;115;117],[0.107273;0.750909;0.398182;0.167273;0.147273]
78.000000,0,5,[4;4;4;4],[27;30;31;32],[0.0;0.68;0.993333;1.18]
78.000000,1,9,[21],[173],[1.605263]
78.000000,0,9,[5;5],[37;38],[0.0;0.163636]
79.000000,1,1,[24;24;24;24;24;24;24],[191;192;193;194;195;197;200],[0.6;1.1;1.2;0.7;1.1;0.8;1.4]
79.000000,0,1,[12;12;12;12;12;12;12;12],[91;93;94;95;96;97;100;101],[1.573684;1.373684;0.760526;1.5;1.023684;0.45;0.573684;1.135526]
79.000000,1,5,[14;14;14;14],[112;113;116;117],[0.0;0.407273;0.0;0.047273]
79.000000,0,5,[4;4;4;4;4],[26;29;31;32;33],[0.0;1.1;0.793333;0.98;1.493333]
79.000000,1,9,[21],[166],[1.257895]
79.000000,0,9,[5],[38],[0.0]
80.000000,1,1,[24;24;24;24;24;24;24;24],[191;192;193;195;196;197;198;200],[0.4;0.9;1.0;0.9;1.1;0.7;0.8;1.3]
80.000000,0,1,[12;12;12;12;12;12;12;12;12],[92;93;94;95;96;97;98;100;101],[1.371053;1.148684;0.685526;1.425;0.948684;0.375;1.325;0.423684;1.060526]
80.000000,1,9,[13;13],[102;108],[0.393333;0.393333]
80.000000,0,9,[11;11],[83;85],[0.0;0.0]
81.000000,1,1,[24;24;24;24;24;24;24;24],[190;191;192;193;195;197;198;200],[1.2;0.3;0.7;0.8;0.8;0.6;0.6;1.2]
81.000000,0,1,[12;12;12;12;12;12;12],[90;91;92;94;95;99;100],[1.45;1.273684;1.221053;0.610526;1.35;1.573684;0.348684]
81.000000,1,4,[18;18;18],[145;147;148],[0.0;0.0;0.3]
81.000000,0,4,[2;9;9],[14;66;69],[0.114545;2.807018;2.491228]
82.000000,1,1,[24;24;24;24;24;24;24;24;24;24],[190;191;192;193;194;195;196;198;199;201],[1.1;0.2;0.6;0.7;0.6;0.7;0.9;0.4;1.5;1.5]
82.000000,0,1,[12;12;12;12;12;12;12;12],[90;94;95;96;97;98;100;101],[1.375;0.460526;1.125;0.873684;0.3;1.175;0.273684;0.985526]
82.000000,1,4,[18],[148],[0.1]
82.000000,0,4,[2],[14],[0.074545]
83.000000,1,1,[24;24;24;24;24;24;24;24],[190;191;192;195;196;198;199;200],[1.0;0.0;0.4;0.5;0.8;0.3;1.3;1.1]
83.000000,0,1,[12;12;12;12;12;12;12;12;12],[90;92;93;95;96;98;99;100;101],[1.225;1.146053;1.073684;0.9;0.798684;1.1;1.498684;0.198684;0.910526]
83.000000,1,4,[18],[148],[0.0]
83.000000,0,4,[2],[14],[0.034545]
84.000000,1,1,[24;24;24;24;24;24;24],[191;193;194;198;199;200;201],[0.0;0.6;0.2;0.2;1.2;1.0;1.3]
84.000000,0,1,[12;12;12;12;12;12;12],[90;92;94;97;98;100;101],[1.075;1.071053;0.385526;0.15;0.95;0.048684;0.760526]
85.000000,1,1,[24;24;24;24;24;24;24],[192;193;194;196;199;200;201],[0.3;0.5;0.1;0.6;0.9;0.9;1.0]
85.000000,0,1,[12;12;12;12;12;12;12],[90;94;96;97;98;99;100],[0.925;0.235526;0.648684;0.075;0.875;1.423684;0.0]
92.000000,1,2,[24;24;24;24],[193;194;196;200],[0.2;0.0;0.5;0.8]
92.000000,0,2,[10;10;10;10;10;10;10],[74;75;76;77;79;80;81],[1.009524;1.342857;1.514286;1.742857;1.419048;1.609524;1.428571]
93.000000,1,2,[24;24;24;24;24;24;24],[190;192;193;196;198;200;201],[0.9;0.2;0.1;0.4;0.1;0.6;0.9]
93.000000,0,2,[10;10;10;10;10;10;10],[74;75;76;77;78;79;81],[0.952381;1.285714;1.4;1.685714;1.047619;1.304762;1.314286]
93.000000,1,9,[14;14;14;21;21;21],[110;113;115;169;171;172],[0.070909;0.370909;0.130909;1.473684;1.142105;1.547368]
93.000000,0,9,[9;9;9;9;9;9],[66;67;70;71;72;73],[2.507018;2.121053;2.273684;2.394737;2.610526;2.510526]
94.000000,1,2,[24;24;24;24;24],[192;193;195;197;200],[0.0;0.0;0.3;0.4;0.5]
94.000000,0,2,[10;10;10;10;10;10],[75;76;77;78;79;81],[1.171429;1.228571;1.628571;0.990476;1.190476;1.257143]
94.000000,1,9,[14;14;14;14;14],[111;113;114;115;117],[0.714545;0.334545;0.361818;0.058182;0.0]
94.000000,0,9,[9;9;9;9],[66;67;69;71],[2.307018;1.921053;2.291228;1.794737]
95.000000,1,2,[24;24;24;24;24;24;24;24],[190;192;193;195;196;198;199;201],[0.8;0.0;0.0;0.2;0.3;0.0;0.8;0.8]
95.000000,0,2,[10;10;10;10;10;10],[74;75;77;78;79;81],[0.895238;1.114286;1.514286;0.87619;1.07619;1.142857]
96.000000,1,2,[24;24;24;24;24],[190;195;198;199;201],[0.7;0.1;0.0;0.6;0.7]
96.000000,0,2,[10;10;10;10;10;10],[74;75;76;78;79;80],[0.72381;1.057143;1.171429;0.819048;1.019048;1.552381]
97.000000,1,2,[24;24;24;24;24;24],[190;195;196;199;200;201],[0.6;0.0;0.1;0.5;0.4;0.5]
97.000000,0,2,[10;10;10;10;10],[76;77;78;79;80],[1.114286;1.342857;0.761905;0.961905;1.495238]
98.000000,1,6,[21;21;21;21],[167;168;171;173],[1.631579;1.605263;0.952632;1.478947]
98.000000,0,6,[9;9;9;9;9;9],[66;67;68;69;71;72],[2.107018;1.821053;2.8;2.191228;1.694737;2.510526]
99.000000,1,6,[21;21;21;21;21;21;21],[166;167;168;169;171;172;173],[1.068421;1.378947;1.478947;1.410526;0.889474;1.421053;1.289474]
99.000000,0,6,[9;9;9;7;7],[68;69;73;55;57],[2.7;1.991228;2.310526;0.542857;1.452381]
100.000000,1,6,[21;21;21;21;21],[167;168;171;172;173],[1.315789;1.289474;0.826316;1.357895;1.163158]
100.000000,0,6,[9;9;9],[70;72;73],[2.173684;2.110526;2.010526]
101.000000,1,6,[21;21;21;21],[166;167;168;172],[0.942105;1.252632;1.226316;1.105263]
101.000000,0,6,[9;9;9;9;9;9;9],[66;67;68;69;70;72;73],[2.007018;1.721053;2.6;1.891228;2.073684;2.010526;1.810526]
102.000000,1,6,[21;21;21;21],[166;167;171;172],[0.815789;1.189474;0.763158;0.852632]
102.000000,0,6,[9;9;9;9;9],[68;69;70;71;73],[2.4;1.791228;1.873684;1.494737;1.710526]
103.000000,1,6,[21;21;21;21;21],[167;169;171;172;173],[1.063158;1.284211;0.7;0.726316;1.1]
103.000000,0,6,[9;9;9;9],[68;69;71;73],[2.3;1.691228;1.094737;1.510526]
104.000000,1,6,[21;21;21;21],[167;169;170;173],[0.936842;1.157895;2.384211;0.910526]
104.000000,0,6,[9;9;9;9;9],[66;67;68;70;72],[1.907018;1.621053;2.1;1.773684;1.710526]
105.000000,1,6,[21;21;21;21;21],[166;167;170;172;173],[0.689474;0.873684;2.321053;0.6;0.784211]
105.000000,0,6,[9;9;9;9],[66;67;70;73],[1.707018;1.521053;1.373684;1.410526]
106.000000,1,6,[21;21;21;21],[166;169;170;172],[0.626316;1.094737;2.194737;0.347368]
106.000000,0,6,[9;9;9;9;9],[67;69;70;71;73],[1.421053;1.491228;1.073684;0.994737;1.310526]
107.000000,1,6,[21;21;21;21;21;21;21;21],[166;167;168;169;170;171;172;173],[0.310526;0.810526;1.1;0.905263;2.068421;0.636842;0.221053;0.594737]
107.000000,0,6,[9;9;12;12;12;12],[70;73;92;94;95;99],[0.873684;1.210526;0.971053;0.035526;0.8;1.323684]
108.000000,1,6,[21;21;21;21;21;21;21;21],[166;167;168;169;170;171;172;173],[0.057895;0.684211;0.784211;0.842105;2.005263;0.573684;0.094737;0.405263]
108.000000,0,6,[9;9;9;9;12;12],[66;67;68;72;95;98],[1.607018;1.321053;1.9;1.610526;0.7;0.675]
109.000000,1,6,[21;21;21;21;21],[166;167;168;172;173],[0.0;0.494737;0.721053;0.0;0.215789]
109.000000,0,6,[12;12;12;12;12],[92;93;94;97;99],[0.771053;0.973684;0.0;0.0;1.223684]
109.000000,1,10,[13;13;13;13;13;13;13],[102;103;104;105;106;107;109],[0.33619;0.742857;1.342857;0.542857;1.289524;1.132381;0.242857]
109.000000,0,10,[6;6;6;6;6],[42;43;46;47;49],[2.391667;2.366667;2.458333;2.283333;2.433333]
112.000000,1,3,[19;19;19;19;19;19],[150;151;153;154;156;157],[0.86;0.532381;0.330476;0.904762;0.993333;1.304762]
112.000000,0,3,[9;9;9;9;9],[66;67;70;71;72],[1.54386;1.257895;0.621053;0.931579;1.547368]
113.000000,1,8,[15;15;15;17;17],[118;121;122;134;136],[0.373684;1.247368;0.084211;0.923636;0.658182]
113.000000,0,8,[4;4;4;4;4;4],[28;29;30;31;32;33],[1.593333;0.7;0.18;0.193333;0.58;1.193333]
114.000000,1,8,[15;15;15;17;17],[119;124;125;136;140],[0.980702;0.540351;0.74386;0.618182;0.698182]
114.000000,0,8,[4;4;4;4;4;4],[28;29;30;31;32;33],[1.293333;0.2;0.0;0.0;0.28;0.393333]
115.000000,1,8,[17;17;17;17],[136;138;139;140],[0.578182;0.44;0.698182;0.658182]
115.000000,0,8,[4;4;4;4],[28;29;32;33],[0.893333;0.0;0.0;0.193333]
119.000000,1,7,[19;19;19;19;19],[150;151;152;153;154],[0.76;0.432381;0.310476;0.130476;0.704762]
119.000000,0,7,[7;7;7;7;7;7],[51;52;54;55;56;57],[1.184762;0.801905;1.032381;0.489524;1.337143;1.399048]
120.000000,1,7,[19;19;19;19;19],[151;152;154;155;156],[0.232381;0.210476;0.604762;0.614286;0.893333]
120.000000,0,7,[7;7;7;7;7;7],[51;52;54;55;56;57],[1.131429;0.748571;0.925714;0.382857;1.28381;1.345714]
121.000000,1,7,[19],[156],[0.693333]
121.000000,0,7,[2],[14],[0.0]
123.000000,1,5,[15;15;15;17;17],[118;120;124;135;138],[0.173684;0.903509;0.440351;0.416364;0.34]
123.000000,0,5,[9;9;9;9;9;9;9;9],[66;67;68;69;70;71;72;73],[0.94386;0.757895;1.5;1.191228;0.521053;0.331579;1.447368;0.810526]
123.000000,1,9,[13;13],[103;109],[0.642857;0.142857]
123.000000,0,9,[4;4],[28;33],[0.493333;0.0]
124.000000,1,5,[15;15;21;21;21;21],[121;123;167;168;169;170],[1.147368;0.510526;0.394737;0.621053;0.542105;1.905263]
124.000000,0,5,[9;9;9;9;9;9],[67;68;69;70;72;73],[0.457895;1.4;0.991228;0.121053;1.247368;0.610526]
124.000000,1,9,[13],[102],[0.23619]
124.000000,0,9,[4],[28],[0.0]
128.000000,1,7,[19;19;19;19],[151;152;153;155],[0.0;0.0;0.030476;0.414286]
128.000000,0,7,[12;12;12;12;12],[90;91;96;99;101],[0.861842;1.021053;0.585526;1.160526;0.697368]
131.000000,1,9,[15;15;15;15;15;15;15;15],[118;119;120;121;122;123;124;125],[0.073684;0.880702;0.503509;0.847368;0.0;0.410526;0.240351;0.44386]
131.000000,0,9,[6;6;9;9;9;9;9],[44;45;66;67;69;71;72],[2.683333;2.083333;0.84386;0.357895;0.891228;0.231579;1.147368]
132.000000,1,9,[15;15;15;15],[118;119;124;125],[0.0;0.780702;0.0;0.34386]
132.000000,0,9,[6;6;6;6;6],[43;44;47;48;49],[2.266667;2.483333;2.183333;2.083333;2.233333]
137.000000,1,5,[13;13;13;13;13;13],[102;103;106;107;108;109],[0.13619;0.442857;1.189524;1.032381;0.193333;0.042857]
137.000000,0,5,[7;7;7;7;7;7],[50;52;54;55;56;57],[1.042857;0.648571;0.825714;0.282857;1.08381;1.145714]
138.000000,1,5,[13;13;13;13;13],[104;105;106;107;109],[1.242857;0.342857;0.989524;0.832381;0.0]
138.000000,0,5,[7;7;7;7;7;7],[50;51;53;54;55;57],[0.942857;1.031429;1.114286;0.725714;0.082857;1.045714]
138.000000,1,9,[21;21;21;21],[167;168;169;170],[0.094737;0.521053;0.342105;1.705263]
138.000000,0,9,[6;6;6;6],[43;44;47;48],[2.066667;2.383333;1.983333;1.983333]
139.000000,1,9,[21;21;21;21],[167;168;170;173],[0.0;0.321053;1.405263;0.015789]
139.000000,0,9,[6;6;6;6;6],[42;43;45;48;49],[2.291667;1.866667;1.983333;1.883333;2.133333]
140.000000,1,1,[14;14;14;14;14],[110;111;113;114;115],[0.0;0.614545;0.034545;0.261818;0.0]
140.000000,0,1,[10;10;10;10],[74;75;76;81],[0.457143;0.92381;0.980952;1.009524]
141.000000,1,1,[14;14;14],[111;113;114],[0.314545;0.0;0.161818]
141.000000,0,1,[10;10],[74;81],[0.190476;0.87619]
141.000000,1,9,[21;21;21;21],[168;169;171;173],[0.121053;0.042105;0.473684;0.0]
141.000000,0,9,[9;9;9;9;9],[66;67;68;70;73],[0.74386;0.257895;1.3;0.021053;0.510526]
142.000000,1,1,[14;14],[111;114],[0.0;0.0]
142.000000,0,1,[10],[80],[1.228571]
142.000000,1,9,[21;21;21;21],[168;169;170;171],[0.0;0.0;0.905263;0.0]
142.000000,0,9,[9;9;12;12],[67;68;92;93],[0.157895;1.2;0.671053;0.873684]
143.000000,1,9,[21],[170],[0.0]
143.000000,0,9,[9],[72],[1.047368]
146.000000,1,8,[22;22;22;22;22],[174;175;179;180;181],[1.942857;1.942857;1.561905;1.885714;1.809524]
146.000000,0,8,[7;7;7;7;7],[51;52;54;56;57],[0.831429;0.448571;0.625714;0.88381;0.945714]
147.000000,1,8,[22;22;22;22;22;22],[174;175;178;179;180;181],[1.885714;1.885714;1.752381;1.504762;1.771429;1.752381]
147.000000,0,8,[7;7;7;7;7;7],[50;51;52;53;55;57],[0.842857;0.731429;0.348571;0.914286;0.0;0.845714]
148.000000,1,8,[22;22;22;22;22],[174;175;178;180;181],[1.828571;1.828571;1.695238;1.657143;1.638095]
148.000000,0,8,[7;7;7;7],[50;53;56;57],[0.542857;0.814286;0.78381;0.545714]
149.000000,1,8,[22;22;22;22],[176;177;178;179],[1.752381;1.885714;1.638095;1.390476]
149.000000,0,8,[7;7;7;7;7],[50;51;53;56;57],[0.342857;0.631429;0.714286;0.58381;0.345714]
150.000000,1,8,[22;22;22;22;22],[174;176;177;178;180],[1.657143;1.695238;1.828571;1.580952;1.6]
150.000000,0,8,[7;7;7;7;7],[50;51;53;54;56],[0.242857;0.331429;0.514286;0.525714;0.48381]
