0,player1,player2,status,focus
0.000000,1100,1100,0,2
1.000000,1100,1100,0,2
2.000000,1100,1100,0,2
3.000000,1100,1100,0,2
4.000000,1100,1100,0,2
5.000000,1124,1100,0,2
6.000000,1156,1100,0,2
7.000000,1172,1128,0,2
8.000000,1300,1128,0,2
9.000000,1316,1128,0,2
10.000000,1348,1144,0,3
11.000000,1396,1168,0,3
12.000000,1428,1196,0,3
13.000000,1444,1224,0,3
14.000000,1460,1252,0,3
15.000000,1476,1376,0,3
16.000000,1484,1339,0,3
17.000000,1596,1339,0,3
18.000000,1580,1366,0,3
19.000000,1564,1389,0,3
20.000000,1564,1428,0,23
21.000000,1563,1467,0,23
22.000000,1561,1506,0,23
23.000000,1560,1621,0,23
24.000000,1559,1632,0,23
25.000000,1557,1659,0,23
26.000000,1557,1783,0,23
27.000000,1555,1791,0,23
28.000000,1544,1791,0,23
29.000000,1537,1791,0,23
30.000000,1529,1791,0,1
31.000000,1525,1791,0,1
32.000000,1514,1791,0,1
33.000000,1505,1791,0,1
34.000000,1497,1791,0,1
35.000000,1497,1791,0,1
36.000000,1497,1791,0,1
37.000000,1497,1751,0,1
38.000000,1497,1715,0,1
39.000000,1497,1723,0,1
40.000000,1497,1731,0,12
41.000000,1497,1755,0,12
42.000000,1497,1779,0,12
43.000000,1497,1803,0,12
44.000000,1489,1827,0,12
45.000000,1481,1851,0,12
46.000000,1473,1875,0,12
47.000000,1473,1723,0,12
48.000000,1525,1726,0,12
49.000000,1668,1756,0,12
50.000000,1668,1874,0,22
51.000000,1668,1980,0,22
52.000000,1668,1986,0,22
53.000000,1668,1994,0,22
54.000000,1560,1999,0,22
55.000000,1552,2007,0,22
56.000000,1552,2015,0,22
57.000000,1552,2023,0,22
58.000000,1552,2023,0,22
59.000000,1444,2023,0,22
60.000000,1436,2023,0,10
61.000000,1436,2023,0,10
62.000000,928,1987,0,10
63.000000,920,1987,0,10
64.000000,912,1987,0,10
65.000000,896,1987,0,10
66.000000,872,1987,0,10
67.000000,856,1986,0,10
68.000000,724,1985,0,10
69.000000,700,1982,0,10
70.000000,668,1980,0,19
71.000000,636,1988,0,19
72.000000,612,1996,0,19
73.000000,596,1996,0,19
74.000000,588,2012,0,19
75.000000,588,2046,0,19
76.000000,588,2071,0,19
77.000000,588,2077,0,19
78.000000,588,1482,0,19
79.000000,588,1414,0,19
80.000000,588,1346,0,8
81.000000,588,1482,0,8
82.000000,588,1398,0,8
83.000000,688,1406,0,8
84.000000,788,1414,0,8
85.000000,888,1422,0,8
86.000000,972,1422,0,8
87.000000,2572,1422,2,8
