0,player,node,groups,units,health
16.000000,1,4,[20;20;20;20],[162;163;164;165],[0.8;0.8;0.7;0.9]
16.000000,0,4,[1;1;1;1;1;1;1],[2;3;4;5;6;7;9],[1.885714;1.771429;1.885714;1.885714;1.885714;1.885714;1.885714]
17.000000,1,4,[20;20;20;20;20;20;20],[158;160;161;162;163;164;165],[0.9;0.7;0.7;0.3;0.7;0.6;0.7]
17.000000,0,4,[1;1;3;3;3;3],[3;9;18;19;20;23],[1.542857;1.657143;2.866667;2.866667;2.866667;2.866667]
17.000000,1,7,[14;14;14;14;14;14;14;14],[110;111;112;113;114;115;116;117],[0.9;0.8;0.7;0.7;0.8;0.7;0.9;0.9]
17.000000,0,7,[10;10;6;6;6],[76;79;42;46;47],[1.8;1.8;2.8;2.6;2.4]
18.000000,1,4,[20;20;20;20;20;20;20],[158;159;160;161;162;163;164],[0.3;0.8;0.4;0.5;0.2;0.6;0.5]
18.000000,0,4,[1;1;1;3;3;3;3;3],[2;5;8;19;20;21;24;25],[1.771429;1.771429;1.885714;2.733333;2.733333;2.866667;2.866667;2.866667]
18.000000,1,7,[14;14;14;14;14],[110;111;113;114;117],[0.6;0.7;0.6;0.7;0.7]
18.000000,0,7,[10;10;10;10],[75;76;77;80],[1.6;1.4;1.6;1.6]
19.000000,1,4,[20;20;20;20;20;20;20],[158;159;160;161;162;164;165],[0.1;0.7;0.1;0.1;0.1;0.2;0.5]
19.000000,0,4,[1;1;1;1;1;3;3],[2;3;6;8;9;21;24],[1.657143;1.428571;1.771429;1.771429;1.428571;2.733333;2.733333]
19.000000,1,7,[14;14;14;14;14;14],[112;113;114;115;116;117],[0.6;0.5;0.4;0.6;0.8;0.6]
19.000000,0,7,[10;10;10;10;10],[74;75;78;79;80],[1.8;1.4;1.4;1.6;1.2]
20.000000,1,4,[20;20;20;20],[160;161;162;163],[0.0;0.0;0.0;0.4]
20.000000,0,4,[3;3;3;3;3;3],[19;20;22;23;24;25],[2.6;2.333333;2.866667;2.733333;2.6;2.733333]
20.000000,1,5,[24;24;24;24;24;24;24;24;24;24],[190;191;193;194;195;196;198;199;200;201],[2.5;2.8;2.6;2.9;2.8;2.8;2.7;2.8;2.9;2.8]
20.000000,0,5,[2;2;2;2;2;4;4;4;4;4],[10;12;15;16;17;26;28;29;31;33],[0.9;0.9;0.8;0.9;0.9;1.9;1.8;1.9;1.9;1.9]
21.000000,1,4,[20;20;20;20;20],[158;159;163;164;165],[0.0;0.5;0.2;0.0;0.0]
21.000000,0,4,[3;9;9;9],[20;67;68;70],[2.2;2.733333;2.866667;2.866667]
22.000000,1,4,[20;20],[159;163],[0.0;0.0]
22.000000,0,4,[9;9],[66;72],[2.866667;2.866667]
22.000000,1,5,[13;13;13;13;13;13;13;13],[102;103;104;105;106;107;108;109],[1.6;1.8;1.9;1.7;1.8;1.9;1.9;1.8]
22.000000,0,5,[4;4;4;4;7;7;7],[27;28;29;30;51;52;54],[1.9;1.7;1.8;1.8;1.9;1.9;1.9]
23.000000,1,5,[19;19;19;19;19;19;19],[150;151;153;154;155;156;157],[1.8;1.8;1.7;1.3;1.8;1.5;1.7]
23.000000,0,5,[4;4;4;11;11],[29;31;32;82;84],[1.6;1.8;1.7;0.9;0.9]
23.000000,1,8,[17;17;17;16;16;16],[136;139;141;129;131;133],[0.92;0.92;0.76;1.885714;1.885714;1.885714]
23.000000,0,8,[2;2;2;2;2;2],[10;13;14;15;16;17],[0.7;0.6;0.8;0.3;0.3;0.4]
24.000000,1,5,[19;19;19;19;19;19],[150;153;154;155;156;157],[1.4;1.3;1.1;1.6;1.3;1.5]
24.000000,0,5,[11;11;11;11;11;11],[82;84;86;87;88;89],[0.7;0.8;0.9;0.8;0.9;0.9]
24.000000,1,8,[17;17;17;17;16;16;16;16],[134;136;137;138;127;129;131;132],[0.92;0.84;0.92;0.92;1.885714;1.771429;1.771429;1.885714]
24.000000,0,8,[2;2;2;2;2;2;2],[10;11;12;14;15;16;17],[0.4;0.4;0.6;0.6;0.0;0.2;0.1]
25.000000,1,3,[14;14;14;14;14;14;14],[110;111;112;114;115;116;117],[0.5;0.6;0.5;0.2;0.5;0.7;0.5]
25.000000,0,3,[6;6;6;6;6;6],[42;43;45;46;47;48],[2.4;2.8;2.8;2.4;2.2;2.6]
25.000000,1,5,[19;19;19;19;19;19;19],[150;152;153;154;155;156;157],[1.1;1.9;1.2;0.8;1.4;1.2;1.4]
25.000000,0,5,[12;12;12;12;12;12;12],[91;92;93;94;95;99;100],[2.9;2.9;2.8;2.9;2.9;2.9;2.9]
25.000000,1,8,[17;17;16;16;16],[136;138;126;127;130],[0.76;0.76;1.771429;1.771429;1.885714]
25.000000,0,8,[2;2;2;2;2;2],[10;12;13;14;16;17],[0.0;0.4;0.1;0.1;0.0;0.0]
26.000000,1,8,[16;16;16;16],[128;129;131;132],[1.885714;1.657143;1.657143;1.771429]
26.000000,0,8,[2;2;2],[11;12;14],[0.2;0.0;0.0]
26.000000,1,9,[21;21;21;21;21;21],[167;168;170;171;172;173],[2.9;2.8;2.9;2.8;2.9;2.9]
26.000000,0,9,[10;10;10;10;10],[75;76;78;80;81],[1.3;1.1;1.2;1.1;1.9]
27.000000,1,2,[24;24;24;24;24;24],[190;195;196;197;200;201],[2.3;2.6;2.6;2.6;2.5;2.6]
27.000000,0,2,[11;11;11;11;11;11;11],[82;83;84;85;86;87;89],[0.62;0.92;0.76;0.96;0.74;0.76;0.86]
27.000000,1,8,[16;16],[127;129],[1.657143;1.542857]
27.000000,0,8,[2;2],[11;13],[0.0;0.0]
27.000000,1,9,[21;21;21;21;21;21;22],[168;169;170;171;172;173;180],[2.7;2.8;2.8;2.7;2.8;2.8;1.9]
27.000000,0,9,[10;10;10;10;10;10;10;10],[74;75;76;77;78;79;80;81],[1.6;1.2;0.8;1.5;1.1;1.5;0.8;1.5]
28.000000,1,2,[24;24;24;24;24],[193;194;195;199;200],[2.2;2.7;2.2;2.4;2.3]
28.000000,0,2,[11;11;11;11;11],[82;85;86;87;89],[0.5;0.8;0.7;0.72;0.74]
28.000000,1,4,[14;14;14;14;14],[110;112;114;115;117],[0.4;0.4;0.0;0.4;0.3]
28.000000,0,4,[9;9;9;9;9],[66;68;69;72;73],[2.733333;2.6;2.6;2.733333;2.866667]
29.000000,1,2,[24;24;24;24;24;24;24],[190;191;193;195;196;198;201],[1.9;2.6;2.0;2.0;2.4;2.5;2.4]
29.000000,0,2,[11;11;11;11;11;11],[82;83;86;87;88;89],[0.42;0.88;0.66;0.64;0.82;0.58]
29.000000,1,3,[13;13;13;13;13;13],[102;103;104;105;106;109],[1.5;1.7;1.7;1.6;1.7;1.6]
29.000000,0,3,[7;7;7;7;7],[52;53;54;55;57],[1.7;1.9;1.8;1.7;1.9]
29.000000,1,4,[14;14;14;14;14;14],[110;111;112;115;116;117],[0.3;0.5;0.3;0.3;0.5;0.1]
29.000000,0,4,[9;9;9;9;9;9],[66;68;69;70;71;72],[2.6;2.466667;2.466667;2.733333;2.866667;2.466667]
30.000000,1,3,[13;13;13;13;13;13;13;13],[102;103;104;105;106;107;108;109],[1.4;1.5;1.2;1.3;1.6;1.4;1.7;1.1]
30.000000,0,3,[7;7;7;5;5;5;5],[54;55;57;34;35;39;41],[1.7;1.6;1.8;0.9;0.9;0.8;0.9]
30.000000,1,4,[14;14;14;14],[112;113;115;117],[0.2;0.3;0.0;0.0]
30.000000,0,4,[9;9;9;9;9],[66;67;68;70;71],[2.466667;2.6;2.333333;2.6;2.466667]
30.000000,1,9,[17;17;17;17;17],[135;136;137;139;141],[0.8;0.66;0.72;0.72;0.66]
30.000000,0,9,[4;4;4;4;4],[26;27;30;32;33],[1.7;1.3;1.6;1.3;1.7]
31.000000,1,3,[13;13;13;13;13;13;13;13],[102;103;104;105;106;107;108;109],[1.3;1.1;0.4;1.1;1.2;1.2;1.5;1.0]
31.000000,0,3,[7;7;7;7;5;5;5],[52;53;56;57;34;35;40],[1.6;1.8;1.9;1.7;0.8;0.7;0.9]
31.000000,1,4,[14;14;14;14;14],[110;111;112;113;116],[0.2;0.3;0.1;0.0;0.4]
31.000000,0,4,[9;9;9;9],[68;71;72;73],[2.066667;2.333333;2.333333;2.733333]
32.000000,1,4,[14;14;14],[110;111;116],[0.0;0.0;0.3]
32.000000,0,4,[9;9;9],[66;68;73],[2.333333;1.933333;2.466667]
32.000000,1,5,[19;19;19;19;19;19;19],[150;151;152;153;154;156;157],[0.9;1.7;1.8;1.1;0.7;1.1;1.3]
32.000000,0,5,[6;6;6;6;6],[42;43;44;45;46],[2.3;2.7;2.8;2.6;2.2]
33.000000,1,4,[14;14],[112;116],[0.0;0.0]
33.000000,0,4,[9],[72],[2.066667]
33.000000,1,5,[19;19;19;19;19;19;19],[151;152;153;154;155;156;157],[1.6;1.7;1.0;0.5;1.3;1.0;1.2]
33.000000,0,5,[6;6;6;6],[42;44;48;49],[2.2;2.6;2.5;2.6]
34.000000,1,5,[19;19;19;24;24;24;24;24],[154;156;157;191;193;199;200;201],[0.4;0.9;1.1;2.5;1.9;2.3;2.2;2.3]
34.000000,0,5,[6;6;6;6;6;6;6;6],[42;43;44;45;46;47;48;49],[2.0;2.4;2.3;2.5;2.0;1.9;2.1;2.4]
35.000000,1,6,[13;17;17;17;17;17;17],[108;134;135;136;137;138;139],[1.4;0.72;0.7;0.56;0.62;0.66;0.62]
35.000000,0,6,[4;4;4;4;4;4;4;4],[26;27;28;29;30;31;32;33],[1.4;1.2;1.6;1.3;1.0;1.3;1.2;1.3]
35.000000,1,7,[22;22;22;22;22;22],[174;176;177;178;180;181],[1.7;1.9;1.9;1.9;1.8;1.9]
35.000000,0,7,[10;10;10;10],[74;75;77;80],[1.4;1.0;1.3;0.6]
36.000000,1,5,[19;19;19;19;19;19],[151;152;154;155;156;157],[1.4;1.3;0.2;0.9;0.7;0.9]
36.000000,0,5,[5;5;5;5],[34;38;39;40],[0.7;0.7;0.5;0.8]
36.000000,1,6,[17;17;17;17;17],[134;137;139;140;141],[0.42;0.52;0.42;0.9;0.56]
36.000000,0,6,[4;4;4;4;4;4],[26;28;29;30;32;33],[1.2;1.4;0.9;0.8;1.0;0.9]
36.000000,1,7,[22;22;22;22;22;22],[174;175;176;179;180;181],[1.5;1.8;1.8;1.9;1.7;1.8]
36.000000,0,7,[10;10;10;10;10],[76;77;78;79;80],[0.7;1.0;1.0;1.3;0.5]
37.000000,1,3,[21;21;21;21;21],[166;167;168;170;173],[2.9;2.8;2.5;2.5;2.7]
37.000000,0,3,[7;7;7;7],[50;55;56;57],[1.946667;1.44;1.793333;1.593333]
37.000000,1,6,[17;17;17;17;17],[134;135;136;137;139],[0.22;0.6;0.36;0.32;0.32]
37.000000,0,6,[4;4;4;4;4],[26;28;30;32;33],[0.6;1.2;0.6;0.8;0.5]
38.000000,1,3,[21;21;21;21;21;21],[168;169;170;171;172;173],[2.1;2.7;2.2;2.3;2.7;2.4]
38.000000,0,3,[7;7;7;7;7;1;1],[50;51;52;56;57;3;8],[1.893333;1.846667;1.493333;1.74;1.54;1.375238;1.718095]
39.000000,1,3,[21;21;21;21;21;13;13],[166;168;169;170;173;104;109],[2.8;2.0;2.6;2.0;2.3;0.3;0.9]
39.000000,0,3,[1;1;1;1;1;1],[2;3;5;7;8;9],[1.44381;1.268571;1.611429;1.619048;1.664762;1.375238]
41.000000,1,8,[19;19;19;19;19;19],[150;152;154;155;156;157],[0.842857;1.242857;0.142857;0.785714;0.585714;0.842857]
41.000000,0,8,[6;6;6;6],[43;44;45;49],[2.2;2.1;2.3;2.2]
43.000000,1,9,[22;22;22;22;22;22],[175;176;177;178;179;180],[1.7;1.7;1.7;1.7;1.8;1.6]
43.000000,0,9,[4;4;4;4;4],[28;29;30;31;33],[1.0;0.8;0.4;1.1;0.4]
44.000000,1,3,[17;17;17;17;17;17;17],[134;135;136;137;138;139;140],[0.0;0.4;0.0;0.12;0.56;0.02;0.6]
44.000000,0,3,[3;3;3;8;8;8],[18;19;22;58;63;65],[2.740351;2.473684;2.740351;0.927273;0.927273;0.781818]
44.000000,1,8,[23;23;23;23],[185;186;188;189],[0.96;0.88;0.92;0.92]
44.000000,0,8,[6;6;6;6],[42;43;44;48],[1.8;1.6;1.9;1.5]
45.000000,1,3,[17;17;17;17;17],[137;138;139;140;141],[0.0;0.36;0.0;0.4;0.16]
45.000000,0,3,[8;8;8;8;8],[58;59;62;64;65],[0.854545;0.854545;0.927273;0.927273;0.709091]
45.000000,1,8,[23;23;23;23;23],[184;185;187;188;189],[0.92;0.92;0.88;0.88;0.88]
45.000000,0,8,[6;6;6;6;6;6],[42;43;44;45;47;48],[1.6;1.4;1.7;2.1;1.5;1.1]
46.000000,1,3,[17;17;17;17],[135;138;140;141],[0.0;0.0;0.0;0.0]
46.000000,0,3,[8;8;8;8],[58;60;61;65],[0.781818;0.927273;0.927273;0.636364]
46.000000,1,8,[23;23;23;23;23],[182;185;187;188;189],[0.96;0.8;0.84;0.8;0.84]
46.000000,0,8,[6;6;6;6;6],[42;44;45;47;48],[1.2;1.5;1.9;1.3;0.5]
47.000000,1,6,[22;22;22;22;22;22],[174;175;176;177;180;181],[1.4;1.6;1.6;1.5;1.5;1.6]
47.000000,0,6,[7;7;7;7],[50;51;52;57],[1.693333;1.546667;1.393333;1.34]
47.000000,1,7,[18;18;18;18;18;18],[142;143;145;146;147;149],[2.9;2.5;2.8;2.8;2.9;2.9]
47.000000,0,7,[12;12;12;12;12;12;12],[90;93;94;95;98;99;101],[2.9;2.7;2.8;2.8;2.8;2.8;2.9]
47.000000,1,8,[23;23;23;23;23;23],[182;184;185;186;187;188],[0.92;0.84;0.76;0.84;0.8;0.72]
47.000000,0,8,[6;6;6;6;6;6],[42;43;44;46;47;49],[1.0;1.0;1.3;1.6;1.1;2.0]
48.000000,1,6,[22;22;22;22;22;22],[174;176;178;179;180;181],[1.3;1.5;1.6;1.7;1.4;1.3]
48.000000,0,6,[7;7;7;7;7;7],[50;51;53;54;55;56],[1.593333;1.346667;1.7;1.6;1.24;1.64]
48.000000,1,8,[23;23;23;23;23;23],[182;183;184;186;187;189],[0.88;0.92;0.8;0.8;0.76;0.76]
48.000000,0,8,[6;6;6;6;6;6;6],[42;43;44;45;46;47;48],[0.8;0.8;1.1;1.5;1.4;0.9;0.3]
49.000000,1,6,[22;22;22;22;22;22],[174;177;178;179;180;181],[1.1;1.4;1.5;1.6;1.3;1.1]
49.000000,0,6,[7;7;7],[54;55;57],[1.1;1.14;1.14]
49.000000,1,8,[23;23;23;23],[182;183;184;185],[0.84;0.8;0.68;0.72]
49.000000,0,8,[6;6;6;6;6;6],[43;44;45;46;48;49],[0.6;0.7;1.3;1.2;0.0;1.8]
49.000000,1,10,[16;16;16;16;16],[126;129;130;132;133],[1.657143;1.428571;1.828571;1.714286;1.771429]
49.000000,0,10,[4;4;4;4;4;4],[27;28;29;30;32;33],[1.1;0.9;0.7;0.2;0.6;0.3]
50.000000,1,3,[24;24;24;24;24;24;24;24],[191;192;194;195;196;197;199;201],[2.4;2.8;1.9;1.9;2.0;2.3;2.1;2.0]
50.000000,0,3,[1;1;1;1;1;1;11;11;11;11],[2;3;5;6;7;8;83;84;85;86],[1.337143;1.215238;1.558095;1.718095;1.565714;1.611429;0.807273;0.723636;0.763636;0.623636]
50.000000,1,6,[22;22;22;22],[175;178;179;181],[1.5;1.1;1.5;0.9]
50.000000,0,6,[7;7;7;7;7;7;7],[50;51;52;53;54;55;56],[1.493333;1.246667;1.293333;1.5;1.0;1.04;1.54]
50.000000,1,8,[23;23;23;23;23;23],[182;183;184;185;187;188],[0.8;0.76;0.64;0.68;0.68;0.68]
50.000000,0,8,[6;6;6;6;6],[42;43;45;46;47],[0.6;0.2;0.7;1.0;0.7]
51.000000,1,6,[22;22;22;22;22],[175;178;179;180;181],[1.4;0.8;1.4;1.1;0.8]
51.000000,0,6,[7;7;7;7],[50;55;56;57],[1.193333;0.84;1.44;0.94]
51.000000,1,8,[23;23;23;23;23],[183;185;186;187;189],[0.64;0.64;0.76;0.64;0.72]
51.000000,0,8,[6;6;6;6],[42;43;46;47],[0.2;0.0;0.8;0.3]
52.000000,1,6,[22;22;22;22;22;22;22],[174;175;177;178;179;180;181],[0.7;1.3;1.2;0.6;1.1;0.9;0.6]
52.000000,0,6,[7;7;7;10;10;10;10],[50;51;56;75;76;77;78],[1.093333;1.146667;1.24;0.9;0.6;0.9;0.9]
53.000000,1,3,[13;13;13;13],[102;104;105;108],[0.5;0.1;0.7;1.2]
53.000000,0,3,[11;11;11;11;11;11],[82;83;84;85;88;89],[0.347273;0.770909;0.687273;0.727273;0.747273;0.543636]
53.000000,1,6,[22;22;22;22;22;22;22;22],[174;175;176;177;178;179;180;181],[0.4;1.2;1.3;1.0;0.3;1.0;0.7;0.4]
53.000000,0,6,[7;7;7;7;7;10;10],[50;52;53;54;55;76;78],[0.993333;1.193333;1.4;0.9;0.64;0.5;0.8]
54.000000,1,3,[13;13;13;13],[104;105;107;108],[0.0;0.3;1.0;0.8]
54.000000,0,3,[11;11;11;11],[82;83;84;86],[0.274545;0.698182;0.614545;0.550909]
54.000000,1,6,[22;22;22;22;22;22;22],[174;175;176;177;178;180;181],[0.3;0.9;1.2;0.7;0.0;0.5;0.1]
54.000000,0,6,[7;7;10;10;10;10],[51;53;74;75;77;81],[0.946667;1.3;1.3;0.7;0.8;1.4]
54.000000,1,8,[15;15;15;21;21;21],[118;119;120;169;170;171],[2.866667;2.866667;2.733333;2.466667;1.866667;2.033333]
54.000000,0,8,[5;5;5;5;5;5;5;5],[34;35;36;37;38;39;40;41],[0.6;0.6;0.8;0.8;0.5;0.1;0.7;0.6]
55.000000,1,6,[22;22;22;22;22;22;22],[174;175;176;177;179;180;181],[0.0;0.8;0.9;0.6;0.6;0.2;0.0]
55.000000,0,6,[7;7;10;10;10],[50;54;75;78;81],[0.893333;0.7;0.6;0.7;1.2]
55.000000,1,8,[15;21;21;21;21],[124;169;170;172;173],[2.866667;2.2;1.733333;2.566667;1.9]
55.000000,0,8,[5;5;5;5;5;5],[34;35;36;37;39;40],[0.4;0.4;0.7;0.5;0.0;0.3]
56.000000,1,7,[16;16;16;16;16],[126;127;128;131;133],[1.557143;1.457143;1.685714;1.557143;1.571429]
56.000000,0,7,[4;4;4;4;4],[26;28;29;32;33],[0.546667;0.74;0.646667;0.493333;0.246667]
56.000000,1,8,[15;15;15;21;21;21;21],[119;121;124;167;169;171;172],[2.733333;2.866667;2.733333;2.666667;2.066667;1.9;2.433333]
56.000000,0,8,[5;5;5;5;5;5;5],[34;35;36;37;38;40;41],[0.2;0.3;0.3;0.4;0.4;0.0;0.4]
57.000000,1,7,[16;16;16;24;24;24;24],[128;129;130;191;193;194;196],[1.585714;1.328571;1.728571;2.2;1.8;1.8;1.9]
57.000000,0,7,[4;4;4;4;4;4;4],[26;27;28;29;30;31;33],[0.44;0.886667;0.473333;0.54;0.04;0.993333;0.14]
57.000000,1,8,[15;15;15;15;21;21],[118;119;121;124;171;172],[2.733333;2.6;2.733333;2.6;1.766667;2.3]
57.000000,0,8,[5;5;5;5;5;5],[34;35;36;37;38;41],[0.0;0.1;0.2;0.3;0.0;0.3]
57.000000,1,9,[18;18;23;23;23;19],[146;148;184;185;188;152],[2.7;2.9;0.54;0.54;0.58;1.142857]
57.000000,0,9,[6;6;6;6;6;6],[42;44;45;46;47;49],[0.0;0.2;0.4;0.1;0.0;1.4]
58.000000,1,7,[16;16;16;16;24;24;24],[127;128;131;132;191;193;199],[1.257143;1.485714;1.457143;1.614286;2.1;1.7;2.0]
58.000000,0,7,[4;4;4;4;4;4;4;4],[26;27;28;29;30;31;32;33],[0.226667;0.78;0.366667;0.326667;0.0;0.94;0.386667;0.033333]
58.000000,1,8,[15;15;21;21],[121;124;166;173],[2.6;2.466667;2.666667;1.766667]
58.000000,0,8,[5;5;5;5],[35;36;37;41],[0.0;0.0;0.0;0.0]
58.000000,1,9,[18;18;18;19],[143;147;149;156],[2.4;2.8;2.8;0.485714]
58.000000,0,9,[6;6;6;6],[44;45;46;49],[0.0;0.0;0.0;0.9]
59.000000,1,3,[22;22;22],[176;177;180],[0.7;0.2;0.0]
59.000000,0,3,[11;11;11;11],[82;84;85;86],[0.238182;0.578182;0.690909;0.478182]
59.000000,1,4,[13;13;13;13;13],[103;105;107;108;109],[0.9;0.1;0.9;0.7;0.7]
59.000000,0,4,[9;9;9;9;9],[66;68;69;71;72],[2.266667;1.8;2.4;2.2;2.0]
59.000000,1,7,[24;24;24;24;24],[190;192;195;197;198],[1.8;2.6;1.8;2.2;2.3]
59.000000,0,7,[4;4;4;4;4],[27;28;29;31;33],[0.62;0.313333;0.113333;0.886667;0.0]
60.000000,1,3,[22;22;22;22],[175;176;177;179],[0.2;0.3;0.0;0.4]
60.000000,0,3,[11;11;11],[83;85;87],[0.625455;0.654545;0.603636]
60.000000,1,4,[13;13;13;13;13],[102;103;105;106;108],[0.2;0.7;0.0;1.1;0.6]
60.000000,0,4,[9;9;9;9;9],[66;67;70;71;73],[2.2;2.533333;2.533333;2.0;2.4]
60.000000,1,6,[23;23;23;23;23;23;23],[182;183;184;186;187;188;189],[0.7;0.34;0.34;0.66;0.34;0.18;0.52]
60.000000,0,6,[7;7;7;7;7;7;10],[50;52;53;54;55;57;75],[0.68;1.086667;1.193333;0.593333;0.533333;0.833333;0.493333]
60.000000,1,7,[24;24;24;24;24],[190;192;193;195;201],[1.7;2.4;1.6;1.7;1.9]
60.000000,0,7,[4;4;4;4;4],[26;27;28;29;32],[0.12;0.46;0.153333;0.0;0.333333]
61.000000,1,3,[22;22],[175;176],[0.0;0.0]
61.000000,0,3,[11;11;11],[85;87;89],[0.618182;0.567273;0.507273]
61.000000,1,4,[13;13;13;13;13],[102;103;106;107;108],[0.1;0.4;0.9;0.8;0.5]
61.000000,0,4,[9;9;9],[67;68;69],[2.333333;1.666667;2.333333]
61.000000,1,6,[23;23;23;23;23],[182;185;186;188;189],[0.6;0.14;0.46;0.0;0.0]
61.000000,0,6,[7;7;10;10;10;10],[50;53;74;75;78;80],[0.573333;1.086667;1.086667;0.28;0.593333;0.393333]
61.000000,1,7,[24;24;24;24],[191;195;199;201],[2.0;1.5;1.9;1.8]
61.000000,0,7,[4;4;4;4;4],[26;27;28;31;32],[0.013333;0.406667;0.0;0.673333;0.28]
62.000000,1,3,[22],[179],[0.0]
62.000000,0,3,[11],[85],[0.581818]
62.000000,1,6,[23;23;23;23;23],[182;183;184;186;187],[0.5;0.24;0.14;0.36;0.04]
62.000000,0,6,[10;10;10;10],[76;79;80;81],[0.286667;1.086667;0.286667;1.093333]
62.000000,1,7,[24;24;24;24],[190;191;196;201],[1.6;1.9;1.8;1.7]
62.000000,0,7,[4;4;4;4],[26;27;31;32],[0.0;0.246667;0.406667;0.173333]
63.000000,1,6,[23;23;23;23;23],[182;183;184;186;187],[0.2;0.14;0.04;0.26;0.0]
63.000000,0,6,[10;10;10;10;10],[74;75;76;79;80],[0.98;0.173333;0.073333;0.98;0.18]
63.000000,1,7,[24;24;24],[194;198;200],[1.7;2.2;2.1]
63.000000,0,7,[4;4;4],[27;31;32],[0.14;0.193333;0.0]
63.000000,1,8,[19;19;19;19;19;19],[151;152;154;155;156;157],[1.342857;1.085714;0.085714;0.614286;0.428571;0.785714]
63.000000,0,8,[3;3;3;3;3;3],[18;19;20;21;22;25],[2.540351;2.373684;2.0;2.633333;2.640351;2.633333]
64.000000,1,6,[23;23;23;23],[182;183;184;186],[0.0;0.0;0.0;0.06]
64.000000,0,6,[10;10;10],[76;78;81],[0.0;0.486667;0.88]
64.000000,1,7,[24;24],[191;201],[1.8;1.6]
64.000000,0,7,[4;4],[27;31],[0.0;0.0]
65.000000,1,6,[23;23],[185;186],[0.0;0.0]
65.000000,0,6,[10],[77],[0.586667]
65.000000,1,9,[16;16;16;16;16],[126;127;130;131;133],[1.457143;1.057143;1.628571;1.257143;1.371429]
65.000000,0,9,[7;7;7;7;7;7],[50;51;52;53;56;57],[0.473333;0.846667;0.986667;0.986667;0.94;0.733333]
68.000000,1,5,[18;18;18;18;18;18],[143;144;146;147;148;149],[2.2;2.8;2.6;2.7;2.8;2.7]
68.000000,0,5,[3;3;3;3],[20;21;24;25],[1.8;2.433333;2.3;2.533333]
69.000000,1,5,[18;18;18;18;18;18;19],[143;144;145;146;147;149;152],[2.1;2.7;2.7;2.5;2.6;2.5;0.985714]
69.000000,0,5,[3;3;3;3;3;3;3;3],[18;19;20;21;22;23;24;25],[2.240351;2.173684;1.6;2.333333;2.340351;2.533333;2.1;2.433333]
71.000000,1,6,[16;16;16;16;16;16],[126;127;129;130;132;133],[1.357143;0.957143;1.228571;1.428571;1.414286;1.171429]
71.000000,0,6,[6;9;9;9;9;9],[49;66;67;71;72;73],[0.836842;2.010526;2.270175;1.936842;1.936842;2.336842]
71.000000,1,9,[24;24;24;24;24;24;24;24;24;24],[191;192;193;194;195;197;198;199;200;201],[1.7;2.1;1.4;1.5;1.1;2.1;1.9;1.8;2.0;1.4]
71.000000,0,9,[1;1;1;12;12;12;12;12;12;12],[3;7;9;92;93;94;95;98;99;101],[1.115238;1.465714;1.275238;2.8;2.4;2.7;2.7;2.7;2.7;2.8]
75.000000,1,9,[16;16;16;16;16],[127;129;131;132;133],[0.757143;1.128571;1.057143;1.314286;1.071429]
75.000000,0,9,[10;10;10;10;10],[74;77;79;80;81],[0.926667;0.533333;0.873333;0.073333;0.773333]
78.000000,1,6,[15],[125],[2.9]
78.000000,0,6,[6],[49],[0.331579]
79.000000,1,6,[15],[125],[2.8]
79.000000,0,6,[6],[49],[0.0]
87.000000,1,5,[24;24;24;24;24;24],[190;191;193;197;198;200],[1.536842;1.636842;1.336842;1.973684;1.773684;1.936842]
87.000000,0,5,[9;9;9;9;9;9],[66;67;68;69;71;73],[1.610526;2.170175;1.466667;2.133333;1.736842;2.236842]
90.000000,1,7,[19;19;19;19;19;19;19;19],[150;151;152;153;154;155;156;157],[0.642857;1.142857;0.385714;0.9;0.0;0.514286;0.028571;0.285714]
90.000000,0,7,[7;8;8;8;8;8],[57;58;61;63;64;65],[0.68;0.709091;0.890909;0.854545;0.890909;0.6]
91.000000,1,1,[18;18;18;18;18;18;18;18],[142;143;144;145;146;147;148;149],[2.4;1.9;2.4;2.5;2.2;2.4;2.3;2.3]
91.000000,0,1,[11;11;11;11;3;3],[82;83;84;87;19;23],[0.188182;0.575455;0.478182;0.517273;2.098684;2.383333]
91.000000,1,7,[19;19;19;19;19],[150;152;153;156;157],[0.542857;0.285714;0.7;0.0;0.185714]
91.000000,0,7,[7;7;7;7;7],[50;51;52;54;56],[0.42;0.74;0.88;0.54;0.886667]
91.000000,1,11,[16;16;16;16;16],[126;127;128;129;133],[1.290476;0.690476;1.352381;0.995238;0.938095]
91.000000,0,11,[1;1;1;1;1;1],[2;3;4;6;8;9],[1.137143;1.015238;1.785714;1.618095;1.411429;1.175238]
92.000000,1,7,[19;19;19],[150;151;155],[0.342857;0.942857;0.114286]
92.000000,0,7,[7;7;7;7],[50;53;54;57],[0.366667;0.826667;0.486667;0.626667]
92.000000,1,11,[16;16;16;16;16],[126;127;128;131;133],[1.22381;0.62381;1.285714;0.790476;0.871429]
92.000000,0,11,[1;1;1;1],[3;4;6;9],[0.915238;1.585714;1.318095;0.975238]
93.000000,1,6,[15;15;15;15;15;15],[118;119;120;121;124;125],[2.533333;2.4;2.533333;2.4;2.266667;2.6]
93.000000,0,6,[12;12;12;12;12;12;12],[91;94;95;97;98;100;101],[2.836842;2.636842;2.636842;2.936842;2.573684;2.836842;2.736842]
93.000000,1,7,[19;19;19;19],[151;152;155;157],[0.742857;0.085714;0.0;0.0]
93.000000,0,7,[7;7;7;7;7],[50;51;53;54;56],[0.313333;0.686667;0.72;0.433333;0.833333]
93.000000,1,11,[16;16;16;16;16],[127;128;129;130;133],[0.557143;1.219048;0.861905;1.295238;0.738095]
93.000000,0,11,[1;1;1;1;1;1],[2;3;4;6;8;9],[1.037143;0.815238;1.385714;1.218095;1.211429;0.875238]
94.000000,1,6,[15;15;15;15;15;15],[118;119;120;121;124;125],[2.333333;2.2;2.433333;2.1;1.966667;2.5]
94.000000,0,6,[12;12;12;12;12;12],[90;92;95;97;98;101],[2.836842;2.673684;2.573684;2.810526;2.510526;2.673684]
94.000000,1,7,[19;19;19],[150;152;153],[0.142857;0.0;0.3]
94.000000,0,7,[7;7],[51;53],[0.58;0.613333]
94.000000,1,11,[16;16;16;16],[127;128;129;130],[0.490476;1.019048;0.728571;1.161905]
94.000000,0,11,[1;1;1;1;1],[4;5;6;7;8],[1.285714;1.458095;1.018095;1.165714;1.111429]
95.000000,1,6,[15;15;15;15;15;15],[119;121;122;123;124;125],[2.1;1.8;2.9;2.9;1.466667;2.4]
95.000000,0,6,[12;12;12;12;12;12],[91;92;96;98;99;100],[2.710526;2.547368;2.936842;2.447368;2.636842;2.773684]
95.000000,1,7,[19;19;19],[150;151;153],[0.0;0.542857;0.1]
95.000000,0,7,[7;7],[52;53],[0.773333;0.56]
95.000000,1,11,[16;16;16;16;16],[127;129;130;131;133],[0.42381;0.661905;0.961905;0.657143;0.671429]
95.000000,0,11,[1;1;1;1;1;1],[2;3;5;6;7;9],[0.937143;0.715238;1.258095;0.918095;1.065714;0.675238]
96.000000,1,6,[15;15;15;15;15],[120;121;122;123;124],[2.133333;1.5;2.7;2.7;1.266667]
96.000000,0,6,[12;12;12;12],[95;96;100;101],[2.510526;2.810526;2.647368;2.484211]
96.000000,1,11,[16;16;16;16],[126;129;130;133],[1.157143;0.595238;0.628571;0.604762]
96.000000,0,11,[1;1;1;1;1;1],[2;3;4;5;6;9],[0.637143;0.615238;1.185714;1.158095;0.818095;0.575238]
97.000000,1,11,[16;16;16;16],[126;128;131;133],[1.02381;0.952381;0.590476;0.338095]
97.000000,0,11,[1;1;1;1;1],[2;3;4;6;9],[0.437143;0.415238;0.985714;0.718095;0.475238]
98.000000,1,11,[16;16;16;16;16;16;16],[126;127;128;130;131;132;133],[0.890476;0.357143;0.885714;0.561905;0.52381;1.247619;0.271429]
98.000000,0,11,[1;1;1;1;1],[2;3;5;6;7],[0.337143;0.315238;0.958095;0.518095;0.865714]
99.000000,1,11,[16;16;16;16;16;16],[127;128;129;130;131;133],[0.290476;0.819048;0.461905;0.428571;0.457143;0.204762]
99.000000,0,11,[1;1;1;1;1],[2;3;5;6;7],[0.237143;0.115238;0.858095;0.218095;0.765714]
100.000000,1,11,[16;16;16;16;16],[127;128;129;130;131],[0.22381;0.752381;0.395238;0.361905;0.190476]
100.000000,0,11,[1;1;1;1;1],[2;3;5;7;8],[0.137143;0.0;0.758095;0.665714;0.911429]
101.000000,1,2,[18;18;18;18;18;18],[142;143;145;146;147;149],[2.0;1.7;2.1;2.0;2.2;2.1]
101.000000,0,2,[11;11;11],[85;87;88],[0.421818;0.437273;0.667273]
101.000000,1,4,[13;13;13;13;13],[102;103;107;108;109],[0.0;0.1;0.7;0.4;0.5]
101.000000,0,4,[3;3;3;3],[18;21;22;23],[2.140351;2.133333;2.240351;2.183333]
101.000000,1,11,[16;16;16;16;16],[127;128;130;131;133],[0.157143;0.685714;0.295238;0.057143;0.071429]
101.000000,0,11,[1;1;1;1;1;1],[2;4;6;7;8;9],[0.037143;0.785714;0.018095;0.565714;0.811429;0.375238]
102.000000,1,2,[18;18;18;18;18;18;18],[142;143;144;146;147;148;149],[1.8;1.5;2.2;1.6;2.0;2.1;1.9]
102.000000,0,2,[11;11;11;11;11;11],[82;83;84;86;87;89],[0.148182;0.495455;0.438182;0.438182;0.357273;0.467273]
102.000000,1,3,[15;15;15;15;15;15;15],[118;119;120;121;122;124;125],[2.133333;1.9;2.033333;1.3;2.5;1.166667;2.2]
102.000000,0,3,[12;12;12;12;12;12;12],[90;92;93;95;98;100;101],[2.736842;2.447368;2.2;2.410526;2.347368;2.547368;2.384211]
102.000000,1,4,[13;13;13;19],[103;108;109;151],[0.0;0.0;0.3;0.442857]
102.000000,0,4,[3;3;3;3;3],[18;19;20;21;25],[2.040351;1.898684;1.5;1.933333;2.333333]
102.000000,1,11,[16;16;16;16;16;16],[126;127;128;130;131;133],[0.82381;0.090476;0.552381;0.228571;0.0;0.004762]
102.000000,0,11,[1;1;1;1],[2;4;6;9],[0.0;0.685714;0.0;0.0]
103.000000,1,2,[18;18;18;18;18],[143;144;145;146;148],[1.3;2.0;1.5;1.2;1.9]
103.000000,0,2,[11;11;11;11;11;11],[82;83;84;85;88;89],[0.108182;0.455455;0.398182;0.301818;0.627273;0.427273]
103.000000,1,3,[15;15;15;15;15;15],[118;120;121;122;123;125],[2.033333;1.833333;1.2;2.3;2.4;1.9]
103.000000,0,3,[12;12;12;12;12;12],[90;93;96;97;98;99],[2.636842;2.1;2.710526;2.610526;2.247368;2.436842]
103.000000,1,4,[13;13;13;19;19],[106;107;109;151;153],[0.7;0.6;0.1;0.342857;0.0]
103.000000,0,4,[3;3;3;3],[21;22;23;24],[1.833333;2.040351;2.083333;2.0]
103.000000,1,11,[16;16;16;16],[126;127;132;133],[0.757143;0.02381;1.180952;0.0]
103.000000,0,11,[1;1;1],[4;5;7],[0.585714;0.558095;0.165714]
104.000000,1,3,[15;15;15;15;15;15],[118;120;121;123;124;125],[1.833333;1.733333;1.0;2.3;0.966667;1.5]
104.000000,0,3,[12;12;12;12;12],[91;94;97;99;101],[2.610526;2.536842;2.310526;2.236842;2.284211]
104.000000,1,4,[13;13;13;19],[106;107;109;151],[0.4;0.5;0.0;0.142857]
104.000000,0,4,[3;3;3],[18;21;22],[1.840351;1.733333;1.940351]
104.000000,1,11,[16;16;16;16],[127;128;130;132],[0.0;0.485714;0.161905;1.114286]
104.000000,0,11,[1;1],[5;7],[0.258095;0.0]
105.000000,1,3,[15;15;15;15;15;15],[118;119;121;122;123;124],[1.733333;1.7;0.8;2.1;2.0;0.766667]
105.000000,0,3,[12;12;12;12;12],[91;92;94;96;99],[2.510526;2.147368;2.436842;2.510526;2.136842]
105.000000,1,4,[13;13],[106;107],[0.0;0.1]
105.000000,0,4,[3;3],[18;19],[1.740351;1.798684]
105.000000,1,11,[16;16],[128;130],[0.352381;0.095238]
105.000000,0,11,[1;1;1],[4;5;8],[0.285714;0.158095;0.711429]
106.000000,1,4,[13],[107],[0.0]
106.000000,0,4,[3],[23],[1.983333]
109.000000,1,6,[21;21;21;21;21],[167;169;171;172;173],[2.566667;1.866667;1.566667;2.2;1.566667]
109.000000,0,6,[9;9;9;9;9;9],[66;67;69;71;72;73],[1.484211;2.107018;2.070175;1.610526;1.873684;2.173684]
110.000000,1,1,[18;18;18;18;18;18;18],[142;143;144;146;147;148;149],[1.6;1.1;1.8;0.8;1.8;1.7;1.7]
110.000000,0,1,[8;8;8;8;8;8],[58;59;62;63;64;65],[0.659091;0.804545;0.877273;0.804545;0.740909;0.55]
110.000000,1,6,[21;21;21;21;21],[166;167;169;170;173],[2.566667;2.466667;1.766667;1.433333;1.366667]
110.000000,0,6,[9;9;9;9;9;9],[67;68;70;71;72;73],[2.04386;1.340351;2.407018;1.547368;1.810526;2.110526]
111.000000,1,1,[18;18;18;18;18;18],[142;143;144;146;147;148],[1.4;0.7;1.6;0.4;1.6;1.5]
111.000000,0,1,[8;8;8;8;8],[59;61;63;64;65],[0.704545;0.840909;0.754545;0.640909;0.45]
111.000000,1,6,[21;21;21;21;21;21],[167;168;169;170;171;173],[2.266667;1.9;1.666667;1.333333;1.366667;1.266667]
111.000000,0,6,[9;9;9;9;9],[66;68;69;71;73],[1.357895;1.277193;1.94386;1.484211;1.984211]
112.000000,1,1,[18;18;18;18;18],[142;143;145;147;148],[1.2;0.5;1.3;1.2;0.9]
112.000000,0,1,[8;8;8;8;8;8],[58;59;61;62;63;64],[0.509091;0.654545;0.790909;0.827273;0.704545;0.590909]
112.000000,1,6,[21;21;21;21;21;21;21],[166;167;168;170;171;172;173],[2.266667;2.166667;1.6;0.733333;0.966667;2.0;1.166667]
112.000000,0,6,[9;12;12;12;12],[70;92;96;97;101],[2.217544;2.084211;2.447368;2.247368;2.157895]
113.000000,1,1,[18;18;18;18;18],[143;144;145;147;148],[0.3;1.4;0.9;0.8;0.5]
113.000000,0,1,[8;8;8;8;8],[58;61;63;64;65],[0.409091;0.740909;0.554545;0.540909;0.4]
113.000000,1,6,[21;21;21;21;21;21;21],[167;168;169;170;171;172;173],[1.766667;1.5;1.366667;0.533333;0.566667;1.7;0.866667]
113.000000,0,6,[9;9;12;12;12;12;12],[71;72;91;92;94;98;101],[1.421053;1.684211;2.447368;2.021053;2.373684;2.184211;2.094737]
114.000000,1,1,[18;18;18;18],[142;144;147;149],[0.4;1.2;0.4;1.5]
114.000000,0,1,[8;8;8;8;8;8],[58;59;60;61;62;65],[0.359091;0.554545;0.827273;0.690909;0.777273;0.35]
114.000000,1,5,[15;15;15;15],[118;119;120;121],[1.607018;1.321053;1.480702;0.547368]
114.000000,0,5,[11;11;11;11;11;11],[83;85;86;87;88;89],[0.355455;0.201818;0.338182;0.157273;0.527273;0.227273]
114.000000,1,6,[21;21;21;21;21;21;21;21],[166;167;168;169;170;171;172;173],[2.166667;1.466667;1.4;0.866667;0.233333;0.366667;1.5;0.566667]
114.000000,0,6,[9;9;12;12;12;12;12],[67;71;91;92;98;100;101],[1.980702;1.357895;2.321053;1.957895;2.121053;2.484211;2.031579]
115.000000,1,1,[18;18;18;18;18],[142;143;144;148;149],[0.2;0.0;0.8;0.3;1.1]
115.000000,0,1,[8;8;8;8;8],[59;60;61;63;64],[0.504545;0.777273;0.640909;0.504545;0.340909]
115.000000,1,5,[15;15;15;15;15;15],[118;119;120;121;122;125],[1.480702;1.194737;1.22807;0.421053;1.973684;1.247368]
115.000000,0,5,[11;11;11;11;11],[83;84;85;87;89],[0.155455;0.298182;0.001818;0.0;0.127273]
115.000000,1,6,[21;21;21;21;21],[166;168;169;170;171],[2.066667;1.2;0.766667;0.033333;0.166667]
115.000000,0,6,[9;9;9;9;9;9],[66;67;69;70;71;73],[1.294737;1.854386;1.880702;2.154386;1.231579;1.921053]
116.000000,1,1,[18;18;18;18],[142;144;145;149],[0.0;0.6;0.5;0.7]
116.000000,0,1,[8;8;8;8;8],[58;59;60;61;65],[0.259091;0.454545;0.727273;0.590909;0.25]
116.000000,1,5,[15;15;15;15],[119;122;124;125],[0.942105;1.721053;0.514035;1.121053]
116.000000,0,5,[11;11;11;11;11;11],[82;83;84;85;88;89],[0.0;0.055455;0.198182;0.0;0.427273;0.0]
117.000000,1,5,[15;15;15;15],[120;121;122;124],[1.101754;0.294737;1.594737;0.387719]
117.000000,0,5,[11;11;11],[83;84;86],[0.0;0.0;0.0]
118.000000,1,5,[15],[119],[0.815789]
118.000000,0,5,[11],[88],[0.0]
118.000000,1,9,[24;24;24;24;24;24;24;24],[190;191;194;196;197;199;200;201],[1.436842;1.536842;1.4;1.6;1.873684;1.6;1.836842;1.1]
118.000000,0,9,[12;12;12;12;12;12;12],[91;92;93;95;97;98;101],[2.068421;1.831579;2.036842;2.347368;2.121053;2.057895;1.968421]
127.000000,1,3,[21;21;21;21;21],[167;168;171;172;173],[1.266667;1.0;0.066667;1.3;0.466667]
127.000000,0,3,[3;3;3;3;3;3],[19;20;22;23;24;25],[1.598684;1.4;1.740351;1.883333;1.9;2.233333]
128.000000,1,3,[21;21;21;21;21;21],[167;168;169;170;171;173],[0.966667;0.9;0.666667;0.0;0.0;0.366667]
128.000000,0,3,[3;3;3;3;3],[19;20;21;23;24],[1.398684;1.3;1.633333;1.683333;1.7]
129.000000,1,3,[15;15;15],[120;123;124],[0.901754;1.7;0.087719]
129.000000,0,3,[3;3;3;3;3],[18;20;22;24;25],[1.640351;1.1;1.640351;1.4;2.133333]
130.000000,1,3,[15;15;15;15;15;15],[119;120;122;123;124;125],[0.715789;0.701754;0.894737;1.3;0.0;0.621053]
130.000000,0,3,[3;3;8;8;8],[19;22;58;59;63],[1.098684;1.540351;0.159091;0.354545;0.304545]
133.000000,1,4,[21;21;21;21],[167;168;169;173],[0.866667;0.6;0.566667;0.166667]
133.000000,0,4,[10;10;10;10],[74;75;78;80],[0.869524;0.059048;0.372381;0.01619]
134.000000,1,4,[21;21;21;21],[166;169;172;173],[1.966667;0.466667;1.1;0.0]
134.000000,0,4,[10;10;10],[74;75;77],[0.812381;0.001905;0.304762]
134.000000,1,9,[24;24;24;24;24;24;24],[192;193;194;198;199;200;201],[2.0;1.236842;1.3;1.573684;1.5;1.736842;1.0]
134.000000,0,9,[7;7;7;7;7],[50;52;53;55;57],[0.153333;0.666667;0.453333;0.373333;0.52]
135.000000,1,4,[21;21;21;21;21],[166;167;168;169;172],[1.866667;0.666667;0.5;0.266667;1.0]
135.000000,0,4,[10;10;10],[74;75;80],[0.755238;0.0;0.0]
143.000000,1,3,[24;24;24;24;24;24;24],[190;192;194;195;196;199;200],[1.236842;1.6;1.1;0.9;1.4;1.3;1.536842]
143.000000,0,3,[8;8;8;8;8;8;8],[58;59;60;61;62;63;64],[0.059091;0.154545;0.627273;0.490909;0.577273;0.0;0.240909]
144.000000,1,3,[24;24;24;24;24],[190;192;193;199;201],[1.036842;1.4;0.636842;1.1;0.8]
144.000000,0,3,[8;8;8;8;8;8],[59;60;61;62;64;65],[0.0;0.427273;0.290909;0.377273;0.040909;0.05]
145.000000,1,3,[24;24;24;24;24;24],[190;191;193;195;198;201],[0.836842;1.336842;0.436842;0.7;1.373684;0.6]
145.000000,0,3,[8;8;8;8;8],[58;61;62;64;65],[0.0;0.090909;0.077273;0.0;0.0]
146.000000,1,2,[18;18;18;18;18],[144;145;146;147;149],[0.5;0.4;0.1;0.3;0.5]
146.000000,0,2,[7;7;7;7],[50;51;55;56],[0.039048;0.522857;0.259048;0.77619]
146.000000,1,3,[24;24;24],[197;199;201],[1.673684;0.9;0.4]
146.000000,0,3,[8;8;8],[60;61;62],[0.0;0.0;0.0]
147.000000,1,1,[21;21;21;21],[166;167;169;172],[1.766667;0.566667;0.066667;0.9]
147.000000,0,1,[10;10;10],[74;77;78],[0.688571;0.171429;0.239048]
147.000000,1,2,[18;18;18;18],[144;145;147;148],[0.3;0.0;0.2;0.2]
147.000000,0,2,[7;7;7;7],[50;54;56;57],[0.0;0.319048;0.661905;0.462857]
148.000000,1,1,[21;21;21;21],[167;168;169;172],[0.466667;0.3;0.0;0.8]
148.000000,0,1,[10;10;10],[74;77;78],[0.555238;0.104762;0.105714]
148.000000,1,2,[18;18;18;18],[144;146;147;149],[0.1;0.0;0.1;0.3]
148.000000,0,2,[7;7;7],[54;55;57],[0.261905;0.087619;0.405714]
149.000000,1,1,[21;21;21],[166;167;172],[1.466667;0.366667;0.7]
149.000000,0,1,[10;10],[74;81],[0.488571;0.573333]
149.000000,1,2,[18;18;18],[147;148;149],[0.0;0.1;0.1]
149.000000,0,2,[7;7;7],[51;55;57],[0.465714;0.0;0.348571]
150.000000,1,1,[21;21;21],[166;167;172],[1.366667;0.166667;0.5]
150.000000,0,1,[10;10],[74;78],[0.355238;0.0]
150.000000,1,2,[18;18;18],[144;148;149],[0.0;0.0;0.0]
150.000000,0,2,[7;7;7],[51;56;57],[0.408571;0.604762;0.291429]
