0,player,node,groups,units,health
14.000000,1,7,[14;14;14;14],[111;112;115;116],[0.4;0.6;0.8;0.6]
14.000000,0,7,[5;5;5;5;5;5;5],[34;35;36;38;39;40;41],[0.6;0.8;0.8;0.8;0.8;0.8;0.8]
18.000000,1,4,[14;14;14;14;14],[110;112;113;114;116],[0.9;0.3;0.9;0.8;0.5]
18.000000,0,4,[7;7;7;7;7;7],[50;51;52;53;54;55],[1.8;1.6;1.8;1.6;1.8;1.8]
21.000000,1,11,[20;20;20;20;20;20],[158;160;162;163;164;165],[0.9;0.8;0.9;0.9;0.8;0.9]
21.000000,0,11,[5;5;5;5],[37;39;40;41],[0.6;0.4;0.4;0.4]
22.000000,1,1,[14;14;14;14;14;14;14;14],[110;111;112;113;114;115;116;117],[0.7;0.2;0.0;0.5;0.6;0.6;0.1;0.7]
22.000000,0,1,[8;8;8;8;8;6],[60;61;62;63;65;43],[0.9;0.9;0.9;0.9;0.7;2.85]
22.000000,1,7,[23;23;23;23;23],[182;183;184;186;187],[0.6;0.8;0.8;0.4;0.8]
22.000000,0,7,[2;2;2;2;2;2;2],[10;11;12;13;14;16;17],[0.8;0.6;0.8;0.8;0.8;0.8;0.8]
22.000000,1,11,[20;20;20;20],[162;163;164;165],[0.6;0.7;0.6;0.8]
22.000000,0,11,[5;5;5;5;5],[34;36;37;39;40],[0.4;0.6;0.0;0.2;0.2]
23.000000,1,1,[14;14;14;14;14],[110;113;115;116;117],[0.6;0.2;0.5;0.0;0.6]
23.000000,0,1,[6;6;6;6;6],[42;44;45;48;49],[2.85;2.55;2.85;2.85;2.85]
23.000000,1,7,[23;23;23;23;23;23],[182;183;186;187;188;189],[0.4;0.4;0.2;0.4;0.8;0.8]
23.000000,0,7,[2;2;2;2;2],[10;12;13;15;17],[0.6;0.4;0.6;0.8;0.2]
23.000000,1,11,[20;20;19;19;19;19],[161;164;150;151;152;157],[0.9;0.5;1.733333;1.866667;1.866667;1.866667]
23.000000,0,11,[5;5;5;5;5;5;5],[34;35;36;38;39;40;41],[0.2;0.5;0.0;0.6;0.0;0.0;0.0]
24.000000,1,7,[17;17;17;17;17],[134;135;137;138;141],[0.6;0.6;0.8;0.8;0.6]
24.000000,0,7,[2;2;2;2;2;2],[10;11;12;13;14;15],[0.4;0.4;0.2;0.2;0.4;0.6]
24.000000,1,11,[20;19;19],[159;150;157],[0.9;1.6;1.733333]
24.000000,0,11,[5;5;5],[34;35;38],[0.0;0.4;0.0]
25.000000,1,7,[17;17;17;17],[134;136;137;140],[0.2;0.6;0.6;0.4]
25.000000,0,7,[2;2;2;2],[11;12;15;16],[0.2;0.0;0.2;0.2]
28.000000,1,8,[15],[119],[2.866667]
28.000000,0,8,[5],[35],[0.0]
29.000000,1,3,[23;23;23;23;23],[182;183;184;185;186],[0.3;0.2;0.6;0.8;0.1]
29.000000,0,3,[3;3;3;3;3;3],[18;21;22;23;24;25],[2.873684;2.747368;2.747368;2.873684;2.873684;2.873684]
29.000000,1,8,[15;15;15;15;15],[118;119;120;121;125],[2.733333;2.6;2.866667;2.866667;2.733333]
29.000000,0,8,[11;11;11;11;11;11;11],[82;84;85;86;87;88;89],[0.8;0.9;0.9;0.9;0.9;0.9;0.9]
30.000000,1,8,[15;15;15;15;15;15],[118;120;121;122;124;125],[2.6;2.6;2.733333;2.733333;2.866667;2.6]
30.000000,0,8,[11;11;11;11;11],[82;84;85;87;88],[0.6;0.7;0.7;0.8;0.8]
32.000000,1,7,[18;18;18;18;18],[143;146;147;148;149],[2.7;2.9;2.9;2.8;2.9]
32.000000,0,7,[9;9;9;9;9],[66;67;69;71;72],[2.9;2.9;2.8;2.8;2.8]
32.000000,1,8,[21;21;21;21;21],[166;168;169;172;173],[2.866667;2.866667;2.866667;2.733333;2.6]
32.000000,0,8,[11;11;11;11],[83;84;88;89],[0.8;0.5;0.6;0.7]
33.000000,1,3,[23;23;23;23;23;23],[182;184;185;186;187;189],[0.1;0.2;0.6;0.0;0.2;0.6]
33.000000,0,3,[2;2;2;2;2],[10;11;13;15;16],[0.327273;0.0;0.127273;0.127273;0.054545]
33.000000,1,7,[18;18;18;18;18;18;18],[142;143;144;145;146;147;148],[2.9;2.6;2.9;2.9;2.8;2.7;2.7]
33.000000,0,7,[9;9;9;9;9;9],[67;68;69;71;72;73],[2.8;2.9;2.7;2.6;2.7;2.8]
33.000000,1,8,[21;21;21;21;21;21;21],[166;167;168;169;170;171;172],[2.733333;2.866667;2.733333;2.6;2.866667;2.866667;2.6]
33.000000,0,8,[11;11;11;11],[84;86;87;88],[0.4;0.6;0.6;0.4]
34.000000,1,1,[14;14;14;14;14;14],[110;111;113;114;115;117],[0.3;0.0;0.0;0.4;0.2;0.0]
34.000000,0,1,[1;1;8;8;8;8],[2;6;59;61;62;63],[1.866667;1.866667;0.9;0.8;0.8;0.8]
34.000000,1,7,[18;18;18;20;20;20;20;20],[142;144;147;158;159;160;162;165],[2.8;2.8;2.6;0.8;0.8;0.7;0.5;0.7]
34.000000,0,7,[9;9;9;9;9;9;9;9],[66;67;68;69;70;71;72;73],[2.6;2.4;2.7;2.6;2.8;2.3;2.2;2.4]
34.000000,1,8,[21;21;21;21;21;21],[166;167;169;170;171;173],[2.6;2.733333;2.466667;2.6;2.733333;2.333333]
34.000000,0,8,[11;11;11;11],[83;84;85;89],[0.5;0.2;0.5;0.6]
35.000000,1,1,[14;14;14],[110;114;115],[0.0;0.0;0.0]
35.000000,0,1,[1;8],[8;63],[1.733333;0.7]
35.000000,1,6,[22;22;22;22;22;22],[174;175;176;177;178;180],[1.7;1.9;1.9;1.9;1.9;1.9]
35.000000,0,6,[7;7;7;7;7],[52;53;54;56;57],[1.6;1.5;1.6;1.8;1.9]
35.000000,1,8,[21;21;21;21],[166;168;170;172],[2.466667;2.6;2.333333;2.066667]
35.000000,0,8,[11;11;11;11;11;11],[82;83;85;86;87;89],[0.3;0.4;0.4;0.5;0.5;0.5]
36.000000,1,3,[23;23;23;23;23],[182;184;185;187;188],[0.0;0.0;0.5;0.0;0.6]
36.000000,0,3,[6;6;6;6;6],[44;45;46;48;49],[2.423684;2.723684;2.747368;2.597368;2.723684]
36.000000,1,6,[22;22;22;22;22],[175;177;179;180;181],[1.8;1.7;1.8;1.7;1.9]
36.000000,0,6,[7;7;7;7;7],[50;53;55;56;57],[1.6;1.3;1.7;1.6;1.8]
36.000000,1,7,[18;18;18;18;20;20;20],[143;145;148;149;158;161;164],[2.5;2.8;2.6;2.8;0.7;0.8;0.3]
36.000000,0,7,[3;3;3;3;3;3],[18;19;20;22;24;25],[2.173684;2.8;2.6;2.647368;2.473684;2.273684]
36.000000,1,8,[21;21;21;21;19;19],[166;168;169;171;153;157],[2.2;2.466667;2.333333;2.466667;1.885714;1.619048]
36.000000,0,8,[11;11;11;11;11;11;11;11],[82;83;84;85;86;87;88;89],[0.0;0.3;0.1;0.1;0.3;0.4;0.1;0.4]
37.000000,1,6,[22;22;22;22],[175;178;180;181],[1.6;1.8;1.5;1.6]
37.000000,0,6,[7;7;7;7;7],[50;51;52;55;57],[1.4;1.4;1.5;1.6;1.6]
37.000000,1,7,[20;20;20;20;20;20;20],[158;159;160;162;163;164;165],[0.5;0.2;0.3;0.1;0.6;0.2;0.5]
37.000000,0,7,[3;3;3;3;2;2],[21;22;23;24;13;14],[2.347368;2.447368;2.473684;2.273684;0.0;0.2]
37.000000,1,8,[21;21;21;21;19],[166;168;170;171;154],[2.066667;2.333333;2.2;2.2;1.771429]
37.000000,0,8,[11;11;11;11;11;11],[83;84;85;86;87;88],[0.2;0.0;0.0;0.0;0.1;0.0]
38.000000,1,6,[22;22;22;22;22],[174;175;176;177;180],[1.6;1.5;1.7;1.4;1.4]
38.000000,0,6,[7;7;7;7],[50;55;56;57],[1.3;1.5;1.2;1.4]
38.000000,1,7,[20;20;20;17;17;17;17;17;17],[159;162;164;134;135;136;138;139;140],[0.0;0.0;0.0;0.0;0.2;0.4;0.7;0.9;0.2]
38.000000,0,7,[3;3;3;3;2;2;2;2;2],[18;19;23;25;10;14;15;16;17],[1.773684;2.6;2.273684;2.073684;0.0;0.0;0.0;0.0;0.0]
38.000000,1,8,[21;21;16],[166;172;133],[1.933333;1.933333;1.885714]
38.000000,0,8,[11;11;11],[83;87;89],[0.0;0.0;0.0]
39.000000,1,6,[22;22;22;15;23;23],[177;178;180;120;183;185],[1.2;1.7;1.3;2.5;0.0;0.4]
39.000000,0,6,[7;7;7;7;7;7;7;7],[50;51;52;53;54;55;56;57],[1.2;1.0;1.3;1.0;1.2;1.3;0.5;1.3]
39.000000,1,9,[13;13;13;13],[102;104;105;109],[1.946667;1.946667;1.786667;1.893333]
39.000000,0,9,[10;10;10;10;10],[74;75;76;77;81],[1.9;1.8;1.8;1.9;1.8]
40.000000,1,6,[22;22;15;15;15;23;23],[174;179;120;121;122;185;188],[1.5;1.7;2.3;2.633333;2.633333;0.3;0.5]
40.000000,0,6,[7;7;7;7;7;7;7],[50;51;52;53;54;55;56],[0.8;0.5;1.1;0.8;1.1;0.9;0.1]
41.000000,1,6,[22;22;22;15;15;15;15;15],[179;180;181;118;119;123;124;125],[1.6;1.2;1.5;2.5;2.5;2.9;2.766667;2.5]
41.000000,0,6,[7;7;7;7;7;7;7;7],[50;51;52;53;54;55;56;57],[0.6;0.3;0.6;0.6;0.5;0.8;0.0;1.0]
42.000000,1,6,[22;22;15;15;15;23],[176;178;118;120;122;185],[1.6;1.6;2.4;2.2;2.533333;0.1]
42.000000,0,6,[7;7;7;7;7;7;7],[50;51;52;53;54;55;57],[0.4;0.2;0.0;0.1;0.4;0.6;0.6]
43.000000,1,6,[22;15;15;23;23],[179;118;121;185;188],[1.5;2.3;2.533333;0.0;0.3]
43.000000,0,6,[7;7;7;7;7;7],[50;51;53;54;55;57],[0.0;0.0;0.0;0.1;0.3;0.3]
43.000000,1,9,[18;18;18;18;18;18;18],[143;144;145;146;147;148;149],[2.247368;2.736842;2.484211;2.673684;2.473684;2.536842;2.736842]
43.000000,0,9,[10;10;10;9;9;9],[74;75;76;68;69;73],[1.8;1.6;1.7;2.6;2.4;2.3]
44.000000,1,6,[22;15;15],[175;118;125],[1.4;2.2;2.4]
44.000000,0,6,[7;7;7],[54;55;57],[0.0;0.0;0.0]
44.000000,1,9,[17;17;17;17;17;17;17],[135;136;137;138;139;140;141],[0.163636;0.327273;0.563636;0.663636;0.863636;0.163636;0.563636]
44.000000,0,9,[9;9;9;9;9],[66;70;71;72;73],[2.4;2.4;2.1;1.8;2.1]
45.000000,1,9,[17;17;17;17;17;17],[135;136;137;138;139;141],[0.090909;0.254545;0.454545;0.554545;0.754545;0.454545]
45.000000,0,9,[9;9;3;3;3],[66;68;18;19;24],[2.2;2.4;1.173684;2.4;2.073684]
46.000000,1,9,[17;17;17;17],[136;138;139;140],[0.181818;0.409091;0.718182;0.127273]
46.000000,0,9,[9;9;9;9;9],[67;68;69;70;71],[2.2;2.2;2.0;2.2;1.7]
50.000000,1,7,[18;18;18;18;18],[143;145;146;147;148],[2.147368;2.384211;2.473684;2.273684;2.336842]
50.000000,0,7,[10;10;10;10;10],[74;75;76;77;80],[1.7;1.4;1.6;1.6;1.9]
51.000000,1,7,[18;18;18;18;18;18],[143;144;145;147;148;149],[2.047368;2.636842;2.284211;2.173684;2.136842;2.536842]
51.000000,0,7,[10;10;10;10;10;10],[74;75;76;78;79;81],[1.6;1.2;1.5;1.9;1.9;1.6]
52.000000,1,4,[13;13;13;13],[103;107;108;109],[1.8;1.2;1.8;1.493333]
52.000000,0,4,[8;8;8;8;8],[60;61;62;63;65],[0.86;0.76;0.68;0.62;0.66]
53.000000,1,4,[13;13;13;13;13],[104;105;106;108;109],[1.546667;1.586667;1.8;1.4;1.093333]
53.000000,0,4,[8;8;8;8;8],[58;59;60;62;64],[0.92;0.86;0.78;0.64;0.92]
54.000000,1,4,[13;13;13;13;13],[102;104;106;107;109],[1.746667;1.146667;1.6;0.8;0.693333]
54.000000,0,4,[8;8;8;8;8],[58;61;62;63;65],[0.8;0.72;0.56;0.58;0.62]
54.000000,1,7,[18;18;18;18;18],[142;145;146;148;149],[2.7;2.184211;2.273684;2.036842;2.236842]
54.000000,0,7,[4;4;4;4;4],[28;29;31;32;33],[1.6;1.9;1.9;1.9;1.9]
55.000000,1,3,[24;24;24;24;24;24;24],[190;191;194;196;197;200;201],[2.9;2.9;2.9;2.9;2.8;2.9;2.9]
55.000000,0,3,[6;6;6;6;6;6],[42;43;44;46;47;48],[2.534211;2.786842;2.107895;2.684211;2.873684;2.471053]
55.000000,1,4,[13;13;13;13;13;13],[102;104;105;107;108;109],[1.546667;0.946667;1.386667;0.6;1.2;0.093333]
55.000000,0,4,[8;8;8;8;8],[59;60;61;63;65],[0.82;0.66;0.68;0.5;0.58]
55.000000,1,7,[18;18;18;18],[144;145;146;147],[2.436842;2.084211;1.873684;2.073684]
55.000000,0,7,[4;4;4;4],[26;29;30;31],[1.9;1.6;1.7;1.8]
56.000000,1,3,[23;23],[188;189],[0.0;0.0]
56.000000,0,3,[6;6],[45;48],[2.597368;2.344737]
56.000000,1,4,[13;13;13;13;13;13],[102;104;106;107;108;109],[1.346667;0.746667;1.4;0.4;0.8;0.0]
56.000000,0,4,[8;8;8;8;8;8],[58;59;60;61;62;65],[0.68;0.78;0.62;0.64;0.52;0.54]
56.000000,1,7,[18;18;18;18;18],[142;143;144;145;149],[2.5;1.847368;2.336842;1.884211;2.136842]
56.000000,0,7,[4;4;4;4;4;4],[26;27;28;29;32;33],[1.7;1.9;1.5;1.5;1.8;1.7]
57.000000,1,4,[13;13;13;13;13;13],[102;104;105;106;107;108],[0.946667;0.546667;0.986667;1.2;0.2;0.6]
57.000000,0,4,[8;8;8;8;8],[59;61;62;63;65],[0.7;0.6;0.48;0.42;0.5]
57.000000,1,7,[18;18;18;18;18;18],[142;144;145;146;147;148],[2.4;2.236842;1.784211;1.773684;1.873684;1.836842]
57.000000,0,7,[4;4;4;4;4;4],[26;28;29;30;32;33],[1.6;1.4;1.4;1.5;1.6;1.6]
58.000000,1,9,[15;15;15;15;15;15],[119;120;121;122;123;125],[2.436842;2.136842;2.470175;2.407018;2.836842;2.273684]
58.000000,0,9,[10;10;10;10],[74;76;77;79],[1.4;1.4;1.2;1.8]
59.000000,1,9,[15;15;15;15;15],[118;120;121;124;125],[2.136842;1.947368;2.407018;2.640351;2.210526]
59.000000,0,9,[10;10;10;10;10;10],[75;76;77;78;80;81],[1.1;1.3;1.1;1.8;1.6;1.5]
60.000000,1,7,[18;18;18;18;18],[142;144;146;147;149],[2.273684;2.110526;1.521053;1.494737;2.010526]
60.000000,0,7,[8;8;8;8;8;8],[59;60;61;63;64;65],[0.6;0.42;0.5;0.32;0.72;0.4]
61.000000,1,2,[16;16;16;16;16],[126;127;130;131;133],[1.8;1.7;1.9;1.9;1.785714]
61.000000,0,2,[6;6;6;6;6],[42;45;46;47;48],[2.434211;2.497368;2.584211;2.473684;2.244737]
61.000000,1,7,[18;18;18;18;18;18;18],[142;144;145;146;147;148;149],[2.147368;1.984211;1.657895;1.394737;1.368421;1.710526;1.757895]
61.000000,0,7,[8;8;8;8;8;8],[59;60;61;63;64;65],[0.4;0.32;0.3;0.22;0.62;0.3]
62.000000,1,2,[16;16;16;16;16;16],[126;129;130;131;132;133],[1.5;1.6;1.8;1.4;1.9;1.585714]
62.000000,0,2,[6;9;9;9],[45;67;69;72],[2.397368;2.1;1.6;1.6]
62.000000,1,7,[18;18;18;18;18],[142;143;144;145;148],[2.021053;1.594737;1.731579;1.531579;1.457895]
62.000000,0,7,[8;8;8;8;8],[58;59;61;64;65],[0.48;0.2;0.2;0.52;0.1]
63.000000,1,7,[18;18;18;18;18],[142;144;145;146;147],[1.642105;1.605263;1.405263;1.268421;1.115789]
63.000000,0,7,[8;8;8;8;8;8],[58;60;61;62;63;65],[0.38;0.22;0.1;0.18;0.12;0.0]
64.000000,1,3,[22;22;22;22;22],[174;176;177;179;180],[1.4;1.5;1.1;1.4;0.8]
64.000000,0,3,[4;4;4;4;4],[29;30;31;32;33],[1.186667;1.446667;1.746667;1.546667;1.546667]
65.000000,1,3,[13;13;13;13;13],[103;104;106;107;108],[1.7;0.446667;1.0;0.0;0.4]
65.000000,0,3,[4;4;4;4;4;4],[26;27;28;30;31;32],[1.546667;1.846667;1.346667;1.393333;1.693333;1.44]
66.000000,1,7,[15;15;15;15;15],[118;120;123;124;125],[1.884211;1.821053;2.710526;2.387719;2.084211]
66.000000,0,7,[8;8;8;8;8],[58;60;62;63;64],[0.18;0.0;0.08;0.02;0.42]
66.000000,1,10,[21;21;21;21],[167;169;170;173],[2.666667;2.266667;2.133333;2.0]
66.000000,0,10,[3;3;3;3;3;3;3],[18;19;20;21;22;23;25],[0.873684;2.3;2.1;2.147368;2.147368;1.673684;1.873684]
67.000000,1,7,[15;15;15;15;15;15;15;15],[118;119;120;121;122;123;124;125],[1.821053;2.184211;1.694737;2.34386;2.217544;2.394737;2.198246;2.021053]
67.000000,0,7,[8;8;1;1;1],[58;61;4;5;6],[0.08;0.0;1.9;1.7;1.666667]
67.000000,1,10,[21;21;21;21],[167;168;170;172],[2.533333;2.266667;1.933333;1.8]
67.000000,0,10,[3;3;3;3;3],[18;19;21;23;24],[0.773684;1.9;2.047368;1.573684;1.973684]
68.000000,1,7,[15;15;15;15;15;15;15],[118;119;120;122;123;124;125],[1.757895;1.994737;1.568421;2.091228;2.268421;1.75614;1.957895]
68.000000,0,7,[8;8;8;1;1;1],[62;63;64;6;7;9],[0.0;0.0;0.32;1.566667;1.7;1.9]
68.000000,1,10,[21;21;21;21;21;21],[166;167;168;169;170;172],[1.866667;2.466667;2.2;2.133333;1.8;1.733333]
68.000000,0,10,[3;3;3;3],[18;21;23;24],[0.473684;1.847368;1.473684;1.773684]
69.000000,1,7,[17;17;17;17;17],[135;137;138;139;140],[0.054545;0.381818;0.336364;0.645455;0.090909]
69.000000,0,7,[1;1;1;1;1;1],[2;4;5;6;7;8],[1.666667;1.7;1.3;1.366667;1.5;1.533333]
69.000000,1,10,[21;21;21;21;21],[166;167;168;170;171],[1.8;2.4;2.0;1.666667;2.133333]
69.000000,0,10,[3;3;3;3;3;3],[18;19;20;23;24;25],[0.373684;1.8;2.0;1.173684;1.673684;1.773684]
70.000000,1,10,[21;21;21;21;21],[166;168;169;171;172],[1.733333;1.866667;2.0;2.066667;1.6]
70.000000,0,10,[3;3;3;3;3],[19;21;22;23;25],[1.7;1.747368;2.047368;0.873684;1.573684]
71.000000,1,5,[22;22;22;22;22],[175;176;178;180;181],[1.3;1.4;1.5;0.5;1.3]
71.000000,0,5,[6;6;6;6;6;6],[43;44;45;46;47;48],[2.686842;1.907895;2.197368;2.484211;2.373684;2.144737]
71.000000,1,10,[21;21;21;21;21;21;21],[166;167;168;169;171;172;173],[1.466667;2.266667;1.6;1.933333;2.0;1.4;1.933333]
71.000000,0,10,[3;3;3;10;10;10],[19;23;25;74;78;79],[1.5;0.773684;1.373684;1.3;1.7;1.7]
72.000000,1,5,[22;22;22;22;22;22],[175;176;177;178;180;181],[1.2;1.2;1.0;1.4;0.4;1.1]
72.000000,0,5,[6;6;6;6;6],[42;43;44;45;49],[2.334211;2.386842;1.807895;2.097368;2.523684]
73.000000,1,5,[22;22;22;22;22;22],[175;176;177;179;180;181],[1.1;1.0;0.9;1.2;0.3;1.0]
73.000000,0,5,[6;6;6;6;6],[43;45;46;48;49],[2.186842;1.997368;2.184211;2.044737;2.423684]
73.000000,1,10,[15;15;15;15;15;15;15;15],[118;119;120;121;122;123;124;125],[1.624561;1.861404;1.435088;2.277193;1.824561;2.201754;1.689474;1.757895]
73.000000,0,10,[3;3;3;3;10;10],[18;22;23;24;76;80],[0.273684;1.847368;0.673684;1.573684;1.2;1.4]
74.000000,1,4,[24;24;24;24;13;17;17],[191;196;199;201;108;135;138],[2.833333;2.833333;2.933333;2.833333;0.285714;0.014545;0.296364]
74.000000,0,4,[1;1;1;1;1;1;1;1],[2;3;4;5;6;7;8;9],[1.466667;1.5;1.2;1.1;1.166667;0.9;0.933333;1.5]
74.000000,1,10,[15;15;15;15;15;15],[118;119;120;123;124;125],[1.491228;1.794737;1.301754;2.135088;1.622807;1.691228]
74.000000,0,10,[3;3;3;3;3;3],[18;19;20;22;23;24],[0.173684;1.4;1.9;1.547368;0.573684;1.473684]
75.000000,1,4,[24;24;24;24;24;13;13;13;13;17;17;17;17],[192;193;194;196;199;102;105;106;108;138;139;140;141],[2.933333;2.866667;2.833333;2.766667;2.8;0.889524;0.929524;0.885714;0.228571;0.216364;0.525455;0.010909;0.414545]
75.000000,0,4,[1;1;1;1;1;12;12;12;12;12;12;12;12;12;12],[3;4;5;8;9;90;91;92;93;94;97;98;99;100;101],[1.3;0.9;0.8;0.833333;1.2;2.6;2.9;2.8;2.9;2.9;2.8;2.7;2.7;2.8;2.9]
75.000000,1,10,[15;15;15;15;15],[118;120;121;124;125],[1.291228;1.235088;2.210526;1.55614;1.557895]
75.000000,0,10,[3;3;3;3],[18;19;24;25],[0.0;1.1;1.373684;1.173684]
76.000000,1,4,[24;24;24;24;24;24;24;24;24;13;13;13;13;17;17;17],[190;191;193;194;196;197;199;200;201;102;104;105;106;137;138;141],[2.833333;2.7;2.8;2.766667;2.7;2.733333;2.6;2.833333;2.766667;0.832381;0.332381;0.872381;0.828571;0.341818;0.176364;0.374545]
76.000000,0,4,[1;1;1;1;1;1;1;1;12;12;12;12;12;12;12;12;12],[2;3;4;5;6;7;8;9;91;93;94;96;97;98;99;100;101],[1.366667;1.0;0.7;0.7;0.966667;0.4;0.733333;1.0;2.6;2.7;2.8;2.9;2.7;2.6;2.5;2.6;2.7]
76.000000,1,7,[18;18;18;18;18;18],[143;144;145;146;147;149],[1.531579;1.478947;1.342105;1.205263;1.052632;1.631579]
76.000000,0,7,[4;4;4;4;4;4],[27;28;29;30;32;33],[1.746667;1.146667;1.086667;1.293333;1.34;1.346667]
76.000000,1,10,[15;15;15;15;15;15],[119;120;121;123;124;125],[1.72807;1.101754;2.14386;2.068421;1.489474;1.491228]
76.000000,0,10,[3;3;3;3;3;3],[19;20;22;23;24;25],[1.0;1.8;1.447368;0.473684;1.173684;0.973684]
77.000000,1,4,[13;13;13;13;13;17;17;17],[102;103;104;105;108;137;139;140],[0.775238;1.642857;0.218095;0.758095;0.171429;0.261818;0.485455;0.0]
77.000000,0,4,[12;12;12;12;12;12;12;12;12],[90;91;92;93;95;97;98;99;100],[2.4;2.3;2.7;2.4;2.9;2.5;2.2;2.3;2.4]
77.000000,1,7,[18;18;18;18;18],[143;145;146;147;149],[1.468421;1.215789;1.142105;0.863158;1.568421]
77.000000,0,7,[4;4;4;4;4],[26;28;29;31;32],[1.446667;0.946667;0.986667;1.393333;1.24]
77.000000,1,10,[15;15;15;15;15],[118;120;121;122;125],[1.224561;1.035088;2.010526;1.691228;1.424561]
77.000000,0,10,[3;3;3;3],[19;20;21;24],[0.7;1.6;1.647368;0.973684]
78.000000,1,4,[13;13;17;17;17;17;17],[102;108;135;136;137;138;139],[0.718095;0.0;0.0;0.141818;0.221818;0.056364;0.405455]
78.000000,0,4,[12;12;12;12;12;12;12;12;12],[91;92;93;94;95;96;97;99;101],[2.1;2.6;2.1;2.7;2.7;2.8;2.4;1.8;2.5]
78.000000,1,10,[15;15;15;15;15],[119;121;122;123;124],[1.661404;1.94386;1.491228;2.001754;1.422807]
78.000000,0,10,[3;3;3;3;3;3],[19;20;22;23;24;25],[0.6;1.4;1.347368;0.373684;0.773684;0.873684]
79.000000,1,4,[13;13;13;13;17;17;17;17],[102;103;104;105;136;137;138;139],[0.546667;1.585714;0.160952;0.700952;0.101818;0.141818;0.0;0.365455]
79.000000,0,4,[12;12;12;12;12;12;12;12],[90;92;93;94;96;98;99;100],[2.3;2.3;2.0;2.5;2.7;2.0;1.5;2.2]
80.000000,1,4,[13;13;17;17;17;17],[103;105;136;137;139;141],[1.528571;0.586667;0.061818;0.061818;0.245455;0.254545]
80.000000,0,4,[12;12;12;12],[94;95;97;99],[2.1;2.6;1.8;1.3]
81.000000,1,4,[17;17;17;17],[136;137;139;141],[0.0;0.0;0.045455;0.214545]
81.000000,0,4,[12;12;12;12],[94;98;99;101],[1.9;1.8;1.1;2.3]
83.000000,1,1,[16;16;16;16;16],[126;127;128;129;132],[1.3;1.6;1.9;1.4;1.7]
83.000000,0,1,[1;1;1;1;1],[3;5;6;7;9],[0.866667;0.633333;0.9;0.266667;0.866667]
83.000000,1,9,[22;22;22;22;22;22],[174;175;176;178;180;181],[1.3;1.0;0.9;1.3;0.1;0.9]
83.000000,0,9,[3;3;3;3;3],[19;20;23;24;25],[0.5;1.3;0.173684;0.473684;0.773684]
84.000000,1,1,[16;16;16;16;16],[129;130;131;132;133],[1.1;1.6;1.3;1.6;1.485714]
84.000000,0,1,[1;1;1],[2;3;7],[1.233333;0.533333;0.2]
84.000000,1,7,[17;17],[139;141],[0.0;0.0]
84.000000,0,7,[10;10],[74;77],[1.193333;0.993333]
84.000000,1,9,[22;22;22;22],[174;176;177;180],[1.1;0.8;0.7;0.0]
84.000000,0,9,[3;3;3;3;3],[19;20;21;24;25],[0.3;1.2;1.547368;0.373684;0.473684]
85.000000,1,1,[16;16;16;16;16],[126;127;130;131;132],[1.2;1.5;1.5;1.0;1.4]
85.000000,0,1,[1;1;1;1],[3;4;8;9],[0.466667;0.566667;0.666667;0.6]
85.000000,1,7,[13;13;13;13],[102;103;105;106],[0.446667;1.228571;0.386667;0.628571]
85.000000,0,7,[10;10;10;10],[74;75;78;81],[1.14;1.046667;1.646667;1.393333]
85.000000,1,9,[22;22;22],[177;178;179],[0.3;1.1;1.1]
85.000000,0,9,[3;3;3;3],[20;22;23;25],[0.9;1.247368;0.0;0.373684]
86.000000,1,1,[16;16;16;16;16],[126;127;129;130;133],[0.9;1.4;0.9;1.4;1.385714]
86.000000,0,1,[1;1;1;1],[5;7;8;9],[0.5;0.0;0.6;0.466667]
86.000000,1,7,[13;13;13;13],[102;104;105;106],[0.346667;0.0;0.186667;0.328571]
86.000000,0,7,[10;10;10;10],[76;77;79;80],[1.146667;0.94;1.646667;1.293333]
86.000000,1,9,[22;22;22;22;22;22],[174;175;177;178;179;181],[0.9;0.9;0.1;1.0;1.0;0.8]
86.000000,0,9,[4;4;4;4],[29;31;32;33],[0.686667;1.293333;1.04;1.246667]
87.000000,1,1,[16;16;16;16;16;16],[126;128;129;130;131;133],[0.8;1.7;0.8;1.3;0.9;1.285714]
87.000000,0,1,[1;1;1;1;1;1],[2;3;5;6;8;9],[1.166667;0.4;0.433333;0.833333;0.466667;0.333333]
87.000000,1,7,[13;13;13;13],[102;103;105;106],[0.146667;0.828571;0.086667;0.228571]
87.000000,0,7,[10;10],[76;81],[1.04;1.286667]
88.000000,1,1,[16;16;16],[128;129;133],[1.6;0.7;0.785714]
88.000000,0,1,[1;1;1;1],[2;3;5;6],[0.966667;0.333333;0.233333;0.766667]
89.000000,1,1,[16;16],[126;130],[0.5;0.9]
89.000000,0,1,[1;1;1;1;1],[2;4;6;8;9],[0.833333;0.5;0.566667;0.4;0.266667]
89.000000,1,7,[24;24;24;24;24;24;24],[190;192;194;195;197;200;201],[2.633333;2.833333;2.666667;2.9;2.633333;2.733333;2.666667]
89.000000,0,7,[10;10;10;10;10;10;10],[74;75;76;77;78;80;81],[1.086667;0.993333;0.933333;0.78;1.593333;1.186667;1.18]
90.000000,1,7,[24;24;24;24;24;24;24],[190;192;193;196;198;199;201],[2.533333;2.633333;2.7;2.6;2.9;2.5;2.566667]
90.000000,0,7,[10;10;10;10;10;10;10],[74;75;76;77;78;79;80],[0.98;0.886667;0.88;0.726667;1.486667;1.54;1.08]
96.000000,1,4,[13;13;13;13],[102;103;105;106],[0.032381;0.771429;0.0;0.114286]
96.000000,0,4,[1;1],[4;5],[0.4;0.0]
100.000000,1,4,[13;13;13],[102;103;106],[0.0;0.542857;0.0]
100.000000,0,4,[10;10],[74;76],[0.78;0.78]
100.000000,1,5,[18;18],[144;149],[1.278947;1.168421]
100.000000,0,5,[8;8;8],[58;59;64],[0.0;0.127273;0.247273]
101.000000,1,4,[13],[103],[0.0]
101.000000,0,4,[10],[79],[1.44]
101.000000,1,5,[18;18],[142;147],[1.442105;0.663158]
101.000000,0,5,[8;8],[59;64],[0.0;0.101818]
108.000000,1,10,[15;15;19;19;19;19],[120;123;151;152;153;155],[0.901754;1.935088;1.809524;1.809524;1.771429;1.942857]
108.000000,0,10,[4;4;4;4;4;4;4],[26;27;28;30;31;32;33],[1.146667;1.446667;0.846667;1.093333;1.193333;0.64;1.046667]
109.000000,1,3,[18],[149],[0.968421]
109.000000,0,3,[8],[64],[0.0]
109.000000,1,8,[20;20;20],[158;163;165],[0.1;0.4;0.3]
109.000000,0,8,[6;6;6;6;6],[43;44;45;47;48],[1.986842;1.607895;1.797368;2.173684;1.844737]
109.000000,1,10,[15;15;15;15;19],[118;121;124;125;152],[1.157895;1.810526;1.289474;1.291228;1.752381]
109.000000,0,10,[4;4;4;4;4;4;4;4],[26;27;28;29;30;31;32;33],[0.946667;1.346667;0.646667;0.386667;0.793333;1.093333;0.34;0.946667]
110.000000,1,8,[20;20;20;20],[158;160;161;165],[0.0;0.0;0.6;0.2]
110.000000,0,8,[6;6;6;6],[43;44;46;48],[1.786842;1.407895;1.984211;1.444737]
110.000000,1,10,[15;15;15;15;15],[118;119;120;123;125],[1.091228;1.52807;0.835088;1.801754;1.157895]
110.000000,0,10,[4;4;4;4;4],[26;27;28;31;33],[0.846667;1.246667;0.346667;0.893333;0.846667]
112.000000,1,7,[24;24;24;24;24],[191;192;195;198;199],[2.6;2.433333;2.8;2.8;2.4]
112.000000,0,7,[3;3;3;3;3],[20;21;22;24;25],[0.773684;1.294737;1.184211;0.310526;0.121053]
113.000000,1,7,[24;24;24;24;24],[191;192;193;194;197],[2.5;2.233333;2.6;2.566667;2.533333]
113.000000,0,7,[3;3;3;3;3;3],[19;20;21;22;24;25],[0.236842;0.710526;1.231579;1.057895;0.184211;0.0]
114.000000,1,7,[24;24;24;24;24],[190;191;192;197;199],[2.433333;2.4;2.133333;2.433333;2.3]
114.000000,0,7,[3;3;3;3;3],[19;20;21;22;24],[0.0;0.521053;1.105263;0.994737;0.057895]
114.000000,1,9,[19;19;19;19;19],[150;152;153;154;155],[1.4;1.652381;1.571429;1.671429;1.742857]
114.000000,0,9,[9;9;9;9;9;9],[66;67;68;70;72;73],[2.1;2.0;2.0;2.1;1.4;2.0]
119.000000,1,4,[22;22;22],[174;178;179],[0.8;0.8;0.9]
119.000000,0,4,[3;3;3;3],[20;21;22;24],[0.387719;0.97193;0.861404;0.0]
119.000000,1,7,[24;24;24;24;24;24],[190;191;192;199;200;201],[2.333333;2.2;2.033333;2.2;2.533333;2.466667]
119.000000,0,7,[4;4;4;4;4;4;4],[26;27;28;29;30;32;33],[0.793333;1.193333;0.186667;0.333333;0.74;0.286667;0.633333]
120.000000,1,4,[22;16;16],[178;127;129],[0.7;1.3;0.6]
120.000000,0,4,[3;3;3],[20;21;22],[0.321053;0.438596;0.461404]
120.000000,1,7,[24;24;24;24;24;24;24],[190;191;192;197;198;199;201],[2.133333;2.1;1.933333;2.333333;2.7;2.1;2.366667]
120.000000,0,7,[4;4;4;4;4;4;4],[26;28;29;30;31;32;33],[0.686667;0.08;0.28;0.58;0.84;0.233333;0.526667]
120.000000,1,10,[19;19;19;19;19;19],[150;151;152;154;155;156],[1.342857;1.752381;1.480952;1.614286;1.685714;1.942857]
120.000000,0,10,[9;9;9;9;9],[67;69;70;72;73],[1.8;1.4;2.0;1.3;1.8]
121.000000,1,4,[22;22;22],[174;178;181],[0.7;0.6;0.7]
121.000000,0,4,[3;3;3],[20;21;22],[0.0;0.17193;0.12807]
121.000000,1,7,[24;24;24;24],[190;191;193;197],[1.933333;1.8;2.5;2.133333]
121.000000,0,7,[4;4;4;4;4;4],[26;28;29;30;31;32],[0.58;0.0;0.173333;0.526667;0.733333;0.18]
122.000000,1,4,[16;16],[131;133],[0.8;0.685714]
122.000000,0,4,[3;3],[21;22],[0.0;0.0]
124.000000,1,5,[15;15;15;15;15;15;15;15],[118;119;120;121;122;123;124;125],[0.691228;1.42807;0.535088;1.610526;1.391228;1.601754;0.689474;1.057895]
124.000000,0,5,[12;12;6;6;6],[92;100;43;47;49],[2.236842;2.073684;1.660526;2.047368;2.360526]
125.000000,1,5,[15;15;15;15;15;15;15],[118;119;120;121;123;124;125],[0.591228;0.82807;0.335088;1.410526;1.201754;0.489474;0.757895]
125.000000,0,5,[12;12;12;12;6;6;6],[90;95;99;100;44;46;49],[2.236842;2.473684;1.036842;2.010526;1.344737;1.921053;2.297368]
126.000000,1,5,[15;15;15;15;15],[118;119;120;123;124],[0.491228;0.72807;0.235088;1.001754;0.189474]
126.000000,0,5,[6;6;6;6],[43;45;47;48],[1.407895;1.734211;1.984211;1.318421]
127.000000,1,5,[15;15;15;15],[119;122;124;125],[0.62807;1.191228;0.0;0.657895]
127.000000,0,5,[6;6;6;6;6;6],[44;45;46;47;48;49],[1.218421;1.671053;1.794737;1.921053;1.255263;2.234211]
128.000000,1,5,[15;15;15;15;15],[119;120;122;123;125],[0.52807;0.135088;1.091228;0.701754;0.457895]
128.000000,0,5,[6;6;6;6],[46;47;48;49],[1.731579;1.857895;1.128947;2.044737]
129.000000,1,5,[15;15;15;15;15;15],[118;119;121;122;123;125],[0.291228;0.42807;1.210526;0.991228;0.601754;0.357895]
129.000000,0,5,[6;6;6;6;6],[42;44;46;47;48],[2.271053;1.092105;1.605263;1.794737;1.065789]
130.000000,1,5,[15;15;15;15;15],[118;119;120;123;125],[0.0;0.32807;0.035088;0.501754;0.157895]
130.000000,0,5,[6;6;6;6],[46;47;48;49],[1.478947;1.605263;1.002632;1.981579]
130.000000,1,8,[19;19;19;19;21;21;21;21;21],[150;151;152;153;166;167;169;170;173],[1.042857;1.552381;1.380952;1.471429;1.366667;2.166667;1.833333;1.566667;1.833333]
130.000000,0,8,[12;12;12;12;12;12;12;12;12;12],[90;92;93;94;95;97;98;99;100;101],[2.170175;2.170175;1.933333;1.766667;2.340351;1.666667;1.733333;0.903509;1.94386;2.1]
131.000000,1,5,[15;15;15;15;15;15],[119;120;121;122;123;125],[0.12807;0.0;1.110526;0.791228;0.401754;0.057895]
131.000000,0,5,[6;6;6;6;6],[44;45;46;47;49],[1.028947;1.607895;1.415789;1.478947;1.918421]
131.000000,1,10,[22;22;22;22],[174;175;176;178],[0.6;0.6;0.6;0.5]
131.000000,0,10,[4;4;4;4],[26;29;30;31],[0.28;0.0;0.426667;0.633333]
132.000000,1,5,[15;15;15;15],[119;121;122;123],[0.0;1.010526;0.691228;0.001754]
132.000000,0,5,[6;6;6],[43;44;46],[1.281579;0.902632;1.352632]
132.000000,1,10,[22;22;22;22],[175;177;179;181],[0.5;0.0;0.7;0.5]
132.000000,0,10,[4;4;4;4],[30;31;32;33],[0.126667;0.533333;0.08;0.326667]
133.000000,1,5,[15;15;15;15],[121;122;123;125],[0.610526;0.491228;0.0;0.0]
133.000000,0,5,[6;6;6],[42;47;48],[2.144737;1.415789;0.939474]
133.000000,1,10,[22;22;22;22],[174;175;178;179],[0.5;0.4;0.3;0.5]
133.000000,0,10,[4;4;4;4],[26;27;31;32],[0.18;0.993333;0.433333;0.0]
134.000000,1,5,[15;15],[121;122],[0.410526;0.0]
134.000000,0,5,[6;6],[47;48],[1.352632;0.876316]
134.000000,1,10,[22;22;22;22;22],[174;175;176;179;181],[0.4;0.3;0.5;0.4;0.4]
134.000000,0,10,[4;4;4;4],[26;27;30;33],[0.08;0.893333;0.0;0.126667]
135.000000,1,10,[22;22;22],[175;176;181],[0.2;0.4;0.2]
135.000000,0,10,[4;4;4],[26;27;33],[0.0;0.693333;0.0]
136.000000,1,9,[18;18;18;18;20;20],[142;145;146;147;163;165],[0.942105;1.015789;1.042105;0.463158;0.3;0.1]
136.000000,0,9,[12;12;12;12;12;12;12;12],[91;93;94;95;96;97;99;100],[2.0;1.733333;1.566667;2.040351;2.6;1.466667;0.703509;1.84386]
136.000000,1,10,[22;22],[174;179],[0.3;0.3]
136.000000,0,10,[4;4],[27;31],[0.493333;0.033333]
137.000000,1,9,[18;18;18;18;18;18;20],[142;143;145;146;147;148;161],[0.742105;1.368421;0.815789;0.742105;0.363158;1.357895;0.4]
137.000000,0,9,[12;12;12;12;12;12;12],[90;91;94;96;99;100;101],[2.070175;1.8;1.366667;2.3;0.403509;1.74386;1.9]
137.000000,1,10,[22;22],[176;181],[0.3;0.1]
137.000000,0,10,[4;4],[27;31],[0.393333;0.0]
138.000000,1,8,[21;21;21;21;21;21],[167;168;169;170;172;173],[2.066667;1.5;1.733333;1.466667;1.1;1.733333]
138.000000,0,8,[9;9;9;9;9],[66;70;71;72;73],[1.966667;1.8;1.633333;1.233333;1.733333]
138.000000,1,9,[18;18;18;18;18;18;18;18;20;20],[142;143;144;145;146;147;148;149;161;165],[0.642105;1.268421;1.178947;0.715789;0.542105;0.263158;1.257895;0.768421;0.3;0.0]
138.000000,0,9,[12;12;12;12;12;12;12;12;12],[90;91;93;94;96;97;98;99;100],[1.970175;1.7;1.533333;1.166667;2.2;1.266667;1.433333;0.303509;1.64386]
138.000000,1,10,[22],[176],[0.2]
138.000000,0,10,[4],[27],[0.0]
139.000000,1,8,[21;21;21;21;21],[166;168;169;172;173],[1.266667;1.1;1.633333;1.0;1.633333]
139.000000,0,8,[9;9;9;9],[66;67;68;70],[1.833333;1.6;1.866667;1.733333]
139.000000,1,9,[18;18;18;18;18;20],[142;144;145;146;147;161],[0.442105;1.078947;0.315789;0.442105;0.063158;0.1]
139.000000,0,9,[12;12;12;12;12;12;12;12;12;12],[90;91;92;93;94;96;97;99;100;101],[1.870175;1.6;1.970175;1.433333;0.966667;2.1;1.166667;0.203509;1.54386;1.8]
140.000000,1,4,[16;16;16;16],[126;127;130;132],[0.2;1.2;0.8;1.3]
140.000000,0,4,[1;1;1;1;1;1],[2;3;4;6;8;9],[0.77619;0.27619;0.342857;0.509524;0.228571;0.209524]
140.000000,1,8,[21;21;21;21;21],[166;168;169;170;173],[1.066667;1.0;1.433333;1.366667;1.433333]
140.000000,0,8,[9;9;9;9;9],[66;67;69;70;72],[1.766667;1.533333;1.333333;1.533333;1.1]
141.000000,1,8,[21;21;21;21;21;21],[166;167;168;169;170;172],[0.966667;1.866667;0.9;1.333333;1.166667;0.9]
141.000000,0,8,[9;9;9;9],[67;69;70;73],[1.466667;1.133333;1.4;1.6]
146.000000,1,5,[21;21;21;21;21;21],[167;168;170;171;172;173],[1.666667;0.6;0.866667;1.8;0.8;1.333333]
146.000000,0,5,[12;12;12;12;12],[92;98;99;100;101],[1.907018;1.370175;0.140351;1.291228;1.736842]
147.000000,1,5,[21;21;21;21;21],[166;167;168;169;173],[0.666667;1.366667;0.5;1.133333;1.033333]
147.000000,0,5,[12;12;12;12;12;12],[92;93;96;97;98;99],[1.780702;1.370175;2.036842;1.040351;1.307018;0.077193]
148.000000,1,5,[21;21;21;21;21;21],[166;168;169;170;171;172],[0.566667;0.2;0.933333;0.766667;1.5;0.6]
148.000000,0,5,[12;12;12;12;12;12;12],[92;93;95;97;98;99;101],[1.717544;1.307018;1.914035;0.977193;1.24386;0.014035;1.673684]
