0,player,unitTypes,unitCount,status,node1,node2
12.000000,0,[Striker],[8],0,7,-1
13.000000,1,[Striker],[8],0,7,-1
13.000000,0,[Striker],[8],0,7,-1
14.000000,1,[Controller],[8],0,10,-1
14.000000,0,[Striker],[8],1,7,9
15.000000,1,[Controller],[8],0,10,-1
15.000000,0,[Striker],[8],1,7,9
16.000000,1,[Striker],[8],0,4,-1
16.000000,0,[Striker],[8],0,10,-1
17.000000,1,[Striker],[8],0,4,-1
17.000000,1,[Striker;Controller],[8;8],0,11,-1
17.000000,0,[Controller],[8],0,4,-1
17.000000,0,[Striker],[8],1,10,10
18.000000,1,[Striker],[8],1,4,0
18.000000,1,[Tank;Striker],[8;8],0,7,-1
18.000000,1,[Striker],[8],0,11,-1
18.000000,0,[Striker;Tank],[8;8],0,1,-1
18.000000,0,[Striker],[8],1,10,10
19.000000,1,[Striker],[8],1,4,0
19.000000,1,[Tank;Striker],[8;8],0,7,-1
19.000000,1,[Striker],[8],0,11,-1
19.000000,0,[Striker;Tank],[8;8],0,1,-1
19.000000,0,[Striker],[8],1,10,10
20.000000,1,[Striker],[8],1,4,0
20.000000,1,[Striker],[8],0,7,-1
20.000000,1,[Striker],[8],0,11,-1
20.000000,0,[Striker;Tank],[8;8],0,1,-1
20.000000,0,[Striker],[8],0,11,-1
21.000000,1,[Striker],[8],0,1,-1
21.000000,1,[Controller],[8],0,5,-1
21.000000,1,[Striker],[8],0,7,-1
21.000000,1,[Striker],[8],0,11,-1
21.000000,0,[Striker;Tank],[8;8],0,1,-1
21.000000,0,[Striker],[8],0,7,-1
21.000000,0,[Striker],[8],0,11,-1
22.000000,1,[Striker],[7],0,1,-1
22.000000,1,[Controller],[8],0,5,-1
22.000000,1,[Striker],[8],0,7,-1
22.000000,1,[Striker;Controller],[8;8],0,11,-1
22.000000,0,[Tank],[8],0,1,-1
22.000000,0,[Striker],[8],0,7,-1
22.000000,0,[Striker],[7],0,11,-1
23.000000,1,[Striker],[6],1,1,3
23.000000,1,[Controller],[8],0,5,-1
23.000000,1,[Striker],[8],1,7,2
23.000000,1,[Striker],[8],0,7,-1
23.000000,1,[Striker;Controller],[8;8],0,11,-1
23.000000,0,[Controller],[8],0,3,-1
23.000000,0,[Tank],[8],1,4,6
23.000000,0,[Striker],[8],0,7,-1
23.000000,0,[Striker],[3],0,11,-1
24.000000,1,[Striker],[6],1,1,3
24.000000,1,[Striker],[8],1,7,2
24.000000,1,[Striker],[8],0,7,-1
24.000000,0,[Controller],[8],0,3,-1
24.000000,0,[Tank],[8],1,4,6
24.000000,0,[Striker],[8],0,5,-1
24.000000,0,[Striker],[8],0,7,-1
24.000000,0,[Striker],[1],1,11,7
25.000000,1,[Striker],[6],1,1,3
25.000000,1,[Striker],[8],1,7,2
25.000000,0,[Striker],[8],0,5,-1
25.000000,0,[Striker],[1],1,11,7
26.000000,1,[Striker],[8],0,3,-1
26.000000,1,[Striker],[6],0,4,-1
26.000000,0,[Striker],[8],1,5,7
26.000000,0,[Striker],[1],1,11,7
27.000000,1,[Striker],[8],0,3,-1
27.000000,1,[Striker],[6],0,4,-1
27.000000,1,[Tank],[8],0,8,-1
27.000000,0,[Striker],[8],1,5,7
27.000000,0,[Controller],[8],0,5,-1
27.000000,0,[Striker;Tank],[7;8],0,7,-1
27.000000,0,[Striker],[1],0,8,-1
28.000000,1,[Striker],[8],0,3,-1
28.000000,1,[Striker],[6],0,4,-1
28.000000,1,[Tank],[8],0,8,-1
28.000000,0,[Tank],[8],0,3,-1
28.000000,0,[Controller],[8],0,5,-1
28.000000,0,[Striker;Tank],[7;8],0,7,-1
28.000000,0,[Striker],[8],0,8,-1
29.000000,1,[Striker],[8],0,3,-1
29.000000,1,[Striker],[6],0,4,-1
29.000000,1,[Tank],[8],0,8,-1
29.000000,0,[Tank],[8],1,3,6
29.000000,0,[Controller],[8],0,5,-1
29.000000,0,[Striker],[7],1,7,2
29.000000,0,[Tank],[8],0,7,-1
29.000000,0,[Striker],[8],0,8,-1
30.000000,1,[Striker],[8],0,3,-1
30.000000,1,[Striker],[6],1,4,0
30.000000,0,[Tank],[8],1,3,6
30.000000,0,[Striker],[7],1,7,2
30.000000,0,[Tank],[8],0,7,-1
30.000000,0,[Striker],[8],0,8,-1
31.000000,1,[Striker],[8],0,3,-1
31.000000,1,[Striker],[6],1,4,0
31.000000,1,[Tank],[8],0,7,-1
31.000000,1,[Tank],[8],0,8,-1
31.000000,0,[Tank],[8],1,3,6
31.000000,0,[Controller],[8],0,6,-1
31.000000,0,[Striker],[7],1,7,2
31.000000,0,[Tank],[8],0,7,-1
31.000000,0,[Striker],[8],0,8,-1
32.000000,1,[Striker],[8],0,3,-1
32.000000,1,[Striker],[6],1,4,0
32.000000,1,[Tank],[8],0,7,-1
32.000000,1,[Tank],[8],1,8,8
32.000000,1,[Tank],[8],0,8,-1
32.000000,1,[Controller],[8],1,9,5
32.000000,1,[Controller],[8],0,9,-1
32.000000,0,[Controller],[8],0,1,-1
32.000000,0,[Tank],[8],1,3,6
32.000000,0,[Striker],[7],0,3,-1
32.000000,0,[Controller],[8],0,6,-1
32.000000,0,[Tank],[8],0,7,-1
32.000000,0,[Striker],[8],0,8,-1
33.000000,1,[Striker],[6],0,1,-1
33.000000,1,[Striker],[7],0,3,-1
33.000000,1,[Tank;Striker],[8;8],0,7,-1
33.000000,1,[Tank],[8],1,8,8
33.000000,1,[Tank],[8],0,8,-1
33.000000,1,[Controller],[8],1,9,5
33.000000,1,[Controller],[8],0,9,-1
33.000000,0,[Controller;Striker],[8;8],0,1,-1
33.000000,0,[Tank;Striker],[8;6],1,3,6
33.000000,0,[Controller],[8],0,6,-1
33.000000,0,[Tank],[8],0,7,-1
33.000000,0,[Striker],[8],0,8,-1
34.000000,1,[Striker],[3],0,1,-1
34.000000,1,[Striker],[7],0,3,-1
34.000000,1,[Controller],[8],0,6,-1
34.000000,1,[Tank;Striker],[8;8],0,7,-1
34.000000,1,[Tank],[8],0,8,-1
34.000000,1,[Controller;Tank],[8;8],0,9,-1
34.000000,0,[Controller;Striker],[8;8],0,1,-1
34.000000,0,[Tank;Striker],[8;6],1,3,6
34.000000,0,[Controller],[8],0,6,-1
34.000000,0,[Tank],[8],1,7,8
34.000000,0,[Striker],[8],0,8,-1
35.000000,1,[Striker],[7],0,3,-1
35.000000,1,[Controller],[8],0,6,-1
35.000000,1,[Tank;Striker],[8;8],0,7,-1
35.000000,1,[Tank;Controller],[8;8],0,8,-1
35.000000,1,[Controller],[8],0,9,-1
35.000000,1,[Tank],[8],1,9,5
35.000000,0,[Striker],[6],1,3,6
35.000000,0,[Tank],[8],0,3,-1
35.000000,0,[Controller],[8],0,6,-1
35.000000,0,[Tank],[8],1,7,8
35.000000,0,[Tank],[8],0,7,-1
35.000000,0,[Striker],[8],0,8,-1
36.000000,1,[Striker],[4],1,3,5
36.000000,1,[Controller],[8],0,6,-1
36.000000,1,[Tank],[8],1,7,8
36.000000,1,[Striker],[8],0,7,-1
36.000000,1,[Tank;Controller],[8;8],0,8,-1
36.000000,1,[Controller],[8],0,9,-1
36.000000,1,[Tank],[8],1,9,5
36.000000,0,[Controller],[8],0,6,-1
36.000000,0,[Tank],[8],1,7,8
36.000000,0,[Tank;Striker],[8;6],0,7,-1
36.000000,0,[Striker],[7],0,8,-1
37.000000,1,[Striker],[4],1,3,5
37.000000,1,[Controller],[8],0,6,-1
37.000000,1,[Tank],[8],1,7,8
37.000000,1,[Striker;Striker],[8;8],0,7,-1
37.000000,1,[Tank;Controller;Controller],[8;8;8],0,8,-1
37.000000,1,[Controller],[8],0,9,-1
37.000000,1,[Tank],[8],1,9,5
37.000000,0,[Controller],[8],0,6,-1
37.000000,0,[Tank],[8],1,7,8
37.000000,0,[Tank;Striker],[8;5],0,7,-1
37.000000,0,[Striker],[3],0,8,-1
38.000000,1,[Controller;Tank;Striker],[8;8;4],0,6,-1
38.000000,1,[Controller],[8],0,9,-1
38.000000,0,[Controller],[8],0,6,-1
38.000000,0,[Tank;Tank],[8;8],1,7,8
38.000000,0,[Controller],[8],0,9,-1
39.000000,1,[Controller;Tank;Striker],[8;8;3],0,6,-1
39.000000,0,[Controller],[8],0,6,-1
39.000000,0,[Tank;Tank],[8;8],1,7,8
39.000000,0,[Controller],[8],0,9,-1
40.000000,1,[Controller;Tank;Striker],[8;8;3],0,6,-1
40.000000,0,[Controller],[8],0,6,-1
40.000000,0,[Tank],[8],1,7,8
40.000000,0,[Controller;Tank],[8;8],0,9,-1
41.000000,1,[Controller;Tank;Striker],[8;8;3],0,6,-1
41.000000,0,[Controller],[7],0,6,-1
41.000000,0,[Tank],[8],1,7,8
41.000000,0,[Controller;Tank],[8;8],0,9,-1
42.000000,1,[Controller;Tank;Striker],[8;8;3],0,6,-1
42.000000,1,[Tank],[8],0,9,-1
42.000000,0,[Controller],[6],0,6,-1
42.000000,0,[Tank],[8],1,7,8
42.000000,0,[Controller;Tank],[8;8],0,9,-1
43.000000,1,[Tank],[8],0,5,-1
43.000000,1,[Controller;Tank;Striker],[8;8;2],0,6,-1
43.000000,1,[Striker],[5],0,7,-1
43.000000,1,[Tank],[12],1,7,2
43.000000,1,[Controller;Tank],[8;8],1,9,6
43.000000,1,[Striker],[7],0,9,-1
43.000000,0,[Controller],[8],0,3,-1
43.000000,0,[Controller],[3],0,6,-1
43.000000,0,[Tank],[8],1,7,8
43.000000,0,[Controller],[8],1,9,6
43.000000,0,[Tank],[8],0,9,-1
44.000000,1,[Tank],[8],0,5,-1
44.000000,1,[Tank],[12],1,7,2
44.000000,1,[Controller;Tank],[8;8],1,9,6
44.000000,1,[Striker],[7],0,9,-1
44.000000,0,[Controller],[8],0,3,-1
44.000000,0,[Controller],[8],1,9,6
44.000000,0,[Tank;Tank],[8;8],0,9,-1
45.000000,1,[Tank;Controller],[8;8],0,5,-1
45.000000,1,[Tank],[12],1,7,2
45.000000,1,[Controller],[8],0,7,-1
45.000000,1,[Controller],[8],0,8,-1
45.000000,1,[Tank],[8],1,9,6
45.000000,1,[Striker],[7],0,9,-1
45.000000,0,[Controller],[8],0,3,-1
45.000000,0,[Controller],[8],1,9,6
45.000000,0,[Tank],[8],0,9,-1
45.000000,0,[Tank],[8],1,9,7
46.000000,1,[Tank;Controller],[8;8],0,5,-1
46.000000,1,[Tank],[12],1,7,2
46.000000,1,[Controller],[8],0,7,-1
46.000000,1,[Controller],[8],1,8,8
46.000000,1,[Tank],[8],1,9,6
46.000000,0,[Controller],[8],0,3,-1
46.000000,0,[Controller],[8],1,9,6
46.000000,0,[Tank],[8],0,9,-1
46.000000,0,[Tank],[8],1,9,7
47.000000,1,[Tank],[8],1,5,8
47.000000,1,[Controller],[8],1,5,1
47.000000,1,[Tank],[12],1,7,2
47.000000,1,[Controller],[8],1,7,3
47.000000,1,[Controller],[8],1,8,8
47.000000,1,[Tank],[8],1,9,6
47.000000,0,[Tank],[8],0,2,-1
47.000000,0,[Controller],[8],1,3,6
47.000000,0,[Striker],[8],0,4,-1
47.000000,0,[Controller],[8],1,9,6
47.000000,0,[Tank],[8],0,9,-1
47.000000,0,[Tank],[8],1,9,7
48.000000,1,[Controller],[8],1,5,1
48.000000,1,[Tank],[12],1,7,2
48.000000,1,[Controller],[8],1,7,3
48.000000,0,[Tank],[8],0,2,-1
48.000000,0,[Controller],[8],1,3,6
48.000000,0,[Striker],[8],0,4,-1
48.000000,0,[Controller],[8],1,9,6
48.000000,0,[Tank],[8],1,9,4
48.000000,0,[Tank],[8],1,9,7
49.000000,1,[Tank],[12],0,3,-1
49.000000,1,[Controller],[8],1,5,1
49.000000,1,[Controller],[8],1,7,3
49.000000,1,[Tank],[8],0,7,-1
49.000000,0,[Tank],[8],0,2,-1
49.000000,0,[Controller],[8],1,3,6
49.000000,0,[Striker],[8],0,4,-1
49.000000,0,[Controller],[8],0,7,-1
49.000000,0,[Tank],[8],0,8,-1
50.000000,1,[Tank],[12],0,3,-1
50.000000,1,[Controller],[8],1,5,1
50.000000,1,[Controller],[8],1,7,3
50.000000,1,[Tank],[8],0,7,-1
50.000000,0,[Tank],[8],1,2,2
50.000000,0,[Controller],[8],1,3,6
50.000000,0,[Striker;Controller],[8;8],0,4,-1
50.000000,0,[Controller],[8],0,7,-1
50.000000,0,[Tank],[8],0,8,-1
51.000000,1,[Controller],[8],0,2,-1
51.000000,1,[Tank;Striker],[12;2],0,3,-1
51.000000,1,[Controller],[8],0,4,-1
51.000000,1,[Tank],[8],1,5,8
51.000000,1,[Tank],[8],0,7,-1
51.000000,1,[Controller],[8],0,9,-1
51.000000,0,[Tank],[8],1,2,2
51.000000,0,[Controller],[8],1,3,6
51.000000,0,[Striker],[8],0,4,-1
51.000000,0,[Controller],[8],1,4,2
51.000000,0,[Controller],[8],1,7,8
51.000000,0,[Tank],[8],0,8,-1
52.000000,1,[Controller],[8],0,2,-1
52.000000,1,[Tank;Striker],[12;2],0,3,-1
52.000000,1,[Controller],[8],0,4,-1
52.000000,1,[Tank],[8],1,5,8
52.000000,1,[Tank],[8],0,7,-1
52.000000,1,[Controller;Striker;Controller],[8;7;8],0,9,-1
52.000000,0,[Tank],[8],1,2,2
52.000000,0,[Controller],[8],1,3,6
52.000000,0,[Striker],[8],0,4,-1
52.000000,0,[Controller],[8],1,4,2
52.000000,0,[Controller],[8],1,7,8
52.000000,0,[Tank],[8],0,8,-1
53.000000,1,[Controller],[8],0,2,-1
53.000000,1,[Tank;Striker],[12;2],0,3,-1
53.000000,1,[Controller],[8],0,4,-1
53.000000,1,[Tank],[8],0,7,-1
53.000000,1,[Controller;Controller;Tank],[8;8;8],0,9,-1
53.000000,0,[Tank],[8],1,2,2
53.000000,0,[Striker],[8],0,4,-1
53.000000,0,[Controller],[8],1,4,2
53.000000,0,[Controller],[8],1,7,8
53.000000,0,[Controller],[8],0,7,-1
53.000000,0,[Tank],[8],0,8,-1
54.000000,1,[Controller],[8],0,2,-1
54.000000,1,[Tank;Striker],[12;2],0,3,-1
54.000000,1,[Controller],[8],0,4,-1
54.000000,1,[Tank],[8],0,7,-1
54.000000,1,[Controller],[8],1,9,7
54.000000,1,[Controller],[8],0,9,-1
54.000000,0,[Tank],[8],0,3,-1
54.000000,0,[Striker],[8],0,4,-1
54.000000,0,[Controller],[8],1,4,2
54.000000,0,[Controller],[8],1,7,8
54.000000,0,[Controller],[8],0,7,-1
54.000000,0,[Tank],[8],0,8,-1
55.000000,1,[Controller],[8],0,2,-1
55.000000,1,[Tank],[12],1,3,3
55.000000,1,[Striker],[2],0,3,-1
55.000000,1,[Controller],[8],0,4,-1
55.000000,1,[Tank],[8],0,7,-1
55.000000,1,[Controller],[8],1,9,7
55.000000,1,[Tank],[8],0,9,-1
55.000000,0,[Tank;Controller],[8;8],0,3,-1
55.000000,0,[Striker],[8],0,4,-1
55.000000,0,[Controller],[8],1,7,8
55.000000,0,[Controller],[8],0,7,-1
55.000000,0,[Tank],[8],0,8,-1
56.000000,1,[Controller],[8],0,2,-1
56.000000,1,[Tank],[12],1,3,3
56.000000,1,[Controller],[7],0,4,-1
56.000000,1,[Tank],[8],0,7,-1
56.000000,1,[Tank],[8],0,9,-1
56.000000,0,[Striker],[8],0,4,-1
56.000000,0,[Controller],[8],1,7,8
56.000000,0,[Controller],[8],0,7,-1
56.000000,0,[Tank],[8],1,8,8
57.000000,1,[Controller],[8],0,2,-1
57.000000,1,[Tank],[12],1,3,3
57.000000,1,[Controller],[7],0,4,-1
57.000000,1,[Tank],[8],0,7,-1
57.000000,1,[Tank],[8],0,9,-1
57.000000,0,[Striker],[8],1,4,6
57.000000,0,[Tank],[8],1,8,8
57.000000,0,[Controller],[8],0,9,-1
58.000000,1,[Controller],[8],0,2,-1
58.000000,1,[Tank],[12],1,3,3
58.000000,1,[Controller],[7],0,4,-1
58.000000,1,[Tank],[8],0,7,-1
58.000000,1,[Tank],[8],0,9,-1
58.000000,0,[Striker],[8],1,4,6
58.000000,0,[Tank],[8],1,8,8
58.000000,0,[Controller],[8],0,9,-1
59.000000,1,[Controller],[8],0,2,-1
59.000000,1,[Controller;Tank],[7;12],0,4,-1
59.000000,1,[Tank],[8],0,7,-1
59.000000,1,[Tank],[8],1,9,6
59.000000,0,[Tank],[8],1,3,1
59.000000,0,[Controller],[8],0,3,-1
59.000000,0,[Controller],[8],1,7,2
59.000000,0,[Striker],[8],0,7,-1
59.000000,0,[Tank],[8],1,8,8
59.000000,0,[Controller],[8],0,9,-1
60.000000,1,[Controller],[8],0,2,-1
60.000000,1,[Controller],[7],1,4,2
60.000000,1,[Tank],[12],0,4,-1
60.000000,1,[Tank],[8],0,7,-1
60.000000,1,[Tank],[8],1,9,6
60.000000,0,[Tank],[8],0,2,-1
60.000000,0,[Controller],[8],1,3,6
60.000000,0,[Controller],[8],1,7,2
60.000000,0,[Striker],[8],0,7,-1
60.000000,0,[Controller;Tank],[8;8],0,9,-1
61.000000,1,[Controller],[8],0,2,-1
61.000000,1,[Controller],[7],1,4,2
61.000000,1,[Tank],[12],0,4,-1
61.000000,1,[Tank],[8],0,7,-1
61.000000,1,[Tank],[8],1,9,6
61.000000,1,[Tank],[8],0,10,-1
61.000000,0,[Tank;Tank],[8;8],0,2,-1
61.000000,0,[Controller],[8],1,3,6
61.000000,0,[Controller],[8],1,7,2
61.000000,0,[Striker],[8],0,7,-1
61.000000,0,[Controller],[8],0,9,-1
61.000000,0,[Tank],[8],1,9,9
62.000000,1,[Controller],[8],1,2,2
62.000000,1,[Controller],[8],0,3,-1
62.000000,1,[Controller],[7],1,4,2
62.000000,1,[Tank],[12],0,4,-1
62.000000,1,[Tank],[8],0,7,-1
62.000000,1,[Tank],[8],1,9,6
62.000000,1,[Tank],[8],0,10,-1
62.000000,0,[Controller],[8],1,3,6
62.000000,0,[Controller],[8],1,7,2
62.000000,0,[Striker],[8],0,7,-1
62.000000,0,[Controller],[8],0,9,-1
62.000000,0,[Tank],[8],1,9,9
63.000000,1,[Controller],[8],0,3,-1
63.000000,1,[Tank],[8],1,9,6
63.000000,1,[Tank],[8],0,10,-1
63.000000,0,[Controller],[8],1,3,6
63.000000,0,[Controller],[8],0,3,-1
63.000000,0,[Striker],[7],0,7,-1
63.000000,0,[Controller],[8],0,9,-1
63.000000,0,[Tank],[8],1,9,9
64.000000,1,[Controller],[8],1,3,4
64.000000,1,[Controller],[7],0,3,-1
64.000000,1,[Tank],[8],1,9,6
64.000000,1,[Tank],[8],0,10,-1
64.000000,0,[Controller],[8],1,3,6
64.000000,0,[Controller],[8],0,3,-1
64.000000,0,[Striker],[7],0,7,-1
65.000000,1,[Controller],[8],1,3,4
65.000000,1,[Tank],[8],0,7,-1
65.000000,1,[Tank;Striker],[8;7],0,10,-1
65.000000,0,[Controller;Controller],[8;8],1,3,6
65.000000,0,[Striker],[7],0,7,-1
65.000000,0,[Tank],[8],0,10,-1
66.000000,1,[Controller],[8],1,3,4
66.000000,1,[Controller],[8],0,3,-1
66.000000,1,[Tank],[8],0,7,-1
66.000000,1,[Tank],[8],0,10,-1
66.000000,1,[Striker],[7],1,10,6
66.000000,0,[Controller],[8],1,3,6
66.000000,0,[Tank],[8],0,5,-1
66.000000,0,[Striker;Controller],[6;8],0,7,-1
66.000000,0,[Tank],[8],0,10,-1
67.000000,1,[Controller],[8],1,3,4
67.000000,1,[Tank],[8],0,7,-1
67.000000,1,[Tank],[8],0,10,-1
67.000000,1,[Striker],[7],1,10,6
67.000000,0,[Tank;Tank],[8;8],0,5,-1
67.000000,0,[Striker;Controller],[5;8],0,7,-1
67.000000,0,[Tank],[8],0,10,-1
68.000000,1,[Controller],[8],1,3,4
68.000000,1,[Controller],[6],1,3,3
68.000000,1,[Tank;Tank],[12;8],0,4,-1
68.000000,1,[Tank],[8],1,7,9
68.000000,1,[Striker],[7],0,7,-1
68.000000,1,[Tank],[8],0,10,-1
68.000000,0,[Tank],[8],0,5,-1
68.000000,0,[Tank],[8],1,5,7
68.000000,0,[Controller],[8],0,7,-1
68.000000,0,[Tank],[8],0,10,-1
69.000000,1,[Controller],[8],1,3,4
69.000000,1,[Tank;Tank;Controller],[12;8;6],0,4,-1
69.000000,1,[Tank],[8],1,7,9
69.000000,1,[Striker],[7],1,7,3
69.000000,1,[Tank],[8],0,10,-1
69.000000,0,[Tank],[8],0,5,-1
69.000000,0,[Tank],[8],1,5,7
69.000000,0,[Controller],[8],1,7,3
69.000000,0,[Tank],[8],0,10,-1
70.000000,1,[Tank;Tank;Controller],[12;8;6],0,4,-1
70.000000,1,[Controller],[8],0,5,-1
70.000000,1,[Tank],[8],1,7,9
70.000000,1,[Striker],[7],1,7,3
70.000000,1,[Tank],[8],0,10,-1
70.000000,0,[Tank],[8],0,5,-1
70.000000,0,[Tank],[8],1,5,7
70.000000,0,[Controller],[8],1,7,3
70.000000,0,[Tank;Controller],[8;8],0,10,-1
71.000000,1,[Tank;Controller;Striker],[12;6;7],0,4,-1
71.000000,1,[Tank],[8],1,4,6
71.000000,1,[Controller],[8],0,5,-1
71.000000,1,[Tank],[8],1,7,9
71.000000,0,[Tank],[8],0,5,-1
71.000000,0,[Tank],[8],1,5,7
71.000000,0,[Controller],[8],1,7,3
71.000000,0,[Controller],[8],0,7,-1
71.000000,0,[Tank;Controller],[8;8],0,10,-1
72.000000,1,[Tank;Controller;Striker],[12;6;7],0,4,-1
72.000000,1,[Tank],[8],1,4,6
72.000000,1,[Controller],[8],0,5,-1
72.000000,1,[Tank],[8],0,10,-1
72.000000,0,[Tank],[8],0,5,-1
72.000000,0,[Controller],[8],1,7,3
72.000000,0,[Controller],[8],0,7,-1
72.000000,0,[Tank],[8],0,8,-1
72.000000,0,[Tank;Controller],[8;8],0,10,-1
73.000000,1,[Tank;Controller;Striker],[12;6;7],0,4,-1
73.000000,1,[Tank],[8],1,4,6
73.000000,1,[Controller],[8],1,5,8
73.000000,1,[Tank],[8],0,10,-1
73.000000,0,[Controller],[8],0,4,-1
73.000000,0,[Controller],[8],0,7,-1
73.000000,0,[Tank],[8],0,8,-1
73.000000,0,[Striker],[3],0,9,-1
73.000000,0,[Tank],[8],0,10,-1
73.000000,0,[Controller],[8],1,10,6
74.000000,1,[Tank;Controller;Striker],[12;6;7],0,4,-1
74.000000,1,[Tank],[8],1,4,6
74.000000,1,[Controller],[8],1,5,8
74.000000,1,[Tank],[8],0,10,-1
74.000000,0,[Controller;Tank],[8;12],0,4,-1
74.000000,0,[Controller],[8],0,7,-1
74.000000,0,[Tank],[8],0,8,-1
74.000000,0,[Striker],[3],0,9,-1
74.000000,0,[Tank],[8],0,10,-1
74.000000,0,[Controller],[8],1,10,6
75.000000,1,[Tank;Controller;Striker],[12;6;7],0,4,-1
75.000000,1,[Tank],[8],0,7,-1
75.000000,1,[Tank],[8],0,10,-1
75.000000,0,[Controller;Tank],[8;12],0,4,-1
75.000000,0,[Controller],[8],0,7,-1
75.000000,0,[Tank],[8],0,8,-1
75.000000,0,[Tank],[7],0,10,-1
75.000000,0,[Controller],[8],1,10,6
76.000000,1,[Tank],[12],1,4,2
76.000000,1,[Controller;Striker],[6;7],0,4,-1
76.000000,1,[Tank],[8],0,7,-1
76.000000,1,[Tank],[8],0,10,-1
76.000000,0,[Controller],[8],1,4,0
76.000000,0,[Tank],[12],0,4,-1
76.000000,0,[Controller],[8],0,7,-1
76.000000,0,[Tank],[8],0,8,-1
76.000000,0,[Tank],[7],0,10,-1
76.000000,0,[Controller],[8],1,10,6
77.000000,1,[Tank],[12],1,4,2
77.000000,1,[Controller;Striker],[6;6],0,4,-1
77.000000,1,[Tank],[8],1,7,9
77.000000,1,[Tank],[8],0,10,-1
77.000000,0,[Controller],[8],1,4,0
77.000000,0,[Tank],[12],0,4,-1
77.000000,0,[Tank],[8],0,8,-1
77.000000,0,[Tank],[7],0,10,-1
78.000000,1,[Tank],[12],1,4,2
78.000000,1,[Controller;Striker],[5;5],0,4,-1
78.000000,0,[Controller],[8],1,4,0
78.000000,0,[Tank],[12],0,4,-1
78.000000,0,[Tank],[8],0,8,-1
78.000000,0,[Tank],[7],1,10,8
79.000000,1,[Tank],[12],1,4,2
79.000000,1,[Controller;Striker],[5;4],0,4,-1
79.000000,1,[Controller],[8],0,9,-1
79.000000,0,[Controller],[8],1,4,0
79.000000,0,[Tank],[12],0,4,-1
79.000000,0,[Tank],[7],1,10,8
80.000000,1,[Controller],[8],0,1,-1
80.000000,1,[Tank],[12],0,3,-1
80.000000,1,[Controller],[5],1,4,6
80.000000,1,[Striker],[4],0,4,-1
80.000000,1,[Controller],[8],0,9,-1
80.000000,0,[Controller],[8],1,4,0
80.000000,0,[Tank],[12],0,4,-1
80.000000,0,[Controller],[8],1,7,8
80.000000,0,[Controller],[8],0,7,-1
80.000000,0,[Tank],[7],1,10,8
81.000000,1,[Controller],[8],0,1,-1
81.000000,1,[Tank],[12],0,3,-1
81.000000,1,[Controller;Striker],[5;2],1,4,6
81.000000,1,[Controller],[8],0,9,-1
81.000000,0,[Controller],[8],1,4,0
81.000000,0,[Tank],[12],0,4,-1
81.000000,0,[Controller],[8],1,7,8
81.000000,0,[Controller],[8],0,7,-1
81.000000,0,[Tank],[7],1,10,8
82.000000,1,[Controller],[8],0,1,-1
82.000000,1,[Tank],[12],1,3,6
82.000000,1,[Controller],[8],0,9,-1
82.000000,0,[Controller],[8],0,1,-1
82.000000,0,[Controller],[8],1,7,8
82.000000,0,[Controller],[8],0,7,-1
82.000000,0,[Tank],[7],0,9,-1
83.000000,1,[Controller],[8],0,1,-1
83.000000,1,[Tank],[12],1,3,6
83.000000,1,[Striker],[2],0,7,-1
83.000000,1,[Controller],[8],0,9,-1
83.000000,0,[Controller],[8],0,1,-1
83.000000,0,[Controller],[8],1,7,8
83.000000,0,[Controller],[8],0,7,-1
83.000000,0,[Tank],[7],0,9,-1
84.000000,1,[Controller],[8],0,1,-1
84.000000,1,[Tank],[12],1,3,6
84.000000,1,[Controller],[5],0,7,-1
84.000000,1,[Controller],[7],0,9,-1
84.000000,0,[Controller],[8],0,1,-1
84.000000,0,[Controller],[8],1,7,8
84.000000,0,[Controller],[8],0,7,-1
84.000000,0,[Tank],[7],0,9,-1
85.000000,1,[Controller],[8],0,1,-1
85.000000,1,[Tank],[12],1,3,6
85.000000,1,[Controller],[5],0,7,-1
85.000000,1,[Controller],[7],0,9,-1
85.000000,0,[Controller],[8],0,1,-1
85.000000,0,[Controller],[8],0,7,-1
85.000000,0,[Tank],[6],1,9,6
85.000000,0,[Controller],[8],0,9,-1
86.000000,1,[Controller],[8],0,1,-1
86.000000,1,[Tank],[12],1,3,6
86.000000,1,[Controller],[4],0,7,-1
86.000000,0,[Controller],[7],0,1,-1
86.000000,0,[Controller],[8],0,7,-1
86.000000,0,[Tank],[6],1,9,6
86.000000,0,[Controller],[8],0,9,-1
87.000000,1,[Controller],[8],0,1,-1
87.000000,1,[Tank],[12],1,3,6
87.000000,0,[Controller],[7],0,1,-1
87.000000,0,[Controller],[8],0,7,-1
87.000000,0,[Tank],[6],1,9,6
88.000000,1,[Controller],[8],0,1,-1
88.000000,1,[Tank],[12],0,7,-1
88.000000,0,[Controller],[7],0,1,-1
88.000000,0,[Controller],[8],0,7,-1
88.000000,0,[Tank],[6],1,9,6
89.000000,1,[Controller],[8],0,1,-1
89.000000,1,[Controller],[4],1,7,3
89.000000,1,[Tank],[12],0,7,-1
89.000000,0,[Controller],[7],1,1,3
89.000000,0,[Controller],[8],0,7,-1
89.000000,0,[Tank],[6],1,9,6
90.000000,1,[Controller],[8],0,1,-1
90.000000,1,[Controller],[4],1,7,3
90.000000,1,[Controller],[7],0,8,-1
90.000000,0,[Controller],[7],1,1,3
91.000000,1,[Controller],[8],0,1,-1
91.000000,1,[Controller],[4],0,4,-1
91.000000,1,[Controller],[7],0,8,-1
91.000000,0,[Controller],[7],1,1,3
91.000000,0,[Tank],[8],1,5,7
91.000000,0,[Controller],[8],1,9,4
92.000000,1,[Controller],[8],0,1,-1
92.000000,1,[Controller],[4],0,4,-1
92.000000,1,[Tank],[12],1,7,8
92.000000,1,[Controller],[7],1,8,4
92.000000,1,[Tank],[8],1,9,4
92.000000,0,[Controller],[7],1,1,3
92.000000,0,[Tank],[8],0,8,-1
92.000000,0,[Controller],[8],1,9,4
93.000000,1,[Controller],[8],0,1,-1
93.000000,1,[Controller],[4],0,4,-1
93.000000,1,[Tank],[12],1,7,8
93.000000,1,[Controller],[7],1,8,4
93.000000,1,[Tank],[8],1,9,4
93.000000,0,[Controller],[7],1,1,3
93.000000,0,[Controller],[8],0,5,-1
93.000000,0,[Tank],[8],0,8,-1
94.000000,1,[Controller],[8],0,1,-1
94.000000,1,[Controller],[4],0,4,-1
94.000000,1,[Tank],[12],1,7,8
94.000000,1,[Controller],[7],1,8,4
94.000000,1,[Tank],[8],1,9,4
94.000000,0,[Controller],[7],1,1,3
94.000000,0,[Controller;Tank],[8;8],0,5,-1
94.000000,0,[Tank],[8],0,8,-1
94.000000,0,[Striker],[3],0,9,-1
95.000000,1,[Controller],[8],0,1,-1
95.000000,1,[Controller],[4],0,4,-1
95.000000,1,[Tank],[12],1,7,8
95.000000,1,[Controller],[7],1,8,4
95.000000,1,[Tank],[8],1,9,4
95.000000,0,[Controller],[7],0,4,-1
95.000000,0,[Controller],[8],0,5,-1
95.000000,0,[Tank],[8],1,5,7
95.000000,0,[Tank],[8],0,8,-1
95.000000,0,[Striker],[3],0,9,-1
96.000000,1,[Controller],[8],0,1,-1
96.000000,1,[Controller],[3],0,4,-1
96.000000,1,[Controller],[7],0,5,-1
96.000000,1,[Tank],[8],1,9,4
96.000000,1,[Tank],[12],0,9,-1
96.000000,0,[Controller],[8],1,5,8
96.000000,0,[Tank],[8],1,5,7
96.000000,0,[Tank],[8],0,8,-1
96.000000,0,[Striker],[3],1,9,4
97.000000,1,[Controller],[8],0,1,-1
97.000000,1,[Controller],[3],0,4,-1
97.000000,1,[Tank],[8],0,5,-1
97.000000,1,[Tank],[12],0,9,-1
97.000000,0,[Controller],[8],1,5,8
97.000000,0,[Tank],[8],1,5,7
97.000000,0,[Tank],[8],0,8,-1
97.000000,0,[Striker],[3],1,9,4
98.000000,1,[Controller],[8],0,1,-1
98.000000,1,[Controller],[3],0,4,-1
98.000000,1,[Tank],[8],0,5,-1
98.000000,1,[Tank],[12],0,9,-1
98.000000,0,[Controller],[8],1,5,8
98.000000,0,[Tank],[8],1,5,7
98.000000,0,[Tank],[8],0,8,-1
98.000000,0,[Striker],[3],1,9,4
99.000000,1,[Controller],[8],0,1,-1
99.000000,1,[Controller],[3],0,4,-1
99.000000,1,[Tank],[8],0,5,-1
99.000000,1,[Tank],[12],0,9,-1
99.000000,0,[Controller],[8],0,4,-1
99.000000,0,[Controller],[8],1,5,8
99.000000,0,[Striker],[3],0,5,-1
100.000000,1,[Controller],[8],0,1,-1
100.000000,1,[Controller],[1],0,4,-1
100.000000,1,[Tank],[8],0,5,-1
100.000000,1,[Tank],[12],0,9,-1
100.000000,0,[Controller;Tank],[8;6],0,4,-1
100.000000,0,[Controller],[8],1,5,8
100.000000,0,[Striker],[2],0,5,-1
101.000000,1,[Controller],[8],0,1,-1
101.000000,1,[Tank],[8],0,5,-1
101.000000,1,[Tank],[12],1,9,6
101.000000,0,[Controller;Tank],[8;6],0,4,-1
101.000000,0,[Controller],[6],0,7,-1
102.000000,1,[Controller],[8],0,1,-1
102.000000,1,[Tank],[8],1,5,2
102.000000,1,[Tank],[12],1,9,6
102.000000,0,[Controller;Tank],[8;6],0,4,-1
102.000000,0,[Controller],[6],0,7,-1
103.000000,1,[Controller],[8],0,1,-1
103.000000,1,[Tank],[8],1,5,2
103.000000,1,[Tank;Controller],[8;8],0,10,-1
103.000000,0,[Controller;Tank],[8;6],0,4,-1
103.000000,0,[Controller],[6],1,7,2
104.000000,1,[Controller],[8],0,1,-1
104.000000,1,[Tank],[8],1,5,2
104.000000,1,[Tank],[12],1,9,6
104.000000,1,[Tank;Controller],[8;8],0,10,-1
104.000000,0,[Striker],[1],0,3,-1
104.000000,0,[Controller;Tank],[8;6],0,4,-1
104.000000,0,[Controller],[6],1,7,2
105.000000,1,[Controller],[8],0,1,-1
105.000000,1,[Tank],[8],1,5,2
105.000000,1,[Tank],[12],1,9,6
105.000000,1,[Tank;Controller],[8;8],0,10,-1
105.000000,0,[Striker],[1],0,3,-1
105.000000,0,[Controller],[6],1,7,2
105.000000,0,[Tank],[8],0,8,-1
106.000000,1,[Controller],[8],0,1,-1
106.000000,1,[Tank],[8],1,5,2
106.000000,1,[Tank],[12],1,9,6
106.000000,1,[Tank;Controller],[8;8],0,10,-1
106.000000,0,[Striker],[1],0,3,-1
106.000000,0,[Controller],[6],1,7,2
106.000000,0,[Tank],[8],0,8,-1
107.000000,1,[Controller],[8],0,1,-1
107.000000,1,[Tank],[8],1,5,2
107.000000,1,[Tank],[12],0,7,-1
107.000000,1,[Tank;Controller],[8;8],0,10,-1
107.000000,0,[Striker],[1],0,3,-1
107.000000,0,[Controller],[6],1,7,2
107.000000,0,[Tank],[8],0,8,-1
107.000000,0,[Controller],[8],0,10,-1
108.000000,1,[Controller;Controller],[8;7],0,1,-1
108.000000,1,[Tank],[8],0,3,-1
108.000000,1,[Tank],[12],0,7,-1
108.000000,1,[Striker],[5],0,8,-1
108.000000,1,[Tank;Controller],[8;8],0,10,-1
108.000000,0,[Striker],[1],0,3,-1
108.000000,0,[Controller],[6],1,7,2
108.000000,0,[Tank],[8],0,8,-1
108.000000,0,[Controller],[8],0,10,-1
109.000000,1,[Controller;Controller],[8;7],0,1,-1
109.000000,1,[Tank],[12],0,7,-1
109.000000,1,[Striker],[5],0,8,-1
109.000000,1,[Tank],[8],0,10,-1
109.000000,1,[Controller],[8],1,10,8
109.000000,0,[Tank],[8],0,8,-1
109.000000,0,[Tank],[12],0,9,-1
109.000000,0,[Controller],[8],0,10,-1
110.000000,1,[Controller;Controller],[8;7],0,1,-1
110.000000,1,[Tank],[12],0,7,-1
110.000000,1,[Striker],[3],1,8,4
110.000000,1,[Tank;Controller],[8;8],1,10,8
110.000000,0,[Tank;Tank],[12;8],0,9,-1
110.000000,0,[Controller],[8],0,10,-1
111.000000,1,[Controller],[8],0,1,-1
111.000000,1,[Controller],[7],1,1,3
111.000000,1,[Tank],[12],0,7,-1
111.000000,1,[Striker],[3],1,8,4
111.000000,1,[Tank;Controller],[8;8],1,10,8
111.000000,0,[Controller],[8],0,4,-1
111.000000,0,[Tank],[6],0,7,-1
111.000000,0,[Tank;Tank],[12;8],0,9,-1
111.000000,0,[Controller],[8],0,10,-1
112.000000,1,[Controller],[8],0,1,-1
112.000000,1,[Controller],[7],1,1,3
112.000000,1,[Striker],[3],0,5,-1
112.000000,1,[Tank],[12],0,7,-1
112.000000,1,[Tank;Controller],[8;8],1,10,8
112.000000,0,[Controller],[8],0,4,-1
112.000000,0,[Tank],[6],0,7,-1
112.000000,0,[Tank;Tank],[12;8],0,9,-1
112.000000,0,[Controller],[8],0,10,-1
113.000000,1,[Controller;Controller],[8;7],1,1,3
113.000000,1,[Striker],[3],1,5,8
113.000000,1,[Tank],[12],0,7,-1
113.000000,1,[Controller],[8],0,9,-1
113.000000,1,[Tank],[8],1,10,8
113.000000,0,[Controller],[8],0,4,-1
113.000000,0,[Tank],[5],0,7,-1
113.000000,0,[Tank],[8],0,9,-1
113.000000,0,[Controller],[8],0,10,-1
114.000000,1,[Controller;Controller],[8;7],1,1,3
114.000000,1,[Striker],[3],1,5,8
114.000000,1,[Tank],[12],0,7,-1
114.000000,1,[Controller;Tank],[8;8],0,9,-1
114.000000,1,[Tank],[8],0,11,-1
114.000000,0,[Controller],[6],0,3,-1
114.000000,0,[Tank],[4],1,7,3
114.000000,0,[Tank],[8],1,9,9
114.000000,0,[Controller],[8],1,10,6
115.000000,1,[Controller;Controller],[8;7],1,1,3
115.000000,1,[Striker],[3],1,5,8
115.000000,1,[Tank],[12],0,7,-1
115.000000,1,[Controller],[8],1,9,9
115.000000,1,[Tank],[8],0,9,-1
115.000000,1,[Tank],[8],0,11,-1
115.000000,0,[Tank],[4],1,7,3
115.000000,0,[Tank],[8],1,9,9
115.000000,0,[Controller],[8],1,10,6
116.000000,1,[Controller;Controller],[8;7],1,1,3
116.000000,1,[Tank],[12],0,7,-1
116.000000,1,[Controller],[8],1,9,9
116.000000,1,[Tank;Striker],[8;3],0,9,-1
116.000000,1,[Tank],[8],0,11,-1
116.000000,0,[Tank],[4],1,7,3
116.000000,0,[Tank],[8],1,9,9
116.000000,0,[Controller],[8],1,10,6
117.000000,1,[Controller],[8],1,1,3
117.000000,1,[Tank],[8],0,3,-1
117.000000,1,[Controller],[7],0,4,-1
117.000000,1,[Tank],[12],0,7,-1
117.000000,1,[Controller],[8],1,9,9
117.000000,1,[Tank],[8],1,9,4
117.000000,1,[Tank],[8],0,11,-1
117.000000,0,[Tank],[4],1,7,3
117.000000,0,[Controller],[8],1,10,6
118.000000,1,[Controller],[8],1,1,3
118.000000,1,[Tank],[8],0,3,-1
118.000000,1,[Controller],[7],0,4,-1
118.000000,1,[Tank],[12],0,7,-1
118.000000,1,[Controller],[8],1,9,9
118.000000,1,[Tank],[8],1,9,4
118.000000,1,[Tank],[8],0,11,-1
118.000000,0,[Tank],[4],0,4,-1
118.000000,0,[Controller],[8],0,7,-1
118.000000,0,[Tank],[8],0,10,-1
119.000000,1,[Tank],[8],0,3,-1
119.000000,1,[Controller;Controller],[7;8],0,4,-1
119.000000,1,[Tank],[12],0,7,-1
119.000000,1,[Tank],[8],1,9,4
119.000000,1,[Controller],[8],0,10,-1
119.000000,1,[Tank],[8],0,11,-1
119.000000,0,[Tank],[3],0,4,-1
119.000000,0,[Tank],[12],0,5,-1
119.000000,0,[Controller],[8],0,7,-1
119.000000,0,[Tank],[8],0,10,-1
120.000000,1,[Tank],[8],0,3,-1
120.000000,1,[Controller;Controller],[7;8],0,4,-1
120.000000,1,[Tank],[12],0,7,-1
120.000000,1,[Tank],[8],1,9,4
120.000000,1,[Controller],[8],1,10,8
120.000000,1,[Tank],[8],0,11,-1
120.000000,0,[Tank],[3],0,4,-1
120.000000,0,[Tank],[12],0,5,-1
120.000000,0,[Controller],[8],0,7,-1
120.000000,0,[Tank],[8],0,10,-1
121.000000,1,[Tank],[8],0,3,-1
121.000000,1,[Controller],[7],1,4,6
121.000000,1,[Controller],[8],0,4,-1
121.000000,1,[Tank],[12],1,7,2
121.000000,1,[Tank],[8],1,9,4
121.000000,1,[Controller],[8],1,10,8
121.000000,1,[Tank],[8],0,11,-1
121.000000,0,[Tank],[2],0,4,-1
121.000000,0,[Tank;Tank],[12;8],0,5,-1
121.000000,0,[Controller],[7],1,7,9
121.000000,0,[Tank],[8],0,10,-1
122.000000,1,[Tank],[8],0,3,-1
122.000000,1,[Controller],[7],1,4,6
122.000000,1,[Controller],[8],0,4,-1
122.000000,1,[Tank],[12],1,7,2
122.000000,1,[Tank],[8],1,9,4
122.000000,1,[Controller],[8],1,10,8
122.000000,1,[Tank],[8],0,11,-1
122.000000,0,[Tank;Tank],[12;8],0,5,-1
122.000000,0,[Controller],[7],1,7,9
122.000000,0,[Tank],[8],0,10,-1
123.000000,1,[Controller],[7],1,4,6
123.000000,1,[Controller],[8],1,4,0
123.000000,1,[Tank],[8],0,5,-1
123.000000,1,[Tank],[12],1,7,2
123.000000,1,[Controller],[8],1,10,8
123.000000,1,[Tank],[8],1,11,7
123.000000,0,[Controller],[8],0,1,-1
123.000000,0,[Tank;Tank],[12;8],0,5,-1
124.000000,1,[Controller],[7],1,4,6
124.000000,1,[Controller],[8],1,4,0
124.000000,1,[Tank],[8],0,5,-1
124.000000,1,[Tank],[12],1,7,2
124.000000,1,[Controller],[8],0,9,-1
124.000000,1,[Tank],[8],1,11,7
124.000000,0,[Tank;Tank],[12;8],0,5,-1
125.000000,1,[Controller],[8],1,4,0
125.000000,1,[Tank],[8],0,5,-1
125.000000,1,[Controller],[8],1,9,7
125.000000,1,[Tank],[8],1,11,7
125.000000,0,[Tank],[12],1,5,7
125.000000,0,[Tank],[8],0,5,-1
126.000000,1,[Controller],[8],1,4,0
126.000000,1,[Tank],[8],0,5,-1
126.000000,1,[Controller],[8],1,9,7
126.000000,1,[Tank],[8],1,11,7
126.000000,0,[Tank],[12],1,5,7
126.000000,0,[Tank],[8],0,5,-1
126.000000,0,[Tank],[8],1,10,10
126.000000,0,[Controller],[7],0,10,-1
127.000000,1,[Tank],[12],0,3,-1
127.000000,1,[Controller],[8],1,4,0
127.000000,1,[Tank],[7],0,5,-1
127.000000,1,[Controller],[8],1,9,7
127.000000,1,[Tank],[8],1,11,7
127.000000,0,[Tank],[12],1,5,7
127.000000,0,[Tank],[8],0,5,-1
127.000000,0,[Tank],[8],1,10,10
127.000000,0,[Controller],[7],0,10,-1
128.000000,1,[Controller],[8],1,4,0
128.000000,1,[Tank],[7],0,5,-1
128.000000,1,[Controller],[8],1,9,7
128.000000,1,[Tank],[8],1,11,7
128.000000,0,[Controller],[6],1,2,0
128.000000,0,[Tank],[12],1,5,7
128.000000,0,[Tank],[8],0,5,-1
128.000000,0,[Tank],[8],1,10,10
128.000000,0,[Controller],[7],0,10,-1
129.000000,1,[Controller],[8],0,1,-1
129.000000,1,[Tank],[7],0,5,-1
129.000000,1,[Controller;Tank],[8;8],0,8,-1
129.000000,0,[Controller],[6],1,2,0
129.000000,0,[Tank],[8],0,5,-1
129.000000,0,[Tank],[12],0,8,-1
129.000000,0,[Tank],[8],1,10,10
129.000000,0,[Controller],[7],0,10,-1
130.000000,1,[Controller],[8],1,1,3
130.000000,1,[Tank],[6],0,5,-1
130.000000,1,[Controller;Tank],[8;8],0,8,-1
130.000000,1,[Controller],[7],0,10,-1
130.000000,0,[Controller],[8],0,4,-1
130.000000,0,[Tank],[8],0,5,-1
130.000000,0,[Controller],[7],0,10,-1
130.000000,0,[Tank],[8],0,11,-1
131.000000,1,[Controller],[8],1,1,3
131.000000,1,[Tank],[5],0,5,-1
131.000000,1,[Tank],[8],0,8,-1
131.000000,1,[Controller],[7],0,10,-1
131.000000,0,[Controller],[8],0,4,-1
131.000000,0,[Tank],[8],0,5,-1
131.000000,0,[Controller],[6],0,10,-1
131.000000,0,[Tank],[8],1,11,7
132.000000,1,[Controller],[8],1,1,3
132.000000,1,[Tank],[4],0,5,-1
132.000000,1,[Tank],[8],0,8,-1
132.000000,1,[Controller],[6],0,10,-1
132.000000,0,[Controller],[8],0,4,-1
132.000000,0,[Tank],[8],0,5,-1
132.000000,0,[Tank],[12],1,8,8
132.000000,0,[Controller],[6],0,10,-1
132.000000,0,[Tank],[8],1,11,7
133.000000,1,[Controller],[8],1,1,3
133.000000,1,[Tank],[2],0,5,-1
133.000000,1,[Tank],[8],0,8,-1
133.000000,1,[Controller],[6],0,10,-1
133.000000,0,[Tank],[8],0,5,-1
133.000000,0,[Tank],[12],1,8,8
133.000000,0,[Controller],[5],0,10,-1
133.000000,0,[Tank],[8],1,11,7
134.000000,1,[Controller],[8],1,1,3
134.000000,1,[Tank],[1],1,5,8
134.000000,1,[Tank],[8],0,8,-1
134.000000,1,[Controller],[6],0,10,-1
134.000000,0,[Tank],[12],0,9,-1
134.000000,0,[Controller],[4],0,10,-1
134.000000,0,[Tank],[8],1,11,7
135.000000,1,[Controller],[8],1,1,3
135.000000,1,[Tank],[1],1,5,8
135.000000,1,[Tank],[8],0,8,-1
135.000000,1,[Tank;Striker],[8;3],0,9,-1
135.000000,1,[Controller],[6],0,10,-1
135.000000,0,[Tank],[12],0,9,-1
135.000000,0,[Controller],[2],0,10,-1
135.000000,0,[Tank],[8],1,11,7
136.000000,1,[Controller],[8],0,4,-1
136.000000,1,[Tank],[1],1,5,8
136.000000,1,[Tank],[8],0,8,-1
136.000000,1,[Tank;Striker],[8;3],0,9,-1
136.000000,1,[Controller],[6],0,10,-1
136.000000,0,[Tank],[12],0,9,-1
136.000000,0,[Controller],[2],0,10,-1
136.000000,0,[Tank],[8],1,11,7
137.000000,1,[Controller],[8],0,4,-1
137.000000,1,[Tank],[1],1,5,8
137.000000,1,[Tank],[8],0,8,-1
137.000000,1,[Tank;Striker],[8;3],0,9,-1
137.000000,1,[Controller],[6],0,10,-1
137.000000,0,[Tank],[8],0,8,-1
137.000000,0,[Tank],[12],0,9,-1
137.000000,0,[Controller],[1],0,10,-1
138.000000,1,[Controller],[8],0,4,-1
138.000000,1,[Tank],[1],1,5,8
138.000000,1,[Tank],[8],0,8,-1
138.000000,1,[Tank;Striker],[8;2],0,9,-1
138.000000,0,[Controller],[6],1,1,3
138.000000,0,[Tank],[8],0,5,-1
138.000000,0,[Tank],[8],0,8,-1
138.000000,0,[Tank],[12],0,9,-1
139.000000,1,[Controller],[8],0,4,-1
139.000000,1,[Tank],[8],0,8,-1
139.000000,0,[Controller],[6],0,4,-1
139.000000,0,[Tank],[8],0,5,-1
139.000000,0,[Tank],[8],0,8,-1
139.000000,0,[Tank],[12],1,9,4
140.000000,1,[Controller],[8],1,4,2
140.000000,1,[Tank],[8],0,8,-1
140.000000,0,[Tank],[8],0,5,-1
140.000000,0,[Tank],[8],0,8,-1
140.000000,0,[Tank],[12],1,9,4
141.000000,1,[Controller],[8],1,4,2
141.000000,1,[Tank],[8],1,8,4
141.000000,0,[Tank],[8],0,5,-1
141.000000,0,[Tank],[12],1,9,4
142.000000,1,[Controller],[8],1,4,2
142.000000,1,[Tank],[8],1,8,4
142.000000,0,[Tank],[8],1,5,7
142.000000,0,[Tank],[8],0,8,-1
142.000000,0,[Tank],[12],1,9,4
143.000000,1,[Tank],[12],0,3,-1
143.000000,1,[Controller],[8],1,4,2
143.000000,1,[Tank],[8],1,8,4
143.000000,0,[Tank],[8],1,5,7
143.000000,0,[Tank],[8],0,8,-1
144.000000,1,[Tank;Controller],[12;8],0,3,-1
144.000000,1,[Tank],[8],1,8,4
144.000000,1,[Striker],[2],0,8,-1
144.000000,1,[Controller],[8],0,11,-1
144.000000,0,[Tank],[8],1,5,7
144.000000,0,[Tank],[8],1,8,10
145.000000,1,[Controller],[8],0,3,-1
145.000000,1,[Tank],[8],0,5,-1
145.000000,1,[Striker],[2],1,8,10
145.000000,1,[Controller],[8],0,11,-1
145.000000,0,[Tank],[12],0,5,-1
146.000000,1,[Controller],[8],0,3,-1
146.000000,1,[Tank],[8],0,5,-1
146.000000,1,[Striker],[2],1,8,10
146.000000,1,[Controller],[8],0,11,-1
146.000000,0,[Controller],[6],0,1,-1
146.000000,0,[Tank],[12],0,5,-1
147.000000,1,[Tank],[8],0,5,-1
147.000000,1,[Striker],[2],1,8,10
147.000000,1,[Controller],[8],1,11,7
147.000000,0,[Controller],[6],0,1,-1
147.000000,0,[Tank],[12],0,5,-1
147.000000,0,[Tank],[8],1,8,10
147.000000,0,[Tank],[8],0,8,-1
148.000000,1,[Tank],[8],1,5,2
148.000000,1,[Controller],[8],1,11,7
148.000000,1,[Striker],[2],0,11,-1
148.000000,0,[Controller],[6],0,1,-1
148.000000,0,[Controller],[8],0,3,-1
148.000000,0,[Tank],[12],0,5,-1
148.000000,0,[Tank],[8],1,8,10
148.000000,0,[Tank],[8],0,8,-1
149.000000,1,[Controller],[8],1,11,7
149.000000,1,[Striker],[2],0,11,-1
149.000000,0,[Controller],[6],0,1,-1
149.000000,0,[Controller],[8],1,3,1
149.000000,0,[Tank],[12],0,5,-1
149.000000,0,[Tank],[8],1,8,10
149.000000,0,[Tank],[8],0,8,-1
150.000000,1,[Controller],[8],1,3,1
150.000000,1,[Tank],[8],1,5,2
150.000000,1,[Controller],[8],1,11,7
150.000000,0,[Controller],[6],0,1,-1
150.000000,0,[Controller],[8],1,3,1
150.000000,0,[Tank],[12],1,5,2
150.000000,0,[Tank],[8],0,8,-1
150.000000,0,[Tank],[8],0,11,-1
