0,player,unitTypes,unitCount,status,node1,node2
12.000000,0,[Striker],[8],0,7,-1
13.000000,0,[Striker],[8],0,7,-1
14.000000,1,[Striker],[8],0,7,-1
14.000000,0,[Striker],[8],0,7,-1
15.000000,1,[Striker],[8],0,7,-1
15.000000,0,[Striker],[8],0,7,-1
16.000000,1,[Striker],[8],1,7,3
16.000000,0,[Tank;Striker;Striker],[8;8;8],0,4,-1
17.000000,1,[Striker],[8],1,7,3
17.000000,0,[Tank;Striker;Striker],[8;8;8],0,4,-1
18.000000,1,[Striker],[8],0,4,-1
18.000000,0,[Striker;Striker],[8;8],0,4,-1
19.000000,1,[Striker],[6],0,4,-1
19.000000,0,[Striker;Striker],[8;8],0,4,-1
21.000000,1,[Striker],[8],0,5,-1
24.000000,1,[Tank],[8],0,6,-1
24.000000,0,[Tank],[8],0,7,-1
25.000000,1,[Tank],[8],0,6,-1
25.000000,0,[Tank;Striker],[8;8],0,7,-1
26.000000,1,[Tank],[8],0,6,-1
26.000000,1,[Controller],[8],1,10,6
26.000000,1,[Striker],[8],0,10,-1
26.000000,0,[Striker],[8],0,6,-1
26.000000,0,[Tank],[8],1,7,9
26.000000,0,[Striker],[8],0,7,-1
27.000000,1,[Tank],[8],0,6,-1
27.000000,1,[Controller],[8],1,10,6
27.000000,1,[Striker],[8],0,10,-1
27.000000,0,[Striker],[8],0,6,-1
27.000000,0,[Tank],[8],1,7,9
27.000000,0,[Striker],[8],0,7,-1
28.000000,1,[Tank],[8],0,6,-1
28.000000,1,[Controller],[8],0,7,-1
28.000000,1,[Striker],[8],0,10,-1
28.000000,0,[Tank],[8],0,5,-1
28.000000,0,[Striker],[8],0,6,-1
28.000000,0,[Tank],[8],1,7,9
28.000000,0,[Striker],[8],0,7,-1
29.000000,1,[Controller],[8],0,7,-1
29.000000,1,[Striker],[8],0,10,-1
29.000000,0,[Tank],[8],0,5,-1
29.000000,0,[Striker],[8],0,6,-1
29.000000,0,[Tank],[8],1,7,9
29.000000,0,[Striker],[8],0,7,-1
30.000000,1,[Controller],[8],0,7,-1
30.000000,1,[Striker;Controller],[8;8],0,10,-1
30.000000,0,[Tank],[8],0,5,-1
30.000000,0,[Striker],[8],0,6,-1
30.000000,0,[Striker],[8],0,7,-1
30.000000,0,[Tank],[8],0,10,-1
31.000000,1,[Controller],[8],0,7,-1
31.000000,1,[Striker;Controller],[8;8],0,8,-1
31.000000,1,[Controller],[8],1,9,4
31.000000,1,[Tank],[8],1,9,6
31.000000,1,[Striker;Controller],[8;8],0,10,-1
31.000000,0,[Tank],[8],1,5,7
31.000000,0,[Striker],[8],1,6,8
31.000000,0,[Tank],[8],0,10,-1
32.000000,1,[Controller],[8],0,7,-1
32.000000,1,[Striker;Controller],[8;8],0,8,-1
32.000000,1,[Controller],[8],1,9,4
32.000000,1,[Tank],[8],1,9,6
32.000000,1,[Tank],[8],0,9,-1
32.000000,1,[Striker;Controller],[8;8],0,10,-1
32.000000,0,[Tank],[8],1,5,7
32.000000,0,[Striker],[8],1,6,8
32.000000,0,[Tank],[8],0,10,-1
33.000000,1,[Controller],[8],0,7,-1
33.000000,1,[Striker;Controller],[8;8],0,8,-1
33.000000,1,[Controller],[8],1,9,4
33.000000,1,[Tank],[8],1,9,6
33.000000,1,[Tank],[8],0,9,-1
33.000000,1,[Striker;Controller],[8;8],0,10,-1
33.000000,0,[Tank],[8],1,5,7
33.000000,0,[Striker],[8],0,9,-1
33.000000,0,[Tank],[8],0,10,-1
34.000000,1,[Controller],[8],0,7,-1
34.000000,1,[Striker],[8],0,8,-1
34.000000,1,[Controller],[8],1,9,4
34.000000,1,[Tank],[8],1,9,6
34.000000,1,[Tank],[8],0,9,-1
34.000000,0,[Tank],[8],1,5,7
34.000000,0,[Striker],[8],0,5,-1
34.000000,0,[Striker],[8],0,9,-1
34.000000,0,[Tank],[8],1,10,6
35.000000,1,[Controller],[8],0,5,-1
35.000000,1,[Controller],[8],0,7,-1
35.000000,1,[Striker],[8],0,8,-1
35.000000,0,[Striker],[8],0,5,-1
35.000000,0,[Tank],[8],0,8,-1
35.000000,0,[Striker],[8],1,9,7
35.000000,0,[Tank],[8],1,10,6
36.000000,1,[Controller],[8],0,5,-1
36.000000,1,[Controller],[8],0,7,-1
36.000000,0,[Tank],[8],0,8,-1
36.000000,0,[Striker],[8],1,9,7
36.000000,0,[Tank],[8],1,10,6
37.000000,1,[Tank],[8],0,7,-1
37.000000,0,[Tank;Striker],[8;8],0,8,-1
37.000000,0,[Tank],[8],1,10,6
38.000000,0,[Tank;Striker],[8;8],0,8,-1
39.000000,0,[Tank;Striker],[8;8],0,8,-1
40.000000,1,[Controller;Tank],[8;8],1,7,9
40.000000,1,[Tank],[12],0,8,-1
40.000000,1,[Striker;Controller;Striker],[8;8;8],0,10,-1
40.000000,0,[Tank;Striker],[8;8],0,8,-1
41.000000,1,[Tank],[12],0,8,-1
41.000000,1,[Striker;Controller;Striker;Controller],[8;8;8;8],0,10,-1
41.000000,0,[Tank;Striker],[8;8],0,8,-1
42.000000,1,[Controller],[8],1,5,8
42.000000,1,[Tank],[12],0,8,-1
42.000000,1,[Tank],[8],1,9,7
42.000000,1,[Striker],[8],0,9,-1
42.000000,1,[Striker;Striker;Tank],[8;8;8],0,10,-1
42.000000,0,[Tank],[8],1,7,9
42.000000,0,[Tank],[8],0,8,-1
42.000000,0,[Striker],[7],1,8,8
43.000000,1,[Striker;Controller],[8;8],0,9,-1
43.000000,1,[Striker;Striker;Tank],[8;8;8],0,10,-1
43.000000,0,[Tank],[8],1,7,9
43.000000,0,[Tank;Striker],[8;7],1,8,8
44.000000,1,[Striker;Controller],[8;8],0,9,-1
44.000000,1,[Striker;Striker;Tank],[8;8;8],0,10,-1
44.000000,0,[Tank],[8],1,8,8
44.000000,0,[Striker],[7],0,9,-1
44.000000,0,[Tank],[8],0,10,-1
45.000000,1,[Striker],[8],0,9,-1
45.000000,1,[Striker;Striker;Tank],[8;8;8],0,10,-1
45.000000,0,[Controller;Striker],[8;8],0,3,-1
45.000000,0,[Tank],[8],1,8,8
45.000000,0,[Striker],[3],0,9,-1
45.000000,0,[Tank],[8],0,10,-1
46.000000,1,[Striker],[8],0,9,-1
46.000000,1,[Striker;Striker],[8;8],0,10,-1
46.000000,0,[Controller;Striker],[8;8],0,3,-1
46.000000,0,[Tank],[8],1,8,8
46.000000,0,[Tank],[7],0,10,-1
47.000000,1,[Controller],[8],0,7,-1
47.000000,1,[Striker;Tank],[8;12],0,9,-1
47.000000,1,[Striker;Striker],[8;8],0,10,-1
47.000000,0,[Controller],[8],1,3,6
47.000000,0,[Striker;Controller],[8;8],0,3,-1
47.000000,0,[Controller],[8],0,5,-1
47.000000,0,[Tank],[8],0,9,-1
47.000000,0,[Tank],[6],0,10,-1
48.000000,1,[Tank],[8],0,3,-1
48.000000,1,[Controller],[8],0,7,-1
48.000000,1,[Striker;Striker],[8;8],0,10,-1
48.000000,0,[Controller],[8],1,3,6
48.000000,0,[Striker;Controller;Striker],[8;8;8],0,3,-1
48.000000,0,[Controller],[8],0,5,-1
48.000000,0,[Tank],[8],1,9,4
48.000000,0,[Tank],[2],0,10,-1
49.000000,1,[Tank],[8],0,3,-1
49.000000,1,[Controller],[8],1,7,3
49.000000,0,[Striker;Controller;Striker],[8;8;8],0,3,-1
49.000000,0,[Tank;Tank],[8;12],0,4,-1
49.000000,0,[Controller],[8],0,5,-1
49.000000,0,[Tank],[8],1,9,4
50.000000,1,[Tank],[8],0,3,-1
50.000000,1,[Controller],[8],1,7,3
50.000000,0,[Striker;Controller],[8;8],0,3,-1
50.000000,0,[Striker],[8],1,3,3
50.000000,0,[Tank],[8],0,4,-1
50.000000,0,[Controller],[8],0,5,-1
50.000000,0,[Tank],[8],1,9,4
51.000000,1,[Tank],[8],1,3,3
51.000000,1,[Tank],[8],0,5,-1
51.000000,1,[Controller],[8],1,7,3
51.000000,0,[Tank],[8],0,4,-1
51.000000,0,[Tank],[8],1,9,4
52.000000,1,[Tank],[8],1,3,3
52.000000,1,[Tank],[8],0,5,-1
52.000000,1,[Controller],[8],1,7,3
52.000000,0,[Tank;Striker],[8;8],0,4,-1
52.000000,0,[Tank],[8],1,9,4
53.000000,1,[Tank],[8],1,3,3
53.000000,1,[Controller],[8],0,4,-1
53.000000,1,[Tank],[8],0,5,-1
53.000000,1,[Striker],[8],0,7,-1
53.000000,0,[Striker],[8],0,4,-1
53.000000,0,[Controller],[8],0,7,-1
53.000000,0,[Tank],[8],1,9,4
54.000000,1,[Tank],[8],1,3,3
54.000000,1,[Controller],[8],0,4,-1
54.000000,1,[Tank],[8],0,5,-1
54.000000,1,[Striker],[8],0,7,-1
54.000000,0,[Striker],[8],0,4,-1
54.000000,0,[Tank],[8],0,5,-1
54.000000,0,[Controller;Striker],[8;8],0,7,-1
55.000000,1,[Controller;Tank],[8;8],0,4,-1
55.000000,1,[Tank],[8],0,5,-1
55.000000,1,[Striker],[8],0,7,-1
55.000000,0,[Striker],[8],0,4,-1
55.000000,0,[Tank],[8],0,5,-1
55.000000,0,[Controller],[8],0,7,-1
55.000000,0,[Striker],[8],1,7,3
56.000000,1,[Controller;Tank],[8;8],0,4,-1
56.000000,1,[Tank],[8],0,5,-1
56.000000,1,[Striker],[8],0,7,-1
56.000000,0,[Striker],[8],0,4,-1
56.000000,0,[Tank],[8],0,5,-1
56.000000,0,[Controller],[8],0,7,-1
56.000000,0,[Striker],[8],1,7,3
57.000000,1,[Controller],[8],1,4,2
57.000000,1,[Tank],[8],0,4,-1
57.000000,1,[Tank],[8],0,5,-1
57.000000,1,[Striker],[8],0,7,-1
57.000000,0,[Controller],[8],1,3,4
57.000000,0,[Striker;Striker],[8;8],0,4,-1
57.000000,0,[Tank],[8],0,5,-1
57.000000,0,[Controller],[8],0,7,-1
58.000000,1,[Controller],[8],1,4,2
58.000000,1,[Tank],[8],0,4,-1
58.000000,1,[Tank],[8],0,5,-1
58.000000,1,[Tank],[12],0,9,-1
58.000000,0,[Striker;Striker],[8;8],0,4,-1
58.000000,0,[Tank],[8],1,5,8
58.000000,0,[Controller],[8],0,5,-1
59.000000,1,[Controller],[8],1,4,2
59.000000,1,[Tank],[8],0,4,-1
59.000000,1,[Tank],[8],0,5,-1
59.000000,1,[Striker],[7],1,7,2
59.000000,0,[Striker],[8],0,4,-1
59.000000,0,[Tank],[8],1,5,8
59.000000,0,[Controller],[8],0,5,-1
60.000000,1,[Controller],[8],1,4,2
60.000000,1,[Tank],[6],0,4,-1
60.000000,1,[Tank],[8],0,5,-1
60.000000,1,[Striker],[7],1,7,2
60.000000,0,[Striker],[8],0,4,-1
60.000000,0,[Tank],[8],1,5,8
60.000000,0,[Controller;Striker],[8;8],0,5,-1
61.000000,1,[Controller;Striker],[8;7],0,3,-1
61.000000,1,[Tank],[5],0,4,-1
61.000000,1,[Tank],[8],0,5,-1
61.000000,0,[Striker],[8],0,4,-1
61.000000,0,[Tank],[8],1,5,8
61.000000,0,[Controller;Striker;Controller],[8;8;8],0,5,-1
62.000000,1,[Controller;Striker],[8;7],0,3,-1
62.000000,1,[Tank],[4],1,4,2
62.000000,1,[Tank],[7],0,5,-1
62.000000,0,[Tank],[8],1,5,8
62.000000,0,[Controller;Controller],[8;8],0,5,-1
63.000000,1,[Controller],[8],1,3,1
63.000000,1,[Striker],[7],1,3,6
63.000000,1,[Tank],[4],1,4,2
63.000000,1,[Tank],[7],0,5,-1
63.000000,0,[Tank],[8],1,5,8
63.000000,0,[Controller;Controller],[8;8],0,5,-1
63.000000,0,[Striker],[8],1,5,1
63.000000,0,[Controller],[8],1,7,2
63.000000,0,[Striker],[8],0,7,-1
64.000000,1,[Controller],[8],1,3,1
64.000000,1,[Striker],[7],1,3,6
64.000000,1,[Tank],[4],1,4,2
64.000000,0,[Striker],[8],0,2,-1
64.000000,0,[Controller],[8],0,3,-1
64.000000,0,[Controller;Controller],[8;8],0,5,-1
64.000000,0,[Striker],[8],0,7,-1
64.000000,0,[Tank],[8],0,9,-1
65.000000,1,[Controller],[8],1,3,1
65.000000,1,[Tank],[4],1,4,2
65.000000,0,[Striker],[8],0,2,-1
65.000000,0,[Controller],[8],0,3,-1
65.000000,0,[Controller],[8],1,5,1
65.000000,0,[Controller],[8],0,5,-1
65.000000,0,[Striker],[8],1,7,8
65.000000,0,[Tank],[8],0,9,-1
66.000000,1,[Controller],[8],1,3,1
66.000000,1,[Tank],[4],0,3,-1
66.000000,1,[Controller],[8],0,6,-1
66.000000,1,[Striker],[7],0,7,-1
66.000000,0,[Striker],[8],0,2,-1
66.000000,0,[Controller],[8],0,3,-1
66.000000,0,[Controller],[8],1,5,1
66.000000,0,[Controller],[8],1,5,2
66.000000,0,[Striker],[8],1,7,8
66.000000,0,[Tank],[8],1,9,5
67.000000,1,[Controller],[8],0,2,-1
67.000000,1,[Tank],[3],0,3,-1
67.000000,1,[Controller],[8],0,6,-1
67.000000,1,[Striker],[7],0,7,-1
67.000000,0,[Striker],[8],0,2,-1
67.000000,0,[Controller],[8],1,3,5
67.000000,0,[Controller],[8],1,5,1
67.000000,0,[Controller],[8],1,5,2
67.000000,0,[Striker],[8],1,7,8
67.000000,0,[Tank],[8],1,9,5
68.000000,1,[Controller],[8],0,2,-1
68.000000,1,[Tank],[3],1,3,6
68.000000,1,[Controller],[8],0,6,-1
68.000000,1,[Striker],[7],0,7,-1
68.000000,1,[Striker],[8],0,9,-1
68.000000,0,[Striker],[8],0,2,-1
68.000000,0,[Controller],[8],1,5,1
68.000000,0,[Tank],[8],1,9,5
68.000000,0,[Striker],[8],0,9,-1
69.000000,1,[Controller],[8],1,2,4
69.000000,1,[Tank],[3],1,3,6
69.000000,1,[Controller],[8],0,6,-1
69.000000,1,[Striker],[7],0,7,-1
69.000000,1,[Striker],[8],0,9,-1
69.000000,0,[Tank],[8],0,6,-1
69.000000,0,[Striker],[7],0,9,-1
70.000000,1,[Controller],[8],1,2,4
70.000000,1,[Tank],[3],1,3,6
70.000000,1,[Striker;Controller],[7;8],0,7,-1
70.000000,0,[Tank;Controller],[8;8],0,6,-1
70.000000,0,[Controller],[8],0,7,-1
70.000000,0,[Striker],[4],1,9,4
71.000000,1,[Controller],[8],1,2,4
71.000000,1,[Tank],[3],1,3,6
71.000000,1,[Striker],[7],0,7,-1
71.000000,0,[Tank;Controller],[8;8],0,6,-1
71.000000,0,[Controller],[8],0,7,-1
71.000000,0,[Striker],[4],1,9,4
72.000000,1,[Controller],[8],1,2,4
72.000000,1,[Tank],[3],1,3,6
72.000000,0,[Tank;Controller],[8;8],0,6,-1
72.000000,0,[Controller],[8],0,7,-1
72.000000,0,[Striker],[4],1,9,4
73.000000,1,[Tank],[3],1,3,6
73.000000,1,[Controller],[8],0,5,-1
73.000000,0,[Striker],[4],0,5,-1
73.000000,0,[Controller],[8],0,6,-1
73.000000,0,[Controller],[8],0,7,-1
74.000000,1,[Controller],[8],0,5,-1
74.000000,1,[Tank],[3],0,7,-1
74.000000,0,[Striker],[4],0,5,-1
74.000000,0,[Controller],[8],0,7,-1
75.000000,1,[Controller],[8],1,5,1
75.000000,1,[Striker],[8],0,5,-1
75.000000,1,[Controller],[8],1,9,4
75.000000,1,[Striker],[5],0,9,-1
75.000000,0,[Controller;Striker;Tank],[8;8;12],0,2,-1
75.000000,0,[Striker],[4],0,5,-1
75.000000,0,[Controller],[8],1,7,8
76.000000,1,[Controller],[8],1,5,1
76.000000,1,[Striker],[8],0,5,-1
76.000000,1,[Controller],[8],1,9,4
76.000000,1,[Striker],[5],0,9,-1
76.000000,0,[Striker],[8],1,2,4
76.000000,0,[Tank],[12],0,2,-1
76.000000,0,[Striker],[2],0,5,-1
77.000000,1,[Controller],[8],1,5,1
77.000000,1,[Striker],[8],0,5,-1
77.000000,1,[Controller],[8],1,9,4
77.000000,0,[Striker],[8],1,2,4
77.000000,0,[Tank],[12],0,2,-1
77.000000,0,[Controller],[8],1,7,8
78.000000,1,[Controller],[8],1,5,1
78.000000,1,[Striker;Tank],[8;7],0,5,-1
78.000000,1,[Controller],[8],1,9,4
78.000000,0,[Tank],[12],0,2,-1
78.000000,0,[Controller],[8],0,4,-1
78.000000,0,[Striker],[8],0,5,-1
78.000000,0,[Controller],[8],1,7,8
79.000000,1,[Controller],[8],0,2,-1
79.000000,1,[Striker;Tank],[6;6],0,5,-1
79.000000,1,[Controller],[8],1,9,4
79.000000,0,[Tank],[12],0,2,-1
79.000000,0,[Controller],[8],0,4,-1
79.000000,0,[Striker],[8],0,5,-1
79.000000,0,[Controller],[8],1,7,8
80.000000,1,[Controller],[8],0,2,-1
80.000000,1,[Tank],[1],0,4,-1
80.000000,1,[Striker;Tank],[5;6],0,5,-1
80.000000,1,[Controller],[8],1,9,4
80.000000,0,[Tank],[12],0,2,-1
80.000000,0,[Controller],[8],0,4,-1
80.000000,0,[Striker],[8],0,5,-1
80.000000,0,[Controller],[8],1,7,8
81.000000,1,[Controller],[8],1,2,2
81.000000,1,[Striker],[4],1,5,8
81.000000,1,[Tank;Controller],[6;8],0,5,-1
81.000000,0,[Controller],[8],0,3,-1
81.000000,0,[Striker],[7],0,5,-1
81.000000,0,[Controller;Controller],[8;8],0,9,-1
82.000000,1,[Controller],[8],1,2,2
82.000000,1,[Striker;Controller],[4;8],1,5,8
82.000000,1,[Tank],[5],0,5,-1
82.000000,0,[Controller],[8],1,3,4
82.000000,0,[Striker],[7],0,5,-1
82.000000,0,[Controller;Controller],[8;8],0,9,-1
83.000000,1,[Controller],[8],1,2,2
83.000000,1,[Striker;Controller],[4;8],1,5,8
83.000000,1,[Tank],[4],1,5,7
83.000000,1,[Striker],[8],0,8,-1
83.000000,0,[Controller],[8],1,3,4
83.000000,0,[Striker],[7],1,5,7
83.000000,0,[Controller],[8],0,9,-1
84.000000,1,[Controller],[8],1,2,2
84.000000,1,[Tank],[4],1,5,7
84.000000,1,[Controller],[8],1,5,8
84.000000,1,[Striker],[8],0,8,-1
84.000000,1,[Striker],[4],0,9,-1
84.000000,0,[Controller],[8],1,3,4
84.000000,0,[Striker],[7],1,5,7
84.000000,0,[Controller],[8],0,9,-1
85.000000,1,[Controller],[8],0,3,-1
85.000000,1,[Tank],[4],1,5,7
85.000000,1,[Controller],[8],1,5,8
85.000000,1,[Striker],[8],0,8,-1
85.000000,1,[Striker],[4],1,9,4
85.000000,0,[Controller],[8],1,3,4
85.000000,0,[Striker],[7],0,8,-1
85.000000,0,[Controller],[8],0,9,-1
86.000000,1,[Controller],[8],0,3,-1
86.000000,1,[Tank],[4],1,5,7
86.000000,1,[Controller],[8],1,5,8
86.000000,1,[Striker],[8],0,8,-1
86.000000,1,[Striker],[4],1,9,4
86.000000,0,[Controller],[8],1,3,4
86.000000,0,[Striker],[5],0,8,-1
86.000000,0,[Controller],[8],0,9,-1
87.000000,1,[Controller],[8],1,3,3
87.000000,1,[Controller],[8],1,5,8
87.000000,1,[Striker;Tank],[8;4],0,8,-1
87.000000,1,[Striker],[4],1,9,4
87.000000,0,[Controller],[8],1,3,4
87.000000,0,[Tank],[12],0,3,-1
87.000000,0,[Controller],[8],1,4,2
87.000000,0,[Tank],[8],0,4,-1
87.000000,0,[Striker],[2],0,8,-1
87.000000,0,[Controller],[8],0,9,-1
88.000000,1,[Controller],[8],1,3,3
88.000000,1,[Striker],[5],0,3,-1
88.000000,1,[Striker],[4],0,5,-1
88.000000,0,[Controller],[8],0,3,-1
88.000000,0,[Tank],[8],1,4,2
88.000000,0,[Controller],[8],0,5,-1
89.000000,1,[Controller],[8],1,3,3
89.000000,1,[Striker],[3],0,3,-1
89.000000,1,[Striker],[3],0,5,-1
89.000000,0,[Tank],[8],1,4,2
90.000000,1,[Controller],[8],1,3,3
90.000000,1,[Striker],[3],0,3,-1
90.000000,1,[Striker],[3],0,5,-1
90.000000,0,[Tank],[8],1,4,2
91.000000,1,[Striker],[3],0,3,-1
91.000000,1,[Controller],[8],0,4,-1
91.000000,1,[Striker],[3],0,5,-1
91.000000,0,[Tank],[8],1,4,2
92.000000,1,[Striker],[3],0,3,-1
92.000000,1,[Controller],[8],0,4,-1
92.000000,1,[Striker],[3],0,5,-1
92.000000,0,[Tank],[8],0,3,-1
93.000000,1,[Striker],[1],1,3,1
93.000000,1,[Controller],[8],0,4,-1
93.000000,1,[Striker],[3],0,5,-1
93.000000,0,[Tank;Controller],[12;8],0,2,-1
93.000000,0,[Tank],[8],0,3,-1
94.000000,1,[Striker],[1],1,3,1
94.000000,1,[Controller],[8],0,3,-1
94.000000,1,[Controller],[8],0,4,-1
94.000000,1,[Striker],[3],0,5,-1
94.000000,0,[Tank],[12],0,2,-1
94.000000,0,[Controller],[8],1,2,4
94.000000,0,[Tank],[8],0,3,-1
95.000000,1,[Striker],[1],0,2,-1
95.000000,1,[Controller],[8],0,3,-1
95.000000,1,[Controller],[8],0,4,-1
95.000000,0,[Tank],[12],0,2,-1
95.000000,0,[Controller],[8],1,2,4
95.000000,0,[Tank;Controller],[8;8],0,3,-1
95.000000,0,[Controller],[8],0,9,-1
96.000000,1,[Controller],[8],0,3,-1
96.000000,1,[Controller],[8],0,4,-1
96.000000,1,[Striker],[3],1,5,7
96.000000,1,[Striker],[8],0,8,-1
96.000000,0,[Tank],[8],0,3,-1
96.000000,0,[Controller],[8],1,3,3
96.000000,0,[Controller],[8],1,9,7
97.000000,1,[Controller],[7],1,3,4
97.000000,1,[Controller],[8],1,4,2
97.000000,1,[Striker;Striker;Tank],[8;3;8],0,8,-1
97.000000,0,[Controller],[8],1,9,7
98.000000,1,[Controller],[7],1,3,4
98.000000,1,[Controller],[8],1,4,2
98.000000,1,[Striker;Striker;Tank],[8;3;8],0,8,-1
98.000000,0,[Controller],[8],0,5,-1
98.000000,0,[Controller],[8],1,9,7
99.000000,1,[Controller],[7],1,3,4
99.000000,1,[Controller],[8],1,4,2
99.000000,1,[Striker],[8],0,8,-1
99.000000,1,[Striker],[3],1,8,4
99.000000,0,[Controller],[8],0,5,-1
99.000000,0,[Controller],[8],1,9,7
100.000000,1,[Controller],[7],1,3,4
100.000000,1,[Controller],[8],1,4,2
100.000000,1,[Striker],[8],1,8,8
100.000000,1,[Striker],[3],1,8,4
100.000000,0,[Controller],[8],1,5,8
100.000000,0,[Controller],[8],0,8,-1
101.000000,1,[Controller],[7],1,3,4
101.000000,1,[Controller],[8],0,3,-1
101.000000,1,[Striker],[3],0,5,-1
101.000000,1,[Striker],[8],1,8,8
101.000000,0,[Controller],[8],1,5,8
101.000000,0,[Controller],[8],0,8,-1
102.000000,1,[Controller],[7],1,3,4
102.000000,1,[Striker],[3],0,5,-1
102.000000,1,[Striker],[8],0,9,-1
102.000000,0,[Controller],[8],1,5,8
102.000000,0,[Controller],[8],0,8,-1
103.000000,1,[Striker;Controller],[3;7],0,5,-1
103.000000,1,[Striker],[8],0,9,-1
103.000000,0,[Controller],[8],1,5,8
103.000000,0,[Controller],[8],0,8,-1
104.000000,1,[Striker;Controller],[3;7],0,5,-1
104.000000,1,[Controller],[8],0,9,-1
104.000000,0,[Controller],[8],1,5,8
104.000000,0,[Controller],[8],0,8,-1
105.000000,1,[Striker;Controller],[3;7],0,5,-1
105.000000,1,[Controller],[8],0,9,-1
105.000000,0,[Controller],[8],1,5,8
105.000000,0,[Controller],[8],1,8,8
106.000000,1,[Controller],[7],0,5,-1
106.000000,1,[Controller],[8],0,9,-1
106.000000,0,[Controller],[8],1,8,8
106.000000,0,[Controller],[8],0,9,-1
107.000000,1,[Controller],[7],1,5,1
107.000000,1,[Controller],[8],1,9,5
107.000000,1,[Striker],[8],0,10,-1
107.000000,0,[Tank],[8],0,2,-1
108.000000,1,[Controller],[7],1,5,1
108.000000,1,[Controller],[8],1,9,5
108.000000,1,[Striker],[8],0,10,-1
108.000000,0,[Tank],[8],0,2,-1
109.000000,1,[Controller],[7],1,5,1
109.000000,1,[Controller],[8],1,9,5
109.000000,1,[Striker],[8],0,10,-1
109.000000,0,[Tank],[8],0,2,-1
110.000000,1,[Controller],[7],1,5,1
110.000000,1,[Controller],[8],0,6,-1
110.000000,1,[Tank;Striker],[4;3],0,8,-1
110.000000,1,[Striker],[8],0,10,-1
110.000000,0,[Tank],[8],0,2,-1
110.000000,0,[Controller],[8],1,9,9
110.000000,0,[Controller],[8],1,9,7
111.000000,1,[Controller],[7],0,2,-1
111.000000,1,[Controller],[8],0,6,-1
111.000000,1,[Tank;Striker],[4;3],0,8,-1
111.000000,1,[Striker],[8],0,10,-1
111.000000,0,[Tank],[8],0,2,-1
111.000000,0,[Controller],[8],1,9,7
111.000000,0,[Controller],[8],0,10,-1
112.000000,1,[Controller],[7],0,2,-1
112.000000,1,[Controller],[8],0,6,-1
112.000000,1,[Tank;Striker],[4;3],0,8,-1
112.000000,1,[Striker],[8],0,10,-1
112.000000,0,[Tank],[8],0,2,-1
112.000000,0,[Controller],[8],1,9,7
112.000000,0,[Controller],[8],0,10,-1
113.000000,1,[Controller],[7],0,2,-1
113.000000,1,[Controller],[8],0,6,-1
113.000000,1,[Tank],[4],1,8,4
113.000000,1,[Striker],[3],0,8,-1
113.000000,1,[Striker],[8],0,10,-1
113.000000,0,[Tank],[8],0,2,-1
113.000000,0,[Controller],[8],1,9,7
113.000000,0,[Controller],[8],0,10,-1
114.000000,1,[Controller],[7],1,2,4
114.000000,1,[Controller],[8],0,6,-1
114.000000,1,[Tank],[4],1,8,4
114.000000,1,[Striker],[3],0,8,-1
114.000000,0,[Controller],[8],0,8,-1
114.000000,0,[Controller],[8],1,10,6
115.000000,1,[Controller],[7],1,2,4
115.000000,1,[Controller],[8],1,6,2
115.000000,1,[Tank],[12],0,11,-1
115.000000,0,[Controller],[8],0,3,-1
115.000000,0,[Controller],[8],1,8,10
115.000000,0,[Controller],[8],1,10,6
116.000000,1,[Controller],[7],1,2,4
116.000000,1,[Controller],[8],1,6,2
116.000000,1,[Tank],[12],0,11,-1
116.000000,0,[Controller],[8],1,3,6
116.000000,0,[Tank],[12],0,7,-1
116.000000,0,[Controller],[8],1,8,10
116.000000,0,[Controller],[8],1,10,6
117.000000,1,[Controller],[7],1,2,4
117.000000,1,[Tank],[4],0,5,-1
117.000000,1,[Controller],[8],1,6,2
117.000000,1,[Tank],[12],0,11,-1
117.000000,0,[Controller],[8],1,3,6
117.000000,0,[Tank],[12],0,7,-1
117.000000,0,[Controller],[8],1,8,10
117.000000,0,[Controller],[8],1,10,6
118.000000,1,[Controller],[8],0,3,-1
118.000000,1,[Tank;Controller],[4;7],0,5,-1
118.000000,1,[Tank],[12],0,11,-1
118.000000,0,[Controller],[8],1,3,6
118.000000,0,[Tank],[12],1,7,2
118.000000,0,[Controller],[8],0,7,-1
118.000000,0,[Controller],[8],1,8,10
119.000000,1,[Controller],[8],1,3,1
119.000000,1,[Controller],[7],0,5,-1
119.000000,1,[Tank],[12],0,11,-1
119.000000,0,[Controller],[8],0,7,-1
119.000000,0,[Controller],[8],1,8,10
120.000000,1,[Controller],[8],1,3,1
120.000000,1,[Controller],[7],1,5,2
120.000000,1,[Striker],[2],0,5,-1
120.000000,1,[Tank],[12],0,11,-1
120.000000,0,[Tank;Tank],[8;8],1,2,2
120.000000,0,[Controller],[8],1,3,6
120.000000,0,[Tank],[12],1,7,2
120.000000,0,[Controller],[8],0,7,-1
120.000000,0,[Controller],[8],1,8,10
121.000000,1,[Controller],[8],1,3,1
121.000000,1,[Controller],[7],1,5,2
121.000000,1,[Striker;Tank],[2;8],0,5,-1
121.000000,1,[Controller],[8],0,7,-1
121.000000,0,[Tank],[8],1,2,2
121.000000,0,[Controller],[8],1,3,6
121.000000,0,[Tank],[8],0,3,-1
121.000000,0,[Tank],[12],1,7,2
121.000000,0,[Controller],[8],0,7,-1
121.000000,0,[Controller],[8],0,11,-1
122.000000,1,[Controller],[8],1,3,1
122.000000,1,[Controller],[7],1,5,2
122.000000,1,[Striker;Tank],[2;8],0,5,-1
122.000000,1,[Controller],[8],0,7,-1
122.000000,1,[Striker],[8],0,10,-1
122.000000,0,[Tank],[8],1,2,2
122.000000,0,[Tank],[8],0,3,-1
122.000000,0,[Tank],[12],1,7,2
122.000000,0,[Controller],[8],1,7,9
122.000000,0,[Controller],[8],0,7,-1
122.000000,0,[Controller],[8],1,11,7
123.000000,1,[Controller],[8],0,2,-1
123.000000,1,[Controller],[8],0,7,-1
123.000000,0,[Tank;Tank],[8;8],0,3,-1
123.000000,0,[Tank],[12],1,7,2
123.000000,0,[Controller],[8],1,7,9
123.000000,0,[Controller],[8],0,7,-1
123.000000,0,[Controller],[8],1,11,7
124.000000,1,[Controller],[8],0,2,-1
124.000000,1,[Controller],[8],0,7,-1
124.000000,0,[Tank;Tank;Tank],[8;8;12],0,3,-1
124.000000,0,[Controller],[8],1,7,9
124.000000,0,[Controller],[8],0,7,-1
124.000000,0,[Controller],[8],1,11,7
125.000000,1,[Controller],[8],0,2,-1
125.000000,1,[Controller],[8],0,7,-1
125.000000,0,[Tank],[8],1,3,1
125.000000,0,[Tank;Tank],[8;12],0,3,-1
125.000000,0,[Controller],[8],1,7,9
125.000000,0,[Controller],[8],0,7,-1
125.000000,0,[Controller],[8],1,11,7
126.000000,1,[Controller],[8],0,2,-1
126.000000,1,[Controller],[7],0,3,-1
126.000000,1,[Controller],[8],0,7,-1
126.000000,0,[Tank],[8],1,3,1
126.000000,0,[Tank;Tank],[8;12],0,3,-1
126.000000,0,[Controller],[8],0,7,-1
126.000000,0,[Controller],[8],0,10,-1
126.000000,0,[Controller],[8],1,11,7
127.000000,1,[Controller],[8],0,2,-1
127.000000,1,[Controller],[7],0,3,-1
127.000000,1,[Tank],[12],0,10,-1
127.000000,0,[Tank],[8],1,3,1
127.000000,0,[Tank;Tank],[8;12],0,3,-1
127.000000,0,[Controller],[8],0,10,-1
127.000000,0,[Controller],[8],1,11,7
128.000000,1,[Controller;Striker],[8;2],0,2,-1
128.000000,1,[Controller],[5],0,3,-1
128.000000,1,[Tank],[12],0,10,-1
128.000000,0,[Tank],[8],1,3,1
128.000000,0,[Tank;Tank],[8;12],0,3,-1
128.000000,0,[Controller],[8],0,8,-1
128.000000,0,[Controller],[8],0,10,-1
129.000000,1,[Controller;Striker],[8;2],0,2,-1
129.000000,1,[Controller],[1],0,3,-1
129.000000,1,[Controller],[8],0,7,-1
129.000000,1,[Controller],[8],1,7,3
129.000000,1,[Tank],[12],0,10,-1
129.000000,0,[Striker;Tank],[8;8],0,2,-1
129.000000,0,[Tank],[8],0,3,-1
129.000000,0,[Tank],[12],1,3,6
129.000000,0,[Controller;Controller],[8;8],1,7,3
129.000000,0,[Controller],[8],0,8,-1
129.000000,0,[Controller],[8],0,10,-1
130.000000,1,[Controller;Striker],[8;1],0,2,-1
130.000000,1,[Controller],[8],0,7,-1
130.000000,1,[Controller],[8],1,7,3
130.000000,0,[Tank],[8],0,2,-1
130.000000,0,[Controller],[8],0,4,-1
130.000000,0,[Controller],[8],1,7,3
130.000000,0,[Controller],[8],0,8,-1
130.000000,0,[Controller],[8],0,10,-1
131.000000,1,[Controller;Striker],[8;1],0,2,-1
131.000000,1,[Controller],[8],0,7,-1
131.000000,1,[Controller],[8],1,7,3
131.000000,0,[Tank],[8],0,2,-1
131.000000,0,[Controller;Controller],[8;8],0,4,-1
131.000000,0,[Controller],[8],0,8,-1
131.000000,0,[Controller],[8],0,10,-1
132.000000,1,[Controller;Striker],[8;1],0,2,-1
132.000000,1,[Controller;Tank],[8;4],0,7,-1
132.000000,1,[Controller],[8],1,7,3
132.000000,0,[Tank],[8],0,2,-1
132.000000,0,[Controller],[8],0,4,-1
132.000000,0,[Controller],[8],0,10,-1
133.000000,1,[Controller],[8],0,2,-1
133.000000,1,[Controller],[8],0,4,-1
133.000000,1,[Controller;Tank],[8;4],0,7,-1
133.000000,1,[Striker],[8],0,11,-1
133.000000,0,[Tank],[8],0,2,-1
133.000000,0,[Controller],[8],0,4,-1
133.000000,0,[Controller],[8],1,10,10
134.000000,1,[Controller],[8],0,2,-1
134.000000,1,[Controller],[6],0,4,-1
134.000000,1,[Controller;Tank],[8;4],0,7,-1
134.000000,0,[Tank],[8],0,2,-1
134.000000,0,[Controller],[8],0,4,-1
134.000000,0,[Controller],[8],1,10,10
135.000000,1,[Controller],[8],0,2,-1
135.000000,1,[Controller],[4],0,4,-1
135.000000,1,[Controller],[8],1,7,3
135.000000,1,[Tank],[4],0,7,-1
135.000000,0,[Tank],[8],0,2,-1
135.000000,0,[Controller],[8],0,4,-1
135.000000,0,[Tank],[12],0,7,-1
135.000000,0,[Controller],[8],1,10,10
136.000000,1,[Controller],[8],0,2,-1
136.000000,1,[Controller],[3],0,4,-1
136.000000,1,[Controller],[8],1,7,3
136.000000,1,[Tank],[2],0,7,-1
136.000000,0,[Tank],[8],0,2,-1
136.000000,0,[Controller],[8],0,4,-1
136.000000,0,[Tank],[12],0,7,-1
136.000000,0,[Controller],[8],1,10,10
137.000000,1,[Controller],[7],0,2,-1
137.000000,1,[Controller],[1],0,4,-1
137.000000,1,[Controller],[8],1,7,3
137.000000,0,[Tank],[8],0,2,-1
137.000000,0,[Controller],[8],0,4,-1
137.000000,0,[Tank],[12],0,7,-1
137.000000,0,[Controller],[8],1,10,10
138.000000,1,[Controller],[7],0,2,-1
138.000000,1,[Controller],[8],1,7,3
138.000000,0,[Tank],[8],0,2,-1
138.000000,0,[Controller],[8],0,4,-1
138.000000,0,[Tank;Tank],[12;8],0,7,-1
138.000000,0,[Controller],[8],1,10,10
139.000000,1,[Controller],[7],0,2,-1
139.000000,1,[Controller],[8],0,4,-1
139.000000,1,[Tank],[8],0,6,-1
139.000000,0,[Tank],[7],0,2,-1
139.000000,0,[Controller],[8],0,4,-1
139.000000,0,[Tank;Tank],[12;8],0,7,-1
139.000000,0,[Controller],[8],0,11,-1
140.000000,1,[Controller],[6],0,2,-1
140.000000,1,[Controller],[8],0,4,-1
140.000000,1,[Tank],[8],0,6,-1
140.000000,0,[Tank],[7],0,2,-1
140.000000,0,[Controller],[8],1,4,6
140.000000,0,[Tank;Tank],[12;8],0,7,-1
140.000000,0,[Controller],[8],0,11,-1
141.000000,1,[Controller],[8],0,4,-1
141.000000,0,[Controller],[8],1,4,6
141.000000,0,[Tank;Tank],[12;8],0,7,-1
141.000000,0,[Controller],[8],0,11,-1
142.000000,1,[Controller],[8],0,4,-1
142.000000,1,[Tank],[12],0,10,-1
143.000000,1,[Controller],[8],0,4,-1
143.000000,1,[Tank],[12],0,10,-1
144.000000,1,[Controller],[8],0,4,-1
145.000000,1,[Controller],[8],0,4,-1
145.000000,0,[Controller],[8],0,11,-1
146.000000,0,[Tank],[8],0,10,-1
146.000000,0,[Controller],[8],1,11,7
146.000000,0,[Controller],[8],0,11,-1
147.000000,0,[Tank],[8],0,10,-1
147.000000,0,[Controller],[8],1,11,7
147.000000,0,[Controller],[8],0,11,-1
148.000000,1,[Controller],[5],1,5,7
148.000000,1,[Striker;Tank],[8;12],0,9,-1
148.000000,0,[Controller],[8],0,8,-1
148.000000,0,[Tank;Tank],[8;12],0,10,-1
148.000000,0,[Controller],[8],0,11,-1
149.000000,1,[Controller],[5],1,5,7
149.000000,1,[Striker],[8],1,9,9
149.000000,1,[Tank],[12],1,9,7
149.000000,0,[Controller],[8],0,8,-1
149.000000,0,[Tank;Tank],[8;12],0,10,-1
149.000000,0,[Controller],[8],0,11,-1
150.000000,1,[Controller],[8],1,4,2
150.000000,1,[Controller],[5],0,8,-1
150.000000,1,[Striker],[8],1,9,9
150.000000,1,[Tank],[12],1,9,7
150.000000,0,[Controller],[8],0,8,-1
150.000000,0,[Tank],[8],1,10,8
150.000000,0,[Tank],[12],0,10,-1
150.000000,0,[Controller],[8],0,11,-1
