0,player1,player2,status,focus
0.000000,1100,1100,0,13
1.000000,1100,1100,0,13
2.000000,1100,1100,0,13
3.000000,1100,1100,0,13
4.000000,1100,1100,0,13
5.000000,1100,1100,0,13
6.000000,1100,1108,0,13
7.000000,1116,1124,0,13
8.000000,1156,1156,0,13
9.000000,1188,1188,0,13
10.000000,1212,1236,0,16
11.000000,1236,1396,0,16
12.000000,1284,1516,0,16
13.000000,1516,1516,0,16
14.000000,1516,1500,0,16
15.000000,1540,1500,0,16
16.000000,1548,1500,0,16
17.000000,1556,1500,0,16
18.000000,1564,1500,0,16
19.000000,1556,1500,0,16
20.000000,1580,1497,0,0
21.000000,1588,1494,0,0
22.000000,1580,1492,0,0
23.000000,1604,1492,0,0
24.000000,1491,1492,0,0
25.000000,1468,1492,0,0
26.000000,1450,1492,0,0
27.000000,1432,1524,0,0
28.000000,1432,1547,0,0
29.000000,1432,1451,0,0
30.000000,1448,1461,0,2
31.000000,1472,1464,0,2
32.000000,1488,1470,0,2
33.000000,1616,1452,0,2
34.000000,1616,1480,0,2
35.000000,1616,1480,0,2
36.000000,1632,1460,0,2
37.000000,1648,1460,0,2
38.000000,1656,1452,0,2
39.000000,1536,1444,0,2
40.000000,1524,1428,0,20
41.000000,1512,1268,0,20
42.000000,1516,1236,0,20
43.000000,1416,1216,0,20
44.000000,1412,1206,0,20
45.000000,1428,1220,0,20
46.000000,1436,1240,0,20
47.000000,1556,1376,0,20
48.000000,1584,1384,0,20
49.000000,1599,1376,0,20
50.000000,1607,1376,0,5
51.000000,1614,1370,0,5
52.000000,1622,1362,0,5
53.000000,1622,1250,0,5
54.000000,1694,1236,0,5
55.000000,1789,1222,0,5
56.000000,1796,1202,0,5
57.000000,1800,1166,0,5
58.000000,1793,1154,0,5
59.000000,1793,1133,0,5
60.000000,1804,1123,0,24
61.000000,1823,1115,0,24
62.000000,1842,1114,0,24
63.000000,1861,1129,0,24
64.000000,1862,1126,0,24
65.000000,1948,1134,0,24
66.000000,1832,1154,0,24
67.000000,1832,1154,0,24
68.000000,1832,1138,0,24
69.000000,1850,1152,0,24
70.000000,1850,1176,0,22
71.000000,1978,1200,0,22
72.000000,1886,1324,0,22
73.000000,1996,1324,0,22
74.000000,1988,1324,0,22
75.000000,1864,1336,0,22
76.000000,1872,1348,0,22
77.000000,1868,1458,0,22
78.000000,1900,1458,0,22
79.000000,2019,1458,0,22
80.000000,2011,1458,0,23
81.000000,1995,1458,0,23
82.000000,1871,1458,0,23
83.000000,1863,1458,0,23
84.000000,1743,1458,0,23
85.000000,1739,1350,0,23
86.000000,1739,1350,0,23
87.000000,1739,1350,0,23
88.000000,1731,1350,0,23
89.000000,1711,1350,0,23
90.000000,1691,1349,0,3
91.000000,1671,1348,0,3
92.000000,1675,1356,0,3
93.000000,1691,1354,0,3
94.000000,1699,1353,0,3
95.000000,1595,1352,0,3
96.000000,1603,1352,0,3
97.000000,1595,1352,0,3
98.000000,1583,1460,0,3
99.000000,1575,1472,0,3
100.000000,1682,1480,0,15
101.000000,1698,1479,0,15
102.000000,1695,1476,0,15
103.000000,1703,1474,0,15
104.000000,1702,1472,0,15
105.000000,1710,953,0,15
106.000000,1722,814,0,15
107.000000,1850,792,0,15
108.000000,1870,770,0,15
109.000000,1878,748,0,15
110.000000,1886,726,0,12
111.000000,1784,710,0,12
112.000000,1794,706,0,12
113.000000,1816,706,0,12
114.000000,1826,706,0,12
115.000000,1945,705,0,12
116.000000,1936,704,0,12
117.000000,1945,704,0,12
118.000000,2036,704,0,12
119.000000,2024,718,0,12
120.000000,2028,620,0,4
121.000000,2032,612,0,4
122.000000,1922,604,0,4
123.000000,2016,612,0,4
124.000000,2014,620,0,4
125.000000,2020,628,0,4
126.000000,2026,640,0,4
127.000000,2016,640,0,4
128.000000,2006,638,0,4
129.000000,1514,638,0,4
130.000000,1514,623,0,5
131.000000,1514,609,0,5
132.000000,1524,609,0,5
133.000000,1518,611,0,5
134.000000,1606,612,0,5
135.000000,1493,614,0,5
136.000000,1375,616,0,5
137.000000,1370,618,0,5
138.000000,1259,630,0,5
139.000000,1268,1116,0,5
140.000000,1380,1092,0,9
141.000000,1389,1084,0,9
142.000000,1398,1076,0,9
143.000000,1300,1068,0,9
144.000000,1309,1060,0,9
145.000000,1814,1060,0,9
146.000000,1918,1072,0,9
147.000000,1815,1071,0,9
148.000000,1815,1069,0,9
149.000000,1814,1068,0,9
150.000000,1813,1066,1,8
