0,player1,player2,status,focus
0.000000,1100,1100,0,13
1.000000,1100,1100,0,13
2.000000,1100,1100,0,13
3.000000,1100,1100,0,13
4.000000,1100,1108,0,13
5.000000,1124,1124,0,13
6.000000,1156,1140,0,13
7.000000,1172,1148,0,13
8.000000,1300,1156,0,13
9.000000,1316,1172,0,13
10.000000,1348,1188,0,16
11.000000,1396,1204,0,16
12.000000,1428,1236,0,16
13.000000,1444,1372,0,16
14.000000,1460,1372,0,16
15.000000,1476,1372,0,16
16.000000,1492,1369,0,16
17.000000,1596,1373,0,16
18.000000,1596,1388,0,16
19.000000,1588,1412,0,16
20.000000,1580,1436,0,11
21.000000,1580,1556,0,11
22.000000,1580,1563,0,11
23.000000,1572,1567,0,11
24.000000,1562,1034,0,11
25.000000,1554,1012,0,11
26.000000,1546,1020,0,11
27.000000,1546,1036,0,11
28.000000,1544,1056,0,11
29.000000,1544,1075,0,11
30.000000,1536,1079,0,14
31.000000,1519,1086,0,14
32.000000,1502,1093,0,14
33.000000,1491,1125,0,14
34.000000,1491,1138,0,14
35.000000,1491,1250,0,14
36.000000,1491,1251,0,14
37.000000,1491,1239,0,14
38.000000,1527,1255,0,14
39.000000,1524,1271,0,14
40.000000,1522,1287,0,14
41.000000,1519,1303,0,14
42.000000,1516,1311,0,14
43.000000,1500,1327,0,14
44.000000,1484,1287,0,14
45.000000,1496,1335,0,14
46.000000,1496,1339,0,14
47.000000,1572,1343,0,14
48.000000,1680,1347,0,14
49.000000,1680,1335,0,14
50.000000,1680,1323,0,6
51.000000,1680,1323,0,6
52.000000,1678,1322,0,6
53.000000,1562,1338,0,6
54.000000,1544,1352,0,6
55.000000,1539,1466,0,6
56.000000,1538,1464,0,6
57.000000,1537,1464,0,6
58.000000,1420,1464,0,6
59.000000,1312,1464,0,6
60.000000,1304,1464,0,2
61.000000,788,1464,0,2
62.000000,760,1464,0,2
63.000000,732,1464,0,2
64.000000,716,1275,0,2
65.000000,788,1263,0,2
66.000000,884,1263,0,2
67.000000,868,1263,0,2
68.000000,736,1263,0,2
69.000000,712,1263,0,2
70.000000,680,1263,0,4
71.000000,648,1263,0,4
72.000000,616,1223,0,4
73.000000,616,1151,0,4
74.000000,616,1051,0,4
75.000000,600,951,0,4
76.000000,584,951,0,4
77.000000,568,951,0,4
78.000000,564,975,0,4
79.000000,548,989,0,4
80.000000,532,1010,0,12
81.000000,585,1000,0,12
82.000000,669,1112,0,12
83.000000,765,1124,0,12
84.000000,865,1124,0,12
85.000000,965,1124,0,12
86.000000,2488,1124,2,12
