0,player1,player2,status,focus
0.000000,1100,1100,0,19
1.000000,1100,1100,0,19
2.000000,1100,1100,0,19
3.000000,1100,1100,0,19
4.000000,1100,1100,0,19
5.000000,1124,1100,0,19
6.000000,1156,1108,0,19
7.000000,1172,1152,0,19
8.000000,1300,1188,0,19
9.000000,1316,1224,0,19
10.000000,1348,1364,0,23
11.000000,1396,1392,0,23
12.000000,1428,1500,0,23
13.000000,1444,1500,0,23
14.000000,1460,1500,0,23
15.000000,1476,1500,0,23
16.000000,1492,1500,0,23
17.000000,1580,1500,0,23
18.000000,1564,1500,0,23
19.000000,1548,1500,0,23
20.000000,1548,1500,0,24
21.000000,1546,1516,0,24
22.000000,1546,1532,0,24
23.000000,1545,1532,0,24
24.000000,1544,1532,0,24
25.000000,1539,1532,0,24
26.000000,1534,1564,0,24
27.000000,1527,1612,0,24
28.000000,1522,1748,0,24
29.000000,1516,1748,0,24
30.000000,1516,1748,0,18
31.000000,1516,1748,0,18
32.000000,1516,1764,0,18
33.000000,1516,1788,0,18
34.000000,1516,1812,0,18
35.000000,1516,1820,0,18
36.000000,1500,1828,0,18
37.000000,1484,1828,0,18
38.000000,1472,1796,0,18
39.000000,1472,1820,0,18
40.000000,1472,1844,0,11
41.000000,1472,1884,0,11
42.000000,1472,1996,0,11
43.000000,1472,1996,0,11
44.000000,1472,1856,0,11
45.000000,1472,1856,0,11
46.000000,1472,1856,0,11
47.000000,1472,1856,0,11
48.000000,1468,1858,0,11
49.000000,1352,1858,0,11
50.000000,1336,1857,0,2
51.000000,1320,1862,0,2
52.000000,1304,1860,0,2
53.000000,1328,1863,0,2
54.000000,1328,1875,0,2
55.000000,1320,1857,0,2
56.000000,1320,1872,0,2
57.000000,1320,1903,0,2
58.000000,1320,2035,0,2
59.000000,812,2057,0,2
60.000000,804,2163,0,24
61.000000,796,2162,0,24
62.000000,788,2160,0,24
63.000000,780,2158,0,24
64.000000,772,2174,0,24
65.000000,748,2285,0,24
66.000000,724,2285,0,24
67.000000,708,2085,0,24
68.000000,788,2097,0,24
69.000000,904,2113,0,24
70.000000,796,2129,0,1
71.000000,788,2161,0,1
72.000000,780,2177,0,1
73.000000,772,2177,0,1
74.000000,764,1661,0,1
75.000000,756,1597,0,1
76.000000,748,1497,0,1
77.000000,740,1397,0,1
78.000000,732,1297,0,1
79.000000,724,1197,0,1
80.000000,804,1177,0,5
81.000000,904,1177,0,5
82.000000,1004,1201,0,5
83.000000,1104,1225,0,5
84.000000,1204,1237,0,5
85.000000,2724,1256,2,5
