0,player1,player2,status,focus
0.000000,1100,1100,0,21
1.000000,1100,1100,0,21
2.000000,1100,1100,0,21
3.000000,1100,1100,0,21
4.000000,1108,1100,0,21
5.000000,1116,1100,0,21
6.000000,1124,1108,0,21
7.000000,1132,1124,0,21
8.000000,1156,1148,0,21
9.000000,1196,1180,0,21
10.000000,1228,1212,0,15
11.000000,1260,1260,0,15
12.000000,1380,1388,0,15
13.000000,1404,1500,0,15
14.000000,1420,1500,0,15
15.000000,1524,1516,0,15
16.000000,1532,1540,0,15
17.000000,1556,1564,0,15
18.000000,1564,1580,0,15
19.000000,1572,1594,0,15
20.000000,1588,1692,0,22
21.000000,1612,1700,0,22
22.000000,1636,1700,0,22
23.000000,1748,1700,0,22
24.000000,1748,1708,0,22
25.000000,1748,1716,0,22
26.000000,1756,1716,0,22
27.000000,1764,1716,0,22
28.000000,1772,1708,0,22
29.000000,1788,1700,0,22
30.000000,1804,1692,0,6
31.000000,1688,1700,0,6
32.000000,1672,1708,0,6
33.000000,1656,1716,0,6
34.000000,1656,1724,0,6
35.000000,1640,1732,0,6
36.000000,1608,1632,0,6
37.000000,1604,1628,0,6
38.000000,1608,1616,0,6
39.000000,1624,1608,0,6
40.000000,1632,1616,0,12
41.000000,1632,1624,0,12
42.000000,1631,1632,0,12
43.000000,1647,1744,0,12
44.000000,1767,1752,0,12
45.000000,1779,1760,0,12
46.000000,1775,1768,0,12
47.000000,1778,1772,0,12
48.000000,1886,1788,0,12
49.000000,1884,1788,0,12
50.000000,1884,1788,0,7
51.000000,1776,1788,0,7
52.000000,1768,1788,0,7
53.000000,1760,1788,0,7
54.000000,1760,1788,0,7
55.000000,1760,1788,0,7
56.000000,1760,1796,0,7
57.000000,1760,1804,0,7
58.000000,1760,1911,0,7
59.000000,1760,1911,0,7
60.000000,1760,1909,0,8
61.000000,1637,1900,0,8
62.000000,1614,1890,0,8
63.000000,1618,1886,0,8
64.000000,1766,1778,0,8
65.000000,1782,1770,0,8
66.000000,1775,1770,0,8
67.000000,1767,1771,0,8
68.000000,1767,1778,0,8
69.000000,1766,1785,0,8
70.000000,1763,1661,0,17
71.000000,1763,1637,0,17
72.000000,1779,1595,0,17
73.000000,1896,1695,0,17
74.000000,1900,1683,0,17
75.000000,1915,1681,0,17
76.000000,1929,1681,0,17
77.000000,1835,1681,0,17
78.000000,1835,1681,0,17
79.000000,1835,1678,0,17
80.000000,1830,1677,0,21
81.000000,1824,1543,0,21
82.000000,1819,1526,0,21
83.000000,1819,1530,0,21
84.000000,1819,1551,0,21
85.000000,1703,1551,0,21
86.000000,1713,1563,0,21
87.000000,1754,1673,0,21
88.000000,1852,1673,0,21
89.000000,1834,1674,0,21
90.000000,1828,1690,0,2
91.000000,1706,1690,0,2
92.000000,1687,1690,0,2
93.000000,1676,1688,0,2
94.000000,1657,1688,0,2
95.000000,1641,1672,0,2
96.000000,1625,1671,0,2
97.000000,1625,1670,0,2
98.000000,1641,1670,0,2
99.000000,1751,1670,0,2
100.000000,1767,1554,0,7
101.000000,1664,1538,0,7
102.000000,1677,1530,0,7
103.000000,1688,1522,0,7
104.000000,1707,1522,0,7
105.000000,1911,1538,0,7
106.000000,1897,1542,0,7
107.000000,1897,1546,0,7
108.000000,1897,1553,0,7
109.000000,1897,1544,0,7
110.000000,1781,1551,0,6
111.000000,1765,1558,0,6
112.000000,1749,1565,0,6
113.000000,1733,1568,0,6
114.000000,1717,1568,0,6
115.000000,1717,1569,0,6
116.000000,1717,1491,0,6
117.000000,1713,1505,0,6
118.000000,1579,1605,0,6
119.000000,1572,1596,0,6
120.000000,1572,1582,0,20
121.000000,1580,1076,0,20
122.000000,1688,1086,0,20
123.000000,1572,1096,0,20
124.000000,1556,1106,0,20
125.000000,1540,1116,0,20
126.000000,1524,1016,0,20
127.000000,1508,1556,0,20
128.000000,1490,1570,0,20
129.000000,1490,1658,0,20
130.000000,1490,1624,0,11
131.000000,1490,1592,0,11
132.000000,1490,1560,0,11
133.000000,1506,1559,0,11
134.000000,1522,1557,0,11
135.000000,1538,1555,0,11
136.000000,1554,1552,0,11
137.000000,1570,1443,0,11
138.000000,1586,1422,0,11
139.000000,1577,898,0,11
140.000000,1453,873,0,16
141.000000,1440,852,0,16
142.000000,1435,864,0,16
143.000000,1438,980,0,16
144.000000,1445,988,0,16
145.000000,1452,990,0,16
146.000000,1495,886,0,16
147.000000,1542,870,0,16
148.000000,1763,842,0,16
149.000000,1867,814,0,16
150.000000,1867,794,1,7
