0,player,unitTypes,unitCount,status,node1,node2
11.000000,1,[Striker],[8],0,6,-1
11.000000,0,[Striker],[8],0,6,-1
12.000000,1,[Striker],[8],0,6,-1
12.000000,0,[Striker],[8],0,6,-1
14.000000,1,[Striker],[8],0,5,-1
15.000000,1,[Striker],[8],0,5,-1
15.000000,0,[Striker;Striker],[8;8],0,7,-1
16.000000,1,[Striker],[8],0,5,-1
16.000000,0,[Striker;Striker;Tank],[8;8;12],0,7,-1
17.000000,1,[Striker],[8],0,5,-1
17.000000,0,[Striker;Tank],[8;12],0,7,-1
18.000000,1,[Striker],[8],0,5,-1
18.000000,0,[Striker;Tank],[8;12],0,7,-1
19.000000,1,[Striker],[8],0,5,-1
19.000000,1,[Tank],[8],0,7,-1
19.000000,0,[Striker;Tank],[8;12],0,7,-1
20.000000,1,[Striker;Tank],[8;8],0,5,-1
20.000000,1,[Tank],[8],0,7,-1
20.000000,0,[Striker;Tank],[8;12],0,7,-1
21.000000,1,[Striker;Tank],[8;8],0,5,-1
21.000000,1,[Tank],[8],0,7,-1
21.000000,1,[Striker;Controller],[8;8],0,9,-1
21.000000,1,[Tank;Tank;Striker],[8;12;7],1,9,6
21.000000,1,[Striker],[8],1,9,4
21.000000,0,[Striker],[8],0,7,-1
21.000000,0,[Tank],[12],1,7,8
22.000000,1,[Striker;Tank],[8;8],0,5,-1
22.000000,1,[Tank],[8],0,7,-1
22.000000,1,[Striker;Controller],[8;8],0,9,-1
22.000000,1,[Tank;Tank;Striker],[8;12;7],1,9,6
22.000000,1,[Striker],[8],1,9,4
22.000000,0,[Striker],[8],0,7,-1
22.000000,0,[Tank],[12],1,7,8
23.000000,1,[Striker],[8],1,5,2
23.000000,1,[Tank;Striker],[8;8],0,5,-1
23.000000,1,[Tank;Tank],[8;8],0,7,-1
23.000000,1,[Striker],[8],0,9,-1
23.000000,1,[Tank;Striker],[12;7],1,9,6
23.000000,0,[Striker],[8],1,3,6
23.000000,0,[Striker],[8],1,7,9
23.000000,0,[Tank],[12],1,7,8
24.000000,1,[Striker],[8],1,5,2
24.000000,1,[Tank],[8],0,5,-1
24.000000,1,[Striker],[8],1,5,8
24.000000,1,[Tank;Tank;Striker],[8;8;7],0,7,-1
24.000000,1,[Striker],[8],0,9,-1
24.000000,1,[Tank],[12],1,9,6
24.000000,0,[Striker],[8],1,3,6
24.000000,0,[Controller],[8],0,3,-1
24.000000,0,[Striker],[8],1,7,9
24.000000,0,[Tank],[12],1,7,8
25.000000,1,[Striker;Tank],[8;8],1,5,2
25.000000,1,[Striker],[8],1,5,8
25.000000,1,[Tank;Tank;Striker;Tank],[8;8;7;12],0,7,-1
25.000000,1,[Striker],[8],0,9,-1
25.000000,0,[Striker],[8],1,3,6
25.000000,0,[Controller],[8],0,3,-1
25.000000,0,[Tank],[12],1,7,8
25.000000,0,[Striker],[8],0,10,-1
26.000000,1,[Striker],[8],0,3,-1
26.000000,1,[Tank],[8],1,5,2
26.000000,1,[Striker],[8],1,5,8
26.000000,1,[Tank;Tank;Striker;Tank],[8;8;7;12],0,7,-1
26.000000,1,[Striker],[8],0,9,-1
26.000000,0,[Controller],[8],0,3,-1
26.000000,0,[Tank],[12],1,7,8
26.000000,0,[Striker],[8],0,7,-1
26.000000,0,[Striker],[8],0,10,-1
27.000000,1,[Striker],[8],0,3,-1
27.000000,1,[Tank],[8],1,5,2
27.000000,1,[Controller],[8],0,5,-1
27.000000,1,[Tank;Striker],[8;7],0,7,-1
27.000000,1,[Tank],[8],1,7,3
27.000000,1,[Tank],[12],1,7,8
27.000000,1,[Striker;Striker],[8;8],0,9,-1
27.000000,1,[Controller],[8],0,10,-1
27.000000,0,[Controller;Striker],[8;8],0,3,-1
27.000000,0,[Striker],[8],0,7,-1
27.000000,0,[Tank],[12],0,9,-1
27.000000,0,[Striker],[8],0,10,-1
28.000000,1,[Striker],[8],1,3,4
28.000000,1,[Tank],[8],1,5,2
28.000000,1,[Controller],[8],0,5,-1
28.000000,1,[Tank;Striker],[8;7],0,7,-1
28.000000,1,[Tank],[8],1,7,3
28.000000,1,[Tank],[12],1,7,8
28.000000,1,[Striker],[8],0,9,-1
28.000000,1,[Striker],[8],1,9,6
28.000000,1,[Controller],[8],0,10,-1
28.000000,0,[Controller;Striker],[8;8],0,3,-1
28.000000,0,[Striker],[8],0,7,-1
28.000000,0,[Tank],[12],0,9,-1
28.000000,0,[Striker],[8],0,10,-1
29.000000,1,[Striker],[8],1,3,4
29.000000,1,[Tank],[8],1,5,2
29.000000,1,[Tank;Striker],[8;7],0,7,-1
29.000000,1,[Tank],[8],1,7,3
29.000000,1,[Tank],[12],1,7,8
29.000000,1,[Striker],[8],0,9,-1
29.000000,1,[Striker],[8],1,9,6
29.000000,1,[Controller],[8],0,10,-1
29.000000,0,[Controller;Striker],[8;8],0,3,-1
29.000000,0,[Striker],[8],0,7,-1
29.000000,0,[Tank],[12],0,9,-1
29.000000,0,[Striker],[8],0,10,-1
30.000000,1,[Striker],[8],1,3,4
30.000000,1,[Tank],[8],1,5,2
30.000000,1,[Tank;Tank],[8;12],1,7,8
30.000000,1,[Tank],[8],1,7,3
30.000000,1,[Striker],[5],0,7,-1
30.000000,1,[Striker],[8],0,9,-1
30.000000,1,[Striker],[8],1,9,6
30.000000,1,[Controller],[8],0,10,-1
30.000000,0,[Controller],[8],1,3,4
30.000000,0,[Striker;Controller],[8;8],0,3,-1
30.000000,0,[Striker],[8],0,7,-1
30.000000,0,[Tank],[12],0,9,-1
30.000000,0,[Striker],[8],0,10,-1
31.000000,1,[Tank],[8],0,3,-1
31.000000,1,[Tank],[8],0,4,-1
31.000000,1,[Striker],[8],0,5,-1
31.000000,1,[Striker;Striker],[3;8],0,7,-1
31.000000,1,[Controller],[8],0,10,-1
31.000000,0,[Controller],[8],1,3,4
31.000000,0,[Striker;Controller],[8;8],0,3,-1
31.000000,0,[Striker],[8],0,7,-1
31.000000,0,[Tank],[12],1,9,9
31.000000,0,[Striker],[8],0,10,-1
32.000000,1,[Tank],[8],1,3,4
32.000000,1,[Tank],[8],0,4,-1
32.000000,1,[Striker],[8],0,5,-1
32.000000,1,[Striker;Striker],[3;8],0,7,-1
32.000000,1,[Controller],[8],0,10,-1
32.000000,0,[Controller],[8],0,5,-1
32.000000,0,[Striker],[8],0,7,-1
32.000000,0,[Tank],[12],1,9,9
32.000000,0,[Striker],[8],1,10,6
33.000000,1,[Tank],[8],1,3,4
33.000000,1,[Tank],[8],0,4,-1
33.000000,1,[Striker],[8],0,5,-1
33.000000,1,[Striker;Striker],[2;8],0,7,-1
33.000000,1,[Controller],[8],0,10,-1
33.000000,0,[Striker],[8],0,7,-1
33.000000,0,[Tank],[12],1,9,9
33.000000,0,[Striker],[8],1,10,6
34.000000,1,[Tank],[8],1,3,4
34.000000,1,[Tank],[8],0,4,-1
34.000000,1,[Striker],[8],0,5,-1
34.000000,1,[Striker],[1],0,7,-1
34.000000,1,[Striker],[8],1,7,2
34.000000,1,[Controller],[8],0,10,-1
34.000000,0,[Controller;Controller],[8;8],1,3,4
34.000000,0,[Striker],[8],1,3,3
34.000000,0,[Striker],[8],0,5,-1
34.000000,0,[Striker;Striker],[6;8],0,7,-1
34.000000,0,[Tank],[12],1,9,9
35.000000,1,[Tank],[8],1,3,4
35.000000,1,[Tank],[8],0,4,-1
35.000000,1,[Striker],[8],0,5,-1
35.000000,1,[Striker],[8],1,7,2
35.000000,1,[Controller],[8],0,10,-1
35.000000,0,[Controller;Controller],[8;8],1,3,4
35.000000,0,[Striker],[8],1,3,3
35.000000,0,[Controller],[8],0,4,-1
35.000000,0,[Striker],[8],0,5,-1
35.000000,0,[Striker;Striker],[6;8],0,7,-1
35.000000,0,[Tank],[12],0,10,-1
36.000000,1,[Tank],[8],1,3,4
36.000000,1,[Tank],[8],0,4,-1
36.000000,1,[Striker],[7],1,5,1
36.000000,1,[Striker],[8],1,7,2
36.000000,0,[Tank],[8],1,2,2
36.000000,0,[Controller],[8],1,3,4
36.000000,0,[Controller;Striker],[8;8],0,4,-1
36.000000,0,[Controller],[8],1,5,1
36.000000,0,[Striker;Controller],[7;8],0,5,-1
36.000000,0,[Striker;Striker],[6;8],0,7,-1
36.000000,0,[Tank],[12],1,10,6
37.000000,1,[Tank],[8],1,3,4
37.000000,1,[Striker],[8],0,3,-1
37.000000,1,[Tank],[8],0,4,-1
37.000000,1,[Striker],[7],1,5,1
37.000000,1,[Striker;Tank],[8;8],0,9,-1
37.000000,1,[Tank],[12],1,9,6
37.000000,1,[Controller],[8],0,10,-1
37.000000,0,[Tank],[8],1,2,2
37.000000,0,[Controller],[8],0,2,-1
37.000000,0,[Controller],[8],1,3,4
37.000000,0,[Controller],[8],0,4,-1
37.000000,0,[Striker],[8],1,4,2
37.000000,0,[Striker],[7],1,5,1
37.000000,0,[Controller],[8],1,5,8
37.000000,0,[Striker],[6],1,7,9
37.000000,0,[Striker],[8],0,7,-1
37.000000,0,[Tank],[12],1,10,6
38.000000,1,[Striker],[7],0,2,-1
38.000000,1,[Tank],[8],0,4,-1
38.000000,1,[Controller;Tank],[8;8],0,5,-1
38.000000,1,[Tank],[12],1,9,6
38.000000,1,[Tank],[8],0,9,-1
38.000000,0,[Controller],[8],0,2,-1
38.000000,0,[Controller],[8],0,4,-1
38.000000,0,[Striker],[7],1,5,1
38.000000,0,[Controller],[8],1,5,8
38.000000,0,[Striker],[6],1,7,9
38.000000,0,[Striker],[8],1,7,8
38.000000,0,[Tank],[12],1,10,6
39.000000,1,[Striker],[7],0,2,-1
39.000000,1,[Tank],[8],0,4,-1
39.000000,1,[Controller;Tank;Controller],[8;8;8],0,5,-1
39.000000,1,[Tank],[12],1,9,6
39.000000,1,[Tank],[8],0,9,-1
39.000000,0,[Controller],[8],1,2,4
39.000000,0,[Striker],[7],0,2,-1
39.000000,0,[Controller;Tank],[8;8],0,4,-1
39.000000,0,[Controller],[8],1,5,8
39.000000,0,[Controller],[8],0,5,-1
39.000000,0,[Striker],[8],1,7,8
39.000000,0,[Tank],[12],1,10,6
39.000000,0,[Striker],[6],0,10,-1
40.000000,1,[Striker],[4],1,2,0
40.000000,1,[Tank],[8],0,4,-1
40.000000,1,[Controller;Tank;Controller],[8;8;8],0,5,-1
40.000000,1,[Tank],[12],0,7,-1
40.000000,1,[Tank],[8],0,9,-1
40.000000,0,[Tank],[8],0,1,-1
40.000000,0,[Controller],[8],0,4,-1
40.000000,0,[Controller],[8],1,5,8
40.000000,0,[Controller],[8],0,5,-1
40.000000,0,[Striker],[8],1,7,8
40.000000,0,[Tank],[12],0,7,-1
40.000000,0,[Striker],[6],0,10,-1
41.000000,1,[Striker],[4],1,2,0
41.000000,1,[Tank],[8],0,4,-1
41.000000,1,[Controller],[8],1,5,2
41.000000,1,[Tank;Controller],[8;8],0,5,-1
41.000000,1,[Tank],[12],1,7,3
41.000000,1,[Tank],[8],0,9,-1
41.000000,0,[Tank],[8],0,1,-1
41.000000,0,[Striker],[8],0,3,-1
41.000000,0,[Controller],[8],1,4,0
41.000000,0,[Tank],[8],1,4,2
41.000000,0,[Controller;Controller],[8;8],1,5,8
41.000000,0,[Striker],[8],0,9,-1
41.000000,0,[Striker],[6],0,10,-1
42.000000,1,[Striker],[4],1,2,0
42.000000,1,[Tank],[8],0,4,-1
42.000000,1,[Controller],[8],1,5,2
42.000000,1,[Tank;Controller],[8;8],0,5,-1
42.000000,1,[Tank],[12],1,7,3
42.000000,1,[Tank],[8],0,9,-1
42.000000,0,[Tank],[8],0,1,-1
42.000000,0,[Striker],[8],0,3,-1
42.000000,0,[Controller],[8],1,4,0
42.000000,0,[Tank],[8],1,4,2
42.000000,0,[Controller;Controller],[8;8],1,5,8
42.000000,0,[Striker],[7],1,9,9
42.000000,0,[Striker],[6],0,10,-1
43.000000,1,[Striker],[4],0,1,-1
43.000000,1,[Tank],[8],0,4,-1
43.000000,1,[Controller;Controller],[8;8],1,5,2
43.000000,1,[Tank],[8],1,5,8
43.000000,1,[Tank],[12],1,7,3
43.000000,1,[Tank],[8],0,9,-1
43.000000,0,[Tank],[8],0,1,-1
43.000000,0,[Striker],[8],0,3,-1
43.000000,0,[Controller],[8],1,4,0
43.000000,0,[Tank],[8],1,4,2
43.000000,0,[Controller],[8],1,5,8
43.000000,0,[Controller],[8],0,5,-1
43.000000,0,[Striker],[7],1,9,9
43.000000,0,[Controller],[8],0,9,-1
43.000000,0,[Striker],[6],0,10,-1
44.000000,1,[Striker],[2],0,1,-1
44.000000,1,[Tank],[8],0,4,-1
44.000000,1,[Controller;Controller],[8;8],1,5,2
44.000000,1,[Tank],[8],1,5,8
44.000000,1,[Tank],[12],1,7,3
44.000000,0,[Tank],[8],0,1,-1
44.000000,0,[Striker;Tank],[8;8],0,3,-1
44.000000,0,[Controller],[8],1,4,0
44.000000,0,[Controller],[8],1,5,8
44.000000,0,[Controller],[8],0,5,-1
44.000000,0,[Controller],[8],0,9,-1
44.000000,0,[Striker;Striker],[6;7],0,10,-1
45.000000,1,[Striker],[2],0,1,-1
45.000000,1,[Tank;Tank],[8;12],0,4,-1
45.000000,1,[Controller;Controller],[8;8],1,5,2
45.000000,1,[Tank],[8],1,5,8
45.000000,0,[Tank],[8],0,1,-1
45.000000,0,[Striker;Tank],[8;8],0,3,-1
45.000000,0,[Controller],[8],1,4,0
45.000000,0,[Controller],[8],1,5,8
45.000000,0,[Controller],[8],0,9,-1
45.000000,0,[Striker;Striker],[6;7],0,10,-1
46.000000,1,[Tank],[8],0,4,-1
46.000000,1,[Tank],[12],1,4,0
46.000000,1,[Controller;Controller],[8;8],1,5,2
46.000000,1,[Tank],[8],1,5,8
46.000000,0,[Tank],[8],0,1,-1
46.000000,0,[Striker;Tank;Striker],[8;8;7],0,3,-1
46.000000,0,[Controller],[8],1,4,0
46.000000,0,[Controller],[8],1,5,8
46.000000,0,[Controller],[8],0,9,-1
46.000000,0,[Striker;Striker],[6;7],0,10,-1
47.000000,1,[Controller],[8],0,3,-1
47.000000,1,[Tank],[8],1,4,6
47.000000,1,[Tank],[12],1,4,0
47.000000,1,[Tank],[8],1,5,8
47.000000,1,[Controller],[8],1,5,2
47.000000,1,[Striker],[8],0,9,-1
47.000000,1,[Controller;Controller],[8;8],0,11,-1
47.000000,0,[Tank;Controller],[8;8],0,1,-1
47.000000,0,[Striker;Tank;Striker],[8;8;7],0,3,-1
47.000000,0,[Controller;Controller],[8;8],0,9,-1
47.000000,0,[Striker],[6],0,10,-1
47.000000,0,[Striker],[7],1,10,10
48.000000,1,[Controller],[8],0,3,-1
48.000000,1,[Tank],[8],1,4,6
48.000000,1,[Tank],[12],1,4,0
48.000000,1,[Tank],[8],1,5,8
48.000000,1,[Controller],[8],1,5,2
48.000000,1,[Striker],[8],0,8,-1
48.000000,1,[Striker],[8],1,9,7
48.000000,1,[Controller;Controller],[8;8],0,11,-1
48.000000,0,[Controller],[8],0,1,-1
48.000000,0,[Striker;Tank],[8;8],0,3,-1
48.000000,0,[Striker],[7],1,3,4
48.000000,0,[Controller],[8],0,9,-1
48.000000,0,[Controller],[8],1,9,7
48.000000,0,[Striker],[6],0,10,-1
48.000000,0,[Striker],[7],1,10,10
49.000000,1,[Controller;Controller],[8;8],0,3,-1
49.000000,1,[Tank],[8],1,4,6
49.000000,1,[Tank],[12],1,4,0
49.000000,1,[Striker],[8],0,8,-1
49.000000,1,[Striker],[8],1,9,7
49.000000,1,[Tank],[8],0,9,-1
49.000000,1,[Controller],[8],0,11,-1
49.000000,0,[Controller],[8],0,1,-1
49.000000,0,[Striker;Tank],[8;8],0,3,-1
49.000000,0,[Striker],[7],1,3,4
49.000000,0,[Controller],[8],0,9,-1
49.000000,0,[Controller],[8],1,9,7
49.000000,0,[Striker;Striker],[6;7],1,10,10
50.000000,1,[Controller;Controller],[8;8],0,3,-1
50.000000,1,[Tank],[8],1,4,6
50.000000,1,[Tank],[12],1,4,0
50.000000,1,[Striker;Striker],[8;8],0,8,-1
50.000000,1,[Tank],[8],0,9,-1
50.000000,1,[Controller],[8],0,11,-1
50.000000,0,[Controller],[8],0,1,-1
50.000000,0,[Striker;Tank],[8;8],0,3,-1
50.000000,0,[Striker],[7],1,3,4
50.000000,0,[Controller],[8],0,9,-1
50.000000,0,[Controller],[8],1,9,7
50.000000,0,[Striker],[6],1,10,10
50.000000,0,[Striker],[7],0,11,-1
51.000000,1,[Controller],[8],0,3,-1
51.000000,1,[Tank],[12],1,4,0
51.000000,1,[Tank],[8],0,7,-1
51.000000,1,[Striker;Striker],[8;8],0,8,-1
51.000000,0,[Controller],[8],0,1,-1
51.000000,0,[Striker],[8],0,3,-1
51.000000,0,[Tank],[8],1,3,4
51.000000,0,[Striker],[7],0,5,-1
51.000000,0,[Controller;Controller],[8;8],1,9,7
51.000000,0,[Striker],[6],1,10,10
51.000000,0,[Striker],[7],0,11,-1
52.000000,1,[Tank],[12],0,1,-1
52.000000,1,[Controller],[8],0,3,-1
52.000000,1,[Tank],[8],1,7,3
52.000000,1,[Striker;Striker],[8;8],0,8,-1
52.000000,0,[Controller],[8],0,1,-1
52.000000,0,[Striker],[7],0,3,-1
52.000000,0,[Tank],[8],1,3,4
52.000000,0,[Tank],[12],1,4,0
52.000000,0,[Striker],[7],1,5,2
52.000000,0,[Controller],[8],0,8,-1
52.000000,0,[Controller],[8],1,9,7
52.000000,0,[Striker;Striker],[7;6],0,11,-1
53.000000,1,[Tank],[12],0,1,-1
53.000000,1,[Controller],[8],0,3,-1
53.000000,1,[Tank],[8],1,7,3
53.000000,1,[Striker;Striker],[8;8],0,8,-1
53.000000,0,[Controller],[8],0,1,-1
53.000000,0,[Striker],[6],0,3,-1
53.000000,0,[Tank],[8],1,3,4
53.000000,0,[Tank],[12],1,4,0
53.000000,0,[Striker],[7],1,5,2
53.000000,0,[Controller],[8],0,8,-1
53.000000,0,[Controller],[8],1,9,7
53.000000,0,[Striker;Striker],[7;6],0,11,-1
54.000000,1,[Tank],[12],0,1,-1
54.000000,1,[Controller],[8],0,3,-1
54.000000,1,[Tank],[8],1,7,3
54.000000,1,[Striker;Striker],[8;8],0,8,-1
54.000000,0,[Controller],[8],0,1,-1
54.000000,0,[Tank],[8],1,3,4
54.000000,0,[Tank],[12],1,4,0
54.000000,0,[Striker],[7],1,5,2
54.000000,0,[Controller],[7],0,8,-1
54.000000,0,[Controller],[8],1,9,7
54.000000,0,[Striker;Striker],[7;6],0,11,-1
55.000000,1,[Tank],[12],0,1,-1
55.000000,1,[Controller;Tank],[8;8],0,3,-1
55.000000,1,[Tank],[8],1,7,3
55.000000,1,[Striker;Striker],[8;8],0,8,-1
55.000000,1,[Controller],[8],0,10,-1
55.000000,1,[Controller],[8],1,11,9
55.000000,0,[Controller],[8],0,1,-1
55.000000,0,[Tank],[8],1,3,4
55.000000,0,[Striker],[7],0,3,-1
55.000000,0,[Tank],[12],1,4,0
55.000000,0,[Controller;Controller],[3;8],0,8,-1
55.000000,0,[Striker],[7],1,11,9
55.000000,0,[Striker],[6],0,11,-1
56.000000,1,[Tank],[12],0,1,-1
56.000000,1,[Controller;Tank],[8;8],0,3,-1
56.000000,1,[Tank],[8],0,4,-1
56.000000,1,[Striker;Striker],[8;8],0,8,-1
56.000000,1,[Controller],[8],0,10,-1
56.000000,1,[Controller],[8],1,11,9
56.000000,0,[Tank],[12],0,1,-1
56.000000,0,[Tank],[8],1,3,4
56.000000,0,[Striker],[6],0,3,-1
56.000000,0,[Controller],[2],0,8,-1
56.000000,0,[Controller],[8],1,8,4
56.000000,0,[Striker],[7],1,11,9
56.000000,0,[Striker],[6],0,11,-1
57.000000,1,[Tank],[12],0,1,-1
57.000000,1,[Controller;Tank],[8;8],0,3,-1
57.000000,1,[Tank],[8],1,4,0
57.000000,1,[Controller;Controller],[8;8],0,10,-1
57.000000,0,[Tank],[12],0,1,-1
57.000000,0,[Striker],[6],0,3,-1
57.000000,0,[Tank],[8],0,5,-1
57.000000,0,[Striker],[6],0,7,-1
57.000000,0,[Controller],[8],1,8,4
57.000000,0,[Striker],[7],1,11,9
57.000000,0,[Striker],[6],0,11,-1
58.000000,1,[Tank],[12],0,1,-1
58.000000,1,[Controller],[7],1,3,1
58.000000,1,[Tank],[8],0,3,-1
58.000000,1,[Tank],[8],1,4,0
58.000000,1,[Controller],[8],1,10,10
58.000000,1,[Controller],[8],0,10,-1
58.000000,0,[Controller],[8],1,1,1
58.000000,0,[Tank;Controller],[12;8],0,1,-1
58.000000,0,[Tank],[8],0,2,-1
58.000000,0,[Tank],[8],0,3,-1
58.000000,0,[Tank],[8],1,5,2
58.000000,0,[Striker],[6],0,7,-1
58.000000,0,[Controller],[8],1,8,4
58.000000,0,[Striker],[7],0,10,-1
58.000000,0,[Striker],[6],0,11,-1
59.000000,1,[Tank],[12],0,1,-1
59.000000,1,[Controller],[7],1,3,1
59.000000,1,[Tank],[8],1,3,6
59.000000,1,[Tank],[8],1,4,0
59.000000,1,[Controller],[8],1,10,10
59.000000,1,[Controller],[8],0,10,-1
59.000000,0,[Controller],[8],1,1,1
59.000000,0,[Tank;Controller],[12;8],0,1,-1
59.000000,0,[Tank],[8],0,2,-1
59.000000,0,[Striker],[6],0,7,-1
59.000000,0,[Controller],[8],1,8,4
59.000000,0,[Striker],[5],0,10,-1
59.000000,0,[Striker],[6],0,11,-1
60.000000,1,[Tank],[12],0,1,-1
60.000000,1,[Controller],[7],1,3,1
60.000000,1,[Tank],[8],1,3,6
60.000000,1,[Tank],[8],1,4,0
60.000000,1,[Controller],[8],1,10,10
60.000000,0,[Controller],[8],1,1,1
60.000000,0,[Tank;Controller],[12;8],0,1,-1
60.000000,0,[Tank],[8],0,2,-1
60.000000,0,[Controller],[8],0,5,-1
60.000000,0,[Striker],[6],0,7,-1
60.000000,0,[Striker],[2],0,10,-1
60.000000,0,[Striker],[6],0,11,-1
61.000000,1,[Tank],[12],0,1,-1
61.000000,1,[Controller],[7],1,3,1
61.000000,1,[Tank],[8],1,3,6
61.000000,1,[Tank],[8],1,4,0
61.000000,1,[Striker],[8],1,8,10
61.000000,1,[Striker],[8],0,8,-1
61.000000,1,[Tank],[8],1,9,6
61.000000,1,[Controller],[8],1,10,10
61.000000,1,[Controller],[8],1,10,8
61.000000,0,[Controller],[8],1,1,1
61.000000,0,[Tank;Controller],[12;8],0,1,-1
61.000000,0,[Tank],[8],0,2,-1
61.000000,0,[Tank],[8],1,3,6
61.000000,0,[Tank],[8],1,5,2
61.000000,0,[Controller],[8],1,5,7
61.000000,0,[Striker],[6],1,7,8
61.000000,0,[Striker],[2],0,10,-1
61.000000,0,[Striker],[6],0,11,-1
62.000000,1,[Tank],[12],1,1,1
62.000000,1,[Controller],[7],0,2,-1
62.000000,1,[Tank],[8],1,3,6
62.000000,1,[Tank],[8],1,4,0
62.000000,1,[Striker],[8],0,8,-1
62.000000,1,[Tank],[8],1,9,6
62.000000,1,[Controller],[8],1,10,8
62.000000,0,[Tank;Controller],[12;8],0,1,-1
62.000000,0,[Tank;Controller],[8;8],0,2,-1
62.000000,0,[Tank],[8],1,3,6
62.000000,0,[Tank],[8],1,5,2
62.000000,0,[Controller],[8],1,5,7
62.000000,0,[Striker],[6],1,7,8
62.000000,0,[Striker],[2],1,10,6
62.000000,0,[Striker],[6],1,11,9
63.000000,1,[Tank],[12],1,1,1
63.000000,1,[Tank],[8],0,1,-1
63.000000,1,[Controller],[7],0,2,-1
63.000000,1,[Tank],[8],1,3,6
63.000000,1,[Tank],[8],0,7,-1
63.000000,1,[Striker],[8],0,8,-1
63.000000,1,[Controller],[8],1,10,8
63.000000,0,[Tank;Controller],[12;8],0,1,-1
63.000000,0,[Tank;Controller],[8;8],0,2,-1
63.000000,0,[Tank],[8],1,3,6
63.000000,0,[Tank],[8],1,5,2
63.000000,0,[Controller],[8],1,5,7
63.000000,0,[Striker],[6],1,7,8
63.000000,0,[Striker],[2],1,10,6
63.000000,0,[Striker],[6],1,11,9
64.000000,1,[Tank],[12],1,1,1
64.000000,1,[Tank],[8],0,1,-1
64.000000,1,[Controller],[7],0,2,-1
64.000000,1,[Tank],[8],1,3,6
64.000000,1,[Controller],[8],0,3,-1
64.000000,1,[Tank],[8],0,7,-1
64.000000,1,[Striker],[8],1,8,4
64.000000,1,[Controller],[8],0,9,-1
64.000000,0,[Tank],[12],0,1,-1
64.000000,0,[Controller],[8],1,1,1
64.000000,0,[Tank;Controller],[8;8],0,2,-1
64.000000,0,[Tank],[8],1,3,6
64.000000,0,[Tank],[8],0,3,-1
64.000000,0,[Controller],[8],1,5,7
64.000000,0,[Striker],[2],0,7,-1
64.000000,0,[Striker],[6],0,9,-1
64.000000,0,[Striker],[6],1,11,9
65.000000,1,[Tank],[12],1,1,1
65.000000,1,[Tank],[8],0,1,-1
65.000000,1,[Controller],[5],0,2,-1
65.000000,1,[Controller],[8],1,3,6
65.000000,1,[Tank;Tank],[8;8],0,7,-1
65.000000,1,[Striker],[8],1,8,4
65.000000,1,[Controller],[8],0,9,-1
65.000000,0,[Tank],[12],0,1,-1
65.000000,0,[Controller],[8],1,1,1
65.000000,0,[Tank],[8],1,2,0
65.000000,0,[Controller],[8],0,2,-1
65.000000,0,[Controller],[8],0,8,-1
65.000000,0,[Striker],[5],0,9,-1
65.000000,0,[Striker],[6],0,10,-1
66.000000,1,[Tank],[12],1,1,1
66.000000,1,[Tank],[8],0,1,-1
66.000000,1,[Controller],[3],0,2,-1
66.000000,1,[Controller],[8],1,3,6
66.000000,1,[Striker],[8],0,5,-1
66.000000,1,[Tank;Tank],[8;8],0,7,-1
66.000000,0,[Tank],[12],0,1,-1
66.000000,0,[Controller],[8],1,1,1
66.000000,0,[Tank],[8],1,2,0
66.000000,0,[Controller],[8],0,2,-1
66.000000,0,[Tank],[8],0,7,-1
66.000000,0,[Controller],[8],1,8,4
66.000000,0,[Striker],[4],1,9,9
66.000000,0,[Striker],[6],0,10,-1
67.000000,1,[Tank],[12],1,1,1
67.000000,1,[Tank],[8],0,1,-1
67.000000,1,[Controller],[3],0,2,-1
67.000000,1,[Controller],[8],1,3,6
67.000000,1,[Tank],[8],0,7,-1
67.000000,1,[Tank],[8],1,7,9
67.000000,1,[Striker;Controller],[8;8],0,11,-1
67.000000,0,[Tank],[12],0,1,-1
67.000000,0,[Controller],[8],1,1,1
67.000000,0,[Tank],[8],1,2,0
67.000000,0,[Controller],[8],0,2,-1
67.000000,0,[Tank;Striker],[8;6],0,7,-1
67.000000,0,[Controller],[8],1,8,4
67.000000,0,[Striker],[4],1,9,9
67.000000,0,[Striker],[6],1,10,10
68.000000,1,[Tank],[8],0,1,-1
68.000000,1,[Controller],[3],1,2,0
68.000000,1,[Tank],[12],0,2,-1
68.000000,1,[Controller],[8],1,3,6
68.000000,1,[Tank],[8],0,7,-1
68.000000,1,[Tank],[8],1,7,9
68.000000,1,[Striker;Controller],[8;8],0,11,-1
68.000000,0,[Tank],[12],0,1,-1
68.000000,0,[Controller],[8],1,1,1
68.000000,0,[Tank],[8],1,2,0
68.000000,0,[Tank;Striker],[8;6],0,7,-1
68.000000,0,[Controller],[8],1,8,4
68.000000,0,[Striker],[6],1,10,10
68.000000,0,[Striker],[4],0,10,-1
69.000000,1,[Tank],[7],0,1,-1
69.000000,1,[Controller;Tank],[3;12],1,2,0
69.000000,1,[Controller],[8],1,3,6
69.000000,1,[Tank],[8],1,7,8
69.000000,1,[Tank],[8],1,7,9
69.000000,1,[Controller],[8],1,9,9
69.000000,1,[Striker;Controller],[8;8],0,11,-1
69.000000,0,[Tank],[12],0,1,-1
69.000000,0,[Tank],[8],0,7,-1
69.000000,0,[Striker],[6],1,7,8
69.000000,0,[Controller],[8],1,8,4
69.000000,0,[Striker],[6],1,10,10
69.000000,0,[Striker],[4],0,10,-1
70.000000,1,[Tank],[7],0,1,-1
70.000000,1,[Controller;Tank],[3;12],1,2,0
70.000000,1,[Controller],[8],1,3,6
70.000000,1,[Tank],[8],1,7,8
70.000000,1,[Tank],[8],1,7,9
70.000000,1,[Controller],[8],1,9,9
70.000000,1,[Striker;Controller],[8;8],0,11,-1
70.000000,0,[Tank],[12],0,1,-1
70.000000,0,[Controller],[8],0,5,-1
70.000000,0,[Striker],[6],1,7,8
70.000000,0,[Striker],[4],0,10,-1
70.000000,0,[Striker],[6],0,11,-1
71.000000,1,[Tank],[7],0,1,-1
71.000000,1,[Controller;Tank],[3;12],1,2,0
71.000000,1,[Tank],[8],1,7,8
71.000000,1,[Controller],[8],0,7,-1
71.000000,1,[Controller],[8],1,9,9
71.000000,1,[Tank],[8],0,10,-1
71.000000,0,[Tank;Tank],[12;8],0,1,-1
71.000000,0,[Controller],[8],0,5,-1
71.000000,0,[Striker],[6],1,7,8
71.000000,0,[Striker],[4],0,10,-1
71.000000,0,[Striker],[1],1,11,9
72.000000,1,[Tank],[7],0,1,-1
72.000000,1,[Controller;Tank],[3;12],1,2,0
72.000000,1,[Tank],[8],1,7,8
72.000000,1,[Controller],[8],0,7,-1
72.000000,1,[Controller],[8],1,9,9
72.000000,1,[Tank],[8],0,10,-1
72.000000,0,[Tank;Tank],[12;8],0,1,-1
72.000000,0,[Controller],[8],0,5,-1
72.000000,0,[Striker],[6],0,9,-1
72.000000,0,[Striker],[2],1,10,6
72.000000,0,[Striker],[1],1,11,9
73.000000,1,[Tank],[5],0,1,-1
73.000000,1,[Controller;Tank],[3;12],1,2,0
73.000000,1,[Tank;Controller],[8;8],1,7,8
73.000000,1,[Tank;Controller],[8;8],0,10,-1
73.000000,0,[Tank;Tank],[12;8],0,1,-1
73.000000,0,[Controller],[8],0,5,-1
73.000000,0,[Striker],[6],0,9,-1
73.000000,0,[Striker],[1],1,11,9
74.000000,1,[Tank],[3],1,1,3
74.000000,1,[Controller],[3],0,1,-1
74.000000,1,[Tank],[12],1,2,0
74.000000,1,[Tank;Controller],[8;8],1,7,8
74.000000,1,[Tank;Controller],[8;8],0,10,-1
74.000000,0,[Tank;Tank],[12;8],0,1,-1
74.000000,0,[Tank;Striker;Tank],[8;1;8],0,4,-1
74.000000,0,[Controller],[8],0,5,-1
74.000000,0,[Striker],[6],0,9,-1
74.000000,0,[Striker],[1],0,10,-1
75.000000,1,[Tank],[3],1,1,3
75.000000,1,[Tank],[12],0,1,-1
75.000000,1,[Controller],[8],1,7,8
75.000000,1,[Tank],[8],0,9,-1
75.000000,0,[Tank;Tank],[12;8],0,1,-1
75.000000,0,[Tank;Striker;Tank],[8;1;8],0,4,-1
75.000000,0,[Controller],[8],0,5,-1
75.000000,0,[Striker],[6],0,9,-1
76.000000,1,[Tank],[3],1,1,3
76.000000,1,[Tank],[12],0,1,-1
76.000000,1,[Controller],[8],1,7,8
76.000000,1,[Tank],[8],0,9,-1
76.000000,0,[Tank;Tank],[12;8],0,1,-1
76.000000,0,[Striker;Tank],[1;8],0,4,-1
76.000000,0,[Controller],[8],0,5,-1
76.000000,0,[Controller],[8],0,6,-1
76.000000,0,[Striker],[5],0,9,-1
77.000000,1,[Tank],[3],1,1,3
77.000000,1,[Tank],[12],0,1,-1
77.000000,1,[Striker],[8],0,5,-1
77.000000,1,[Controller],[8],1,7,8
77.000000,1,[Tank],[8],0,9,-1
77.000000,0,[Tank;Tank],[12;8],0,1,-1
77.000000,0,[Striker;Tank],[1;8],0,4,-1
77.000000,0,[Controller],[8],0,5,-1
77.000000,0,[Controller],[8],0,6,-1
77.000000,0,[Striker],[2],0,9,-1
78.000000,1,[Tank],[3],1,1,3
78.000000,1,[Tank],[12],0,1,-1
78.000000,1,[Striker],[8],0,5,-1
78.000000,1,[Controller],[8],1,7,8
78.000000,1,[Tank],[8],0,9,-1
78.000000,0,[Tank],[12],0,1,-1
78.000000,0,[Tank],[8],1,1,3
78.000000,0,[Striker;Tank],[1;8],0,4,-1
78.000000,0,[Controller],[7],0,5,-1
78.000000,0,[Striker],[1],0,9,-1
79.000000,1,[Tank],[3],1,1,3
79.000000,1,[Tank],[12],0,1,-1
79.000000,1,[Striker],[6],0,5,-1
79.000000,1,[Controller],[8],0,9,-1
79.000000,0,[Tank],[12],0,1,-1
79.000000,0,[Tank],[8],1,1,3
79.000000,0,[Striker;Tank],[1;8],0,4,-1
79.000000,0,[Striker],[2],0,9,-1
80.000000,1,[Tank],[12],0,1,-1
80.000000,1,[Tank],[3],0,4,-1
80.000000,1,[Striker],[6],0,5,-1
80.000000,0,[Tank],[12],0,1,-1
80.000000,0,[Tank],[8],1,1,3
80.000000,0,[Striker;Tank],[1;8],0,4,-1
80.000000,0,[Tank],[8],0,7,-1
81.000000,1,[Tank],[12],0,1,-1
81.000000,1,[Tank],[1],0,4,-1
81.000000,1,[Striker],[6],0,5,-1
81.000000,0,[Tank],[12],0,1,-1
81.000000,0,[Tank],[8],1,1,3
81.000000,0,[Striker],[1],0,4,-1
81.000000,0,[Tank],[8],1,4,6
81.000000,0,[Tank],[8],1,7,3
82.000000,1,[Tank],[12],0,1,-1
82.000000,1,[Tank],[1],0,4,-1
82.000000,1,[Striker],[6],0,5,-1
82.000000,0,[Tank],[12],0,1,-1
82.000000,0,[Tank],[8],1,1,3
82.000000,0,[Striker],[1],0,4,-1
82.000000,0,[Tank],[8],1,4,6
82.000000,0,[Tank],[8],1,7,3
83.000000,1,[Tank],[12],0,1,-1
83.000000,0,[Tank],[12],0,1,-1
84.000000,1,[Tank],[11],0,1,-1
84.000000,0,[Tank],[12],0,1,-1
85.000000,1,[Tank],[11],1,1,1
85.000000,0,[Tank],[8],0,7,-1
86.000000,1,[Tank],[11],1,1,1
86.000000,1,[Controller],[8],0,7,-1
86.000000,1,[Striker],[6],0,9,-1
86.000000,0,[Tank],[8],1,7,8
87.000000,1,[Tank],[11],1,1,1
87.000000,1,[Controller],[8],0,7,-1
87.000000,1,[Striker],[6],0,9,-1
87.000000,0,[Tank],[8],1,7,8
88.000000,1,[Tank],[11],1,1,1
88.000000,1,[Controller],[8],1,7,8
88.000000,1,[Striker],[6],0,9,-1
88.000000,0,[Controller],[8],0,2,-1
89.000000,1,[Tank],[11],1,1,1
89.000000,1,[Controller],[8],1,7,8
89.000000,1,[Striker],[6],0,9,-1
89.000000,0,[Controller],[8],0,2,-1
90.000000,1,[Tank],[11],1,1,1
90.000000,1,[Controller],[8],1,7,8
90.000000,1,[Striker;Tank],[6;8],0,9,-1
90.000000,0,[Controller],[8],0,2,-1
91.000000,1,[Tank],[11],0,2,-1
91.000000,1,[Controller],[8],1,7,8
91.000000,1,[Striker;Tank],[6;8],0,9,-1
91.000000,0,[Controller],[8],0,2,-1
92.000000,1,[Tank],[10],0,2,-1
92.000000,1,[Controller],[8],1,7,8
92.000000,1,[Striker;Tank],[6;8],0,9,-1
92.000000,0,[Controller],[8],0,2,-1
92.000000,0,[Tank],[8],0,9,-1
93.000000,1,[Tank],[10],0,2,-1
93.000000,1,[Controller],[8],1,7,8
93.000000,1,[Striker],[6],0,9,-1
93.000000,0,[Controller],[8],0,2,-1
93.000000,0,[Striker],[1],0,5,-1
93.000000,0,[Tank],[8],0,9,-1
94.000000,1,[Tank],[10],0,2,-1
94.000000,0,[Controller],[8],0,2,-1
94.000000,0,[Striker],[1],0,5,-1
94.000000,0,[Tank],[8],1,9,5
95.000000,1,[Tank],[8],0,2,-1
95.000000,0,[Controller],[8],0,2,-1
95.000000,0,[Striker],[1],0,5,-1
95.000000,0,[Tank],[8],1,9,5
96.000000,1,[Tank],[7],0,2,-1
96.000000,1,[Tank],[8],0,6,-1
96.000000,0,[Controller],[8],0,2,-1
96.000000,0,[Striker],[1],0,5,-1
96.000000,0,[Tank],[8],1,9,5
97.000000,1,[Tank],[7],1,2,4
97.000000,1,[Tank],[8],0,6,-1
97.000000,0,[Striker],[1],0,5,-1
97.000000,0,[Tank],[8],0,6,-1
98.000000,1,[Tank],[7],1,2,4
98.000000,1,[Tank],[8],0,6,-1
98.000000,0,[Tank;Controller],[8;8],0,6,-1
99.000000,1,[Tank],[7],1,2,4
99.000000,1,[Tank],[8],0,6,-1
99.000000,1,[Striker],[5],1,9,4
99.000000,1,[Controller],[8],0,9,-1
99.000000,0,[Tank],[8],0,6,-1
99.000000,0,[Controller],[8],1,6,8
100.000000,1,[Tank],[7],1,2,4
100.000000,1,[Tank],[8],0,6,-1
100.000000,1,[Striker],[5],1,9,4
100.000000,1,[Controller],[8],0,9,-1
100.000000,0,[Tank],[8],0,6,-1
100.000000,0,[Controller],[8],1,6,8
100.000000,0,[Controller],[6],1,7,8
101.000000,1,[Striker;Tank],[5;7],0,5,-1
101.000000,1,[Tank],[8],0,6,-1
101.000000,0,[Tank],[8],0,6,-1
101.000000,0,[Controller],[8],1,6,8
101.000000,0,[Controller],[6],1,7,8
102.000000,1,[Striker],[5],0,5,-1
102.000000,1,[Tank],[8],0,6,-1
102.000000,0,[Tank],[8],0,6,-1
102.000000,0,[Controller],[6],1,7,8
102.000000,0,[Tank],[8],0,7,-1
102.000000,0,[Controller],[8],0,9,-1
103.000000,1,[Striker],[5],0,5,-1
103.000000,1,[Tank],[8],0,6,-1
103.000000,0,[Tank],[8],0,6,-1
103.000000,0,[Controller],[6],1,7,8
103.000000,0,[Tank],[8],0,7,-1
103.000000,0,[Controller],[8],0,9,-1
104.000000,1,[Striker],[5],0,5,-1
104.000000,1,[Tank],[8],0,6,-1
104.000000,1,[Controller],[8],0,7,-1
104.000000,1,[Controller],[8],1,9,9
104.000000,0,[Tank],[8],0,6,-1
104.000000,0,[Controller],[6],1,7,8
104.000000,0,[Tank],[8],1,7,9
104.000000,0,[Controller],[8],0,9,-1
105.000000,1,[Striker],[5],0,5,-1
105.000000,1,[Tank],[8],0,6,-1
105.000000,1,[Controller],[8],1,7,2
105.000000,1,[Controller],[8],0,10,-1
105.000000,0,[Tank],[11],1,3,5
105.000000,0,[Tank],[8],0,6,-1
105.000000,0,[Controller],[8],0,9,-1
106.000000,1,[Striker],[5],0,5,-1
106.000000,1,[Tank],[8],0,6,-1
106.000000,1,[Controller],[8],1,7,2
106.000000,1,[Controller],[8],0,10,-1
106.000000,0,[Tank;Tank],[8;11],0,6,-1
106.000000,0,[Controller;Controller],[8;6],0,9,-1
107.000000,1,[Striker],[5],1,5,8
107.000000,1,[Tank],[8],0,6,-1
107.000000,1,[Controller],[8],1,7,2
107.000000,1,[Controller],[8],0,10,-1
107.000000,0,[Tank;Tank],[8;11],0,6,-1
107.000000,0,[Controller],[6],0,9,-1
108.000000,1,[Tank],[8],0,6,-1
108.000000,1,[Controller],[8],1,7,2
108.000000,1,[Tank],[8],0,8,-1
108.000000,1,[Tank],[7],1,8,4
108.000000,1,[Controller],[8],0,10,-1
108.000000,0,[Tank],[8],1,6,2
108.000000,0,[Tank],[11],0,6,-1
108.000000,0,[Controller],[6],1,9,7
108.000000,0,[Tank],[8],0,10,-1
109.000000,1,[Controller],[8],1,7,2
109.000000,1,[Tank],[8],0,8,-1
109.000000,1,[Tank],[7],1,8,4
109.000000,0,[Tank],[8],1,6,2
109.000000,0,[Tank],[9],0,6,-1
109.000000,0,[Controller],[6],1,9,7
110.000000,1,[Controller],[8],1,7,2
110.000000,1,[Tank],[8],0,8,-1
110.000000,1,[Tank],[7],1,8,4
110.000000,0,[Tank],[8],1,6,2
110.000000,0,[Tank],[9],0,6,-1
110.000000,0,[Controller],[6],1,9,7
111.000000,1,[Controller],[8],0,3,-1
111.000000,1,[Tank],[7],0,5,-1
111.000000,1,[Tank],[8],0,8,-1
111.000000,0,[Tank],[8],0,3,-1
111.000000,0,[Tank],[9],1,6,2
111.000000,0,[Controller],[6],1,9,7
112.000000,1,[Controller],[8],1,3,6
112.000000,1,[Tank],[7],0,5,-1
112.000000,1,[Tank;Striker],[8;8],0,8,-1
112.000000,0,[Controller],[6],0,8,-1
112.000000,0,[Controller],[8],1,9,6
112.000000,0,[Tank],[8],1,10,6
113.000000,1,[Controller],[8],1,3,6
113.000000,1,[Tank],[7],1,5,7
113.000000,1,[Tank;Striker],[8;8],0,8,-1
113.000000,0,[Tank;Controller],[8;8],0,7,-1
113.000000,0,[Controller],[6],0,8,-1
114.000000,1,[Controller],[8],1,3,6
114.000000,1,[Tank],[7],1,5,7
114.000000,1,[Tank],[8],1,8,4
114.000000,1,[Striker],[8],0,8,-1
114.000000,0,[Tank;Controller],[8;8],0,7,-1
114.000000,0,[Controller],[4],0,8,-1
115.000000,1,[Controller],[8],1,3,6
115.000000,1,[Tank],[6],0,9,-1
115.000000,0,[Tank;Controller],[8;8],0,7,-1
115.000000,0,[Controller],[2],1,8,8
116.000000,1,[Controller],[8],1,3,6
116.000000,1,[Tank],[6],1,9,4
116.000000,0,[Controller],[8],0,5,-1
116.000000,0,[Tank;Controller],[8;8],0,7,-1
116.000000,0,[Controller],[2],1,8,8
117.000000,1,[Controller],[8],1,3,6
117.000000,1,[Tank],[6],1,9,4
117.000000,1,[Controller],[8],0,10,-1
117.000000,0,[Tank],[8],1,7,9
117.000000,0,[Controller],[8],0,7,-1
117.000000,0,[Controller],[2],1,8,8
118.000000,1,[Tank],[8],0,5,-1
118.000000,1,[Controller],[8],0,7,-1
118.000000,1,[Tank],[6],1,9,4
118.000000,1,[Controller],[8],1,10,8
118.000000,0,[Tank],[8],1,7,9
118.000000,0,[Controller],[8],0,7,-1
118.000000,0,[Controller],[2],1,8,8
119.000000,1,[Tank],[8],0,5,-1
119.000000,1,[Controller],[8],0,7,-1
119.000000,1,[Tank],[6],1,9,4
119.000000,1,[Controller],[8],1,10,8
119.000000,0,[Tank],[8],1,7,9
119.000000,0,[Controller],[8],0,7,-1
119.000000,0,[Controller],[2],0,9,-1
120.000000,1,[Tank],[8],0,5,-1
120.000000,1,[Controller],[8],0,7,-1
120.000000,1,[Tank],[6],1,9,4
120.000000,1,[Controller],[8],1,10,8
120.000000,0,[Tank],[8],1,7,9
120.000000,0,[Striker],[1],0,7,-1
120.000000,0,[Controller],[2],0,9,-1
121.000000,1,[Tank],[8],0,5,-1
121.000000,1,[Controller],[8],0,7,-1
121.000000,1,[Tank],[6],1,9,4
121.000000,1,[Controller],[8],1,10,8
121.000000,0,[Controller],[2],0,9,-1
121.000000,0,[Tank],[8],0,10,-1
122.000000,1,[Tank;Striker;Tank],[8;8;6],0,5,-1
122.000000,1,[Controller],[8],0,7,-1
122.000000,1,[Controller],[8],0,9,-1
122.000000,0,[Tank],[8],0,5,-1
122.000000,0,[Controller],[2],0,9,-1
122.000000,0,[Tank],[8],0,10,-1
123.000000,1,[Tank;Tank],[8;6],0,5,-1
123.000000,1,[Controller],[8],0,7,-1
123.000000,1,[Controller],[8],0,9,-1
123.000000,0,[Tank],[9],1,3,6
123.000000,0,[Tank],[8],0,5,-1
123.000000,0,[Controller],[8],1,7,2
123.000000,0,[Controller],[1],0,9,-1
123.000000,0,[Tank],[8],0,10,-1
124.000000,1,[Tank],[8],1,5,8
124.000000,1,[Tank],[6],0,5,-1
124.000000,1,[Controller],[8],0,7,-1
124.000000,1,[Controller],[8],0,9,-1
124.000000,0,[Tank],[9],1,3,6
124.000000,0,[Tank],[8],1,5,8
124.000000,0,[Controller],[8],1,7,2
124.000000,0,[Tank],[8],0,10,-1
125.000000,1,[Striker],[5],0,3,-1
125.000000,1,[Tank],[8],1,5,8
125.000000,1,[Tank],[6],0,5,-1
125.000000,1,[Controller],[8],0,7,-1
125.000000,1,[Controller],[8],0,9,-1
125.000000,0,[Tank],[9],1,3,6
125.000000,0,[Tank],[8],1,5,8
125.000000,0,[Controller],[8],1,7,2
125.000000,0,[Tank],[8],0,10,-1
126.000000,1,[Striker],[5],1,3,1
126.000000,1,[Tank],[8],1,5,8
126.000000,1,[Tank],[6],0,5,-1
126.000000,1,[Controller],[8],0,7,-1
126.000000,0,[Controller],[8],0,2,-1
126.000000,0,[Tank],[8],1,5,8
126.000000,0,[Tank],[8],1,10,8
127.000000,1,[Striker],[5],1,3,1
127.000000,1,[Tank],[8],1,5,8
127.000000,1,[Tank],[6],0,5,-1
127.000000,1,[Controller],[8],0,7,-1
127.000000,0,[Tank],[8],1,5,8
127.000000,0,[Tank],[9],0,7,-1
127.000000,0,[Tank],[8],1,10,8
128.000000,1,[Striker],[5],0,2,-1
128.000000,0,[Tank],[8],1,5,8
128.000000,0,[Tank],[8],1,10,8
129.000000,1,[Striker],[5],0,2,-1
129.000000,1,[Tank],[8],1,5,8
129.000000,1,[Tank],[6],0,5,-1
129.000000,0,[Tank],[8],1,5,8
129.000000,0,[Tank],[8],1,10,8
130.000000,1,[Striker],[5],0,2,-1
130.000000,1,[Tank],[6],0,5,-1
130.000000,1,[Tank],[8],0,9,-1
130.000000,0,[Tank;Tank],[8;8],0,9,-1
131.000000,1,[Striker],[5],0,2,-1
131.000000,1,[Tank],[6],1,5,8
131.000000,1,[Tank],[7],0,5,-1
131.000000,1,[Controller],[8],0,8,-1
131.000000,1,[Tank],[7],0,9,-1
131.000000,0,[Tank],[8],0,9,-1
131.000000,0,[Tank],[8],1,9,7
132.000000,1,[Striker],[5],0,2,-1
132.000000,1,[Tank],[6],1,5,8
132.000000,1,[Tank],[7],0,5,-1
132.000000,1,[Controller],[8],1,8,4
132.000000,0,[Tank],[8],0,9,-1
132.000000,0,[Tank],[8],1,9,7
133.000000,1,[Striker],[5],0,2,-1
133.000000,1,[Tank],[6],1,5,8
133.000000,1,[Tank],[7],0,5,-1
133.000000,1,[Controller],[8],1,8,4
133.000000,0,[Tank],[8],0,9,-1
133.000000,0,[Tank],[8],1,9,7
134.000000,1,[Striker],[5],0,2,-1
134.000000,1,[Tank],[6],1,5,8
134.000000,1,[Tank],[7],1,5,7
134.000000,1,[Controller],[8],1,8,4
134.000000,0,[Tank],[8],0,9,-1
134.000000,0,[Tank],[8],1,9,7
135.000000,1,[Striker],[5],0,2,-1
135.000000,1,[Tank],[6],1,5,8
135.000000,1,[Tank],[7],1,5,7
135.000000,1,[Controller],[8],1,8,4
135.000000,0,[Controller],[8],0,5,-1
135.000000,0,[Tank],[8],0,8,-1
135.000000,0,[Tank],[8],0,9,-1
136.000000,1,[Striker],[5],1,2,0
136.000000,1,[Tank],[6],1,5,8
136.000000,1,[Controller],[8],0,5,-1
136.000000,0,[Controller],[8],0,1,-1
136.000000,0,[Controller],[8],0,5,-1
136.000000,0,[Tank],[8],1,8,8
136.000000,0,[Tank],[8],0,9,-1
137.000000,1,[Striker],[5],1,2,0
137.000000,1,[Controller],[8],0,5,-1
137.000000,1,[Tank],[6],0,9,-1
137.000000,0,[Controller],[8],0,1,-1
137.000000,0,[Controller],[8],0,5,-1
137.000000,0,[Tank],[8],1,8,8
137.000000,0,[Tank],[8],0,9,-1
138.000000,1,[Striker],[5],1,2,0
138.000000,1,[Controller],[7],1,5,2
138.000000,1,[Tank],[6],0,9,-1
138.000000,0,[Controller],[8],0,1,-1
138.000000,0,[Controller],[8],0,5,-1
138.000000,0,[Tank],[8],1,8,8
138.000000,0,[Tank],[8],0,9,-1
139.000000,1,[Striker],[5],0,1,-1
139.000000,1,[Controller],[7],1,5,2
139.000000,1,[Tank],[5],0,9,-1
139.000000,0,[Controller],[8],0,1,-1
139.000000,0,[Controller],[8],0,5,-1
139.000000,0,[Tank],[8],1,8,8
139.000000,0,[Tank],[8],1,9,4
140.000000,1,[Striker],[3],0,1,-1
140.000000,1,[Controller],[7],1,5,2
140.000000,1,[Tank],[5],0,9,-1
140.000000,0,[Controller],[8],0,1,-1
140.000000,0,[Controller],[8],0,5,-1
140.000000,0,[Tank],[9],1,7,8
140.000000,0,[Tank],[8],1,9,4
140.000000,0,[Tank],[8],0,9,-1
141.000000,1,[Striker],[2],0,1,-1
141.000000,1,[Controller],[7],1,5,2
141.000000,1,[Controller],[8],0,8,-1
141.000000,1,[Tank],[7],1,8,8
141.000000,1,[Tank],[4],0,9,-1
141.000000,0,[Controller],[8],0,1,-1
141.000000,0,[Controller],[8],1,5,7
141.000000,0,[Tank],[8],0,5,-1
141.000000,0,[Tank],[8],1,9,4
141.000000,0,[Tank;Tank],[8;9],0,9,-1
142.000000,1,[Controller],[7],1,5,2
142.000000,1,[Controller],[8],0,8,-1
142.000000,1,[Tank],[7],1,8,8
142.000000,1,[Tank],[1],0,9,-1
142.000000,0,[Controller],[8],1,5,7
142.000000,0,[Tank],[8],1,5,8
142.000000,0,[Tank],[8],1,9,4
142.000000,0,[Tank;Tank],[8;9],0,9,-1
143.000000,1,[Controller],[7],1,5,2
143.000000,1,[Controller],[8],0,8,-1
143.000000,1,[Tank],[7],1,8,8
143.000000,1,[Controller],[6],1,10,6
143.000000,0,[Controller],[8],1,5,7
143.000000,0,[Tank],[8],1,5,8
143.000000,0,[Tank],[8],1,9,4
143.000000,0,[Tank],[8],1,9,6
143.000000,0,[Tank],[9],1,9,9
144.000000,1,[Controller],[7],0,3,-1
144.000000,1,[Controller],[6],0,7,-1
144.000000,1,[Controller],[8],0,8,-1
144.000000,1,[Tank],[7],0,9,-1
144.000000,0,[Controller],[8],1,5,7
144.000000,0,[Tank],[8],1,5,8
144.000000,0,[Tank],[8],1,9,4
144.000000,0,[Tank],[8],1,9,6
144.000000,0,[Tank],[9],1,9,9
145.000000,1,[Controller],[7],0,3,-1
145.000000,1,[Controller],[6],1,7,2
145.000000,1,[Controller],[8],0,8,-1
145.000000,1,[Tank],[7],0,9,-1
145.000000,0,[Tank],[8],1,5,8
145.000000,0,[Tank],[8],0,5,-1
145.000000,0,[Controller],[8],0,8,-1
145.000000,0,[Tank],[9],1,9,9
146.000000,1,[Controller],[7],0,3,-1
146.000000,1,[Controller],[6],1,7,2
146.000000,1,[Controller],[8],0,8,-1
146.000000,1,[Tank],[7],1,9,9
146.000000,0,[Tank],[8],1,5,8
146.000000,0,[Tank],[8],0,5,-1
146.000000,0,[Controller],[8],0,8,-1
146.000000,0,[Tank],[9],1,9,9
147.000000,1,[Controller],[6],1,7,2
147.000000,1,[Controller],[8],0,8,-1
147.000000,1,[Tank],[7],1,9,9
147.000000,0,[Tank;Tank],[8;8],1,5,8
147.000000,0,[Controller],[7],0,8,-1
147.000000,0,[Tank],[9],0,10,-1
148.000000,1,[Controller],[6],1,7,2
148.000000,1,[Controller],[8],0,8,-1
148.000000,1,[Tank],[7],1,9,9
148.000000,0,[Tank],[8],1,5,8
148.000000,0,[Controller],[7],0,8,-1
148.000000,0,[Tank],[8],0,9,-1
148.000000,0,[Tank],[9],0,10,-1
149.000000,1,[Controller],[6],1,7,2
149.000000,1,[Controller],[8],0,8,-1
149.000000,1,[Tank],[7],1,9,9
149.000000,0,[Tank],[8],1,5,8
149.000000,0,[Controller],[7],0,8,-1
149.000000,0,[Tank],[9],0,10,-1
150.000000,1,[Controller],[6],1,7,2
150.000000,1,[Controller],[8],0,8,-1
150.000000,1,[Tank],[7],0,10,-1
150.000000,0,[Tank],[8],1,5,8
150.000000,0,[Controller],[7],0,8,-1
150.000000,0,[Tank],[9],0,10,-1
