0,player,nodes,knowledge,controller,percent
1.000000,0,[1;2;3;4;5;6;7;8;9;10;11],[2;0;0;0;0;0;0;0;0;0;0],[0;-1;-1;-1;-1;-1;-1;-1;-1;-1;-1],[100.000000;0.000000;0.000000;0.000000;0.000000;0.000000;0.000000;0.000000;0.000000;0.000000;0.000000]
1.000000,1,[1;2;3;4;5;6;7;8;9;10;11],[0;0;0;0;0;0;0;1;0;0;2],[-1;-1;-1;-1;-1;-1;-1;-1;-1;-1;1],[0.000000;0.000000;0.000000;0.000000;0.000000;0.000000;0.000000;0.000000;0.000000;0.000000;-100.000000]
2.000000,0,[1;2;3;4;5;6;7;8;9;10;11],[2;1;0;0;0;0;0;0;0;0;0],[0;-1;-1;-1;-1;-1;-1;-1;-1;-1;-1],[100.000000;0.000000;0.000000;0.000000;0.000000;0.000000;0.000000;0.000000;0.000000;0.000000;0.000000]
2.000000,1,[1;2;3;4;5;6;7;8;9;10;11],[0;0;0;0;0;0;0;1;0;1;2],[-1;-1;-1;-1;-1;-1;-1;-1;-1;-1;1],[0.000000;0.000000;0.000000;0.000000;0.000000;0.000000;0.000000;0.000000;0.000000;0.000000;-100.000000]
3.000000,0,[1;2;3;4;5;6;7;8;9;10;11],[2;1;0;0;0;0;0;0;0;0;0],[0;-1;-1;-1;-1;-1;-1;-1;-1;-1;-1],[100.000000;0.000000;0.000000;0.000000;0.000000;0.000000;0.000000;0.000000;0.000000;0.000000;0.000000]
3.000000,1,[1;2;3;4;5;6;7;8;9;10;11],[0;0;0;0;0;0;0;1;0;1;2],[-1;-1;-1;-1;-1;-1;-1;-1;-1;-1;1],[0.000000;0.000000;0.000000;0.000000;0.000000;0.000000;0.000000;0.000000;0.000000;0.000000;-100.000000]
4.000000,0,[1;2;3;4;5;6;7;8;9;10;11],[2;1;0;0;0;0;0;0;0;0;0],[0;-1;-1;-1;-1;-1;-1;-1;-1;-1;-1],[100.000000;0.000000;0.000000;0.000000;0.000000;0.000000;0.000000;0.000000;0.000000;0.000000;0.000000]
4.000000,1,[1;2;3;4;5;6;7;8;9;10;11],[0;0;0;0;0;0;0;2;0;1;2],[-1;-1;-1;-1;-1;-1;-1;-1;-1;-1;1],[0.000000;0.000000;0.000000;0.000000;0.000000;0.000000;0.000000;-8.000000;0.000000;0.000000;-100.000000]
5.000000,0,[1;2;3;4;5;6;7;8;9;10;11],[2;2;0;1;0;0;0;0;0;0;0],[0;-1;-1;-1;-1;-1;-1;-1;-1;-1;-1],[100.000000;24.000000;0.000000;0.000000;0.000000;0.000000;0.000000;0.000000;0.000000;0.000000;0.000000]
5.000000,1,[1;2;3;4;5;6;7;8;9;10;11],[0;0;0;0;0;0;0;2;0;2;2],[-1;-1;-1;-1;-1;-1;-1;-1;-1;-1;1],[0.000000;0.000000;0.000000;0.000000;0.000000;0.000000;0.000000;-16.000000;0.000000;-8.000000;-100.000000]
6.000000,0,[1;2;3;4;5;6;7;8;9;10;11],[2;2;0;1;0;0;0;0;0;0;0],[0;-1;-1;-1;-1;-1;-1;-1;-1;-1;-1],[100.000000;56.000000;0.000000;0.000000;0.000000;0.000000;0.000000;0.000000;0.000000;0.000000;0.000000]
6.000000,1,[1;2;3;4;5;6;7;8;9;10;11],[0;0;0;0;0;0;0;2;0;2;2],[-1;-1;-1;-1;-1;-1;-1;-1;-1;-1;1],[0.000000;0.000000;0.000000;0.000000;0.000000;0.000000;0.000000;-24.000000;0.000000;-16.000000;-100.000000]
7.000000,0,[1;2;3;4;5;6;7;8;9;10;11],[2;2;0;1;1;0;0;0;0;0;0],[0;-1;-1;-1;-1;-1;-1;-1;-1;-1;-1],[100.000000;72.000000;0.000000;0.000000;0.000000;0.000000;0.000000;0.000000;0.000000;0.000000;0.000000]
7.000000,1,[1;2;3;4;5;6;7;8;9;10;11],[0;0;0;0;0;0;0;1;0;2;2],[-1;-1;-1;-1;-1;-1;-1;-1;-1;-1;1],[0.000000;0.000000;0.000000;0.000000;0.000000;0.000000;0.000000;-24.000000;0.000000;-24.000000;-100.000000]
8.000000,0,[1;2;3;4;5;6;7;8;9;10;11],[2;2;1;1;1;0;0;0;0;0;0],[0;0;-1;-1;-1;-1;-1;-1;-1;-1;-1],[100.000000;100.000000;0.000000;0.000000;0.000000;0.000000;0.000000;0.000000;0.000000;0.000000;0.000000]
8.000000,1,[1;2;3;4;5;6;7;8;9;10;11],[0;0;0;0;0;0;0;1;0;2;2],[-1;-1;-1;-1;-1;-1;-1;-1;-1;-1;1],[0.000000;0.000000;0.000000;0.000000;0.000000;0.000000;0.000000;-24.000000;0.000000;-32.000000;-100.000000]
9.000000,0,[1;2;3;4;5;6;7;8;9;10;11],[2;2;1;1;2;0;0;0;0;0;0],[0;0;-1;-1;-1;-1;-1;-1;-1;-1;-1],[100.000000;100.000000;0.000000;0.000000;16.000000;0.000000;0.000000;0.000000;0.000000;0.000000;0.000000]
9.000000,1,[1;2;3;4;5;6;7;8;9;10;11],[0;0;0;0;0;0;0;2;0;2;2],[-1;-1;-1;-1;-1;-1;-1;-1;-1;-1;1],[0.000000;0.000000;0.000000;0.000000;0.000000;0.000000;0.000000;-32.000000;0.000000;-40.000000;-100.000000]
10.000000,0,[1;2;3;4;5;6;7;8;9;10;11],[2;2;1;1;2;0;0;0;0;0;0],[0;0;-1;-1;-1;-1;-1;-1;-1;-1;-1],[100.000000;100.000000;0.000000;0.000000;48.000000;0.000000;0.000000;0.000000;0.000000;0.000000;0.000000]
10.000000,1,[1;2;3;4;5;6;7;8;9;10;11],[0;0;0;0;0;0;0;2;0;2;2],[-1;-1;-1;-1;-1;-1;-1;-1;-1;-1;1],[0.000000;0.000000;0.000000;0.000000;0.000000;0.000000;0.000000;-40.000000;0.000000;-48.000000;-100.000000]
11.000000,0,[1;2;3;4;5;6;7;8;9;10;11],[2;2;1;2;2;0;0;0;0;0;0],[0;0;-1;-1;-1;-1;-1;-1;-1;-1;-1],[100.000000;100.000000;0.000000;16.000000;80.000000;0.000000;0.000000;0.000000;0.000000;0.000000;0.000000]
11.000000,1,[1;2;3;4;5;6;7;8;9;10;11],[0;0;0;0;0;0;0;2;0;2;2],[-1;-1;-1;-1;-1;-1;-1;-1;-1;-1;1],[0.000000;0.000000;0.000000;0.000000;0.000000;0.000000;0.000000;-48.000000;0.000000;-56.000000;-100.000000]
12.000000,0,[1;2;3;4;5;6;7;8;9;10;11],[2;2;1;2;2;0;0;1;0;0;0],[0;0;-1;-1;-1;-1;-1;-1;-1;-1;-1],[100.000000;100.000000;0.000000;32.000000;96.000000;0.000000;0.000000;-56.000000;0.000000;0.000000;0.000000]
12.000000,1,[1;2;3;4;5;6;7;8;9;10;11],[0;0;0;0;0;0;0;2;0;2;2],[-1;-1;-1;-1;-1;-1;-1;-1;-1;-1;1],[0.000000;0.000000;0.000000;0.000000;0.000000;0.000000;0.000000;-56.000000;0.000000;-80.000000;-100.000000]
13.000000,0,[1;2;3;4;5;6;7;8;9;10;11],[2;2;1;2;1;0;0;1;0;0;0],[0;0;-1;-1;-1;-1;-1;-1;-1;-1;-1],[100.000000;100.000000;0.000000;48.000000;96.000000;0.000000;0.000000;-72.000000;0.000000;0.000000;0.000000]
13.000000,1,[1;2;3;4;5;6;7;8;9;10;11],[0;0;0;0;0;0;0;2;0;2;2],[-1;-1;-1;-1;-1;-1;-1;-1;-1;1;1],[0.000000;0.000000;0.000000;0.000000;0.000000;0.000000;0.000000;-72.000000;0.000000;-100.000000;-100.000000]
14.000000,0,[1;2;3;4;5;6;7;8;9;10;11],[2;2;1;2;1;0;0;2;0;0;0],[0;0;-1;-1;-1;-1;-1;-1;-1;-1;-1],[100.000000;100.000000;0.000000;64.000000;96.000000;0.000000;0.000000;-72.000000;0.000000;0.000000;0.000000]
14.000000,1,[1;2;3;4;5;6;7;8;9;10;11],[0;0;0;0;0;0;0;2;0;2;2],[-1;-1;-1;-1;-1;-1;-1;-1;-1;1;1],[0.000000;0.000000;0.000000;0.000000;0.000000;0.000000;0.000000;-72.000000;0.000000;-100.000000;-100.000000]
15.000000,0,[1;2;3;4;5;6;7;8;9;10;11],[2;2;1;2;1;0;0;2;0;0;0],[0;0;-1;-1;-1;-1;-1;-1;-1;-1;-1],[100.000000;100.000000;0.000000;80.000000;96.000000;0.000000;0.000000;-72.000000;0.000000;0.000000;0.000000]
15.000000,1,[1;2;3;4;5;6;7;8;9;10;11],[0;0;0;0;1;0;1;2;1;2;2],[-1;-1;-1;-1;-1;-1;-1;-1;-1;1;1],[0.000000;0.000000;0.000000;0.000000;96.000000;0.000000;0.000000;-72.000000;0.000000;-100.000000;-100.000000]
16.000000,0,[1;2;3;4;5;6;7;8;9;10;11],[2;2;1;2;1;0;0;2;0;0;0],[0;0;-1;-1;-1;-1;-1;-1;-1;-1;-1],[100.000000;100.000000;0.000000;96.000000;96.000000;0.000000;0.000000;-72.000000;0.000000;0.000000;0.000000]
16.000000,1,[1;2;3;4;5;6;7;8;9;10;11],[0;0;0;0;1;0;1;2;1;2;2],[-1;-1;-1;-1;-1;-1;-1;-1;-1;1;1],[0.000000;0.000000;0.000000;0.000000;96.000000;0.000000;0.000000;-72.000000;0.000000;-100.000000;-100.000000]
17.000000,0,[1;2;3;4;5;6;7;8;9;10;11],[2;2;1;2;1;0;0;2;0;0;1],[0;0;-1;0;-1;-1;-1;-1;-1;-1;1],[100.000000;100.000000;0.000000;100.000000;96.000000;0.000000;0.000000;-72.000000;0.000000;0.000000;-100.000000]
17.000000,1,[1;2;3;4;5;6;7;8;9;10;11],[0;0;0;0;1;0;2;2;1;2;2],[-1;-1;-1;-1;-1;-1;-1;-1;-1;1;1],[0.000000;0.000000;0.000000;0.000000;96.000000;0.000000;-8.000000;-72.000000;0.000000;-100.000000;-100.000000]
18.000000,0,[1;2;3;4;5;6;7;8;9;10;11],[2;2;1;2;1;0;0;0;0;0;1],[0;0;-1;0;-1;-1;-1;-1;-1;-1;1],[100.000000;100.000000;0.000000;100.000000;96.000000;0.000000;0.000000;0.000000;0.000000;0.000000;-100.000000]
18.000000,1,[1;2;3;4;5;6;7;8;9;10;11],[0;0;0;0;1;0;2;2;1;2;2],[-1;-1;-1;-1;-1;-1;-1;-1;-1;1;1],[0.000000;0.000000;0.000000;0.000000;96.000000;0.000000;-16.000000;-80.000000;0.000000;-100.000000;-100.000000]
19.000000,0,[1;2;3;4;5;6;7;8;9;10;11],[2;2;1;2;1;0;0;0;0;0;1],[0;0;-1;0;-1;-1;-1;-1;-1;-1;1],[100.000000;100.000000;0.000000;100.000000;88.000000;0.000000;0.000000;0.000000;0.000000;0.000000;-100.000000]
19.000000,1,[1;2;3;4;5;6;7;8;9;10;11],[0;0;0;0;2;0;2;2;2;2;2],[-1;-1;-1;-1;-1;-1;-1;-1;-1;1;1],[0.000000;0.000000;0.000000;0.000000;88.000000;0.000000;-24.000000;-88.000000;-8.000000;-100.000000;-100.000000]
20.000000,0,[1;2;3;4;5;6;7;8;9;10;11],[2;2;1;2;1;0;0;0;0;0;2],[0;0;-1;0;-1;-1;-1;-1;-1;-1;1],[100.000000;100.000000;0.000000;100.000000;80.000000;0.000000;0.000000;0.000000;0.000000;0.000000;-100.000000]
20.000000,1,[1;2;3;4;5;6;7;8;9;10;11],[0;0;0;0;2;0;2;2;2;2;2],[-1;-1;-1;-1;-1;-1;-1;-1;-1;1;1],[0.000000;0.000000;0.000000;0.000000;80.000000;0.000000;-32.000000;-96.000000;-16.000000;-100.000000;-100.000000]
21.000000,0,[1;2;3;4;5;6;7;8;9;10;11],[2;2;1;2;1;0;0;0;0;0;2],[0;0;-1;0;-1;-1;-1;-1;-1;-1;1],[100.000000;100.000000;0.000000;100.000000;80.000000;0.000000;0.000000;0.000000;0.000000;0.000000;-100.000000]
21.000000,1,[1;2;3;4;5;6;7;8;9;10;11],[0;0;1;0;1;0;2;2;2;2;2],[-1;-1;-1;-1;-1;-1;-1;1;-1;1;1],[0.000000;0.000000;0.000000;0.000000;80.000000;0.000000;-40.000000;-100.000000;-24.000000;-100.000000;-100.000000]
22.000000,0,[1;2;3;4;5;6;7;8;9;10;11],[2;2;1;2;1;0;0;0;0;0;2],[0;0;-1;0;-1;-1;-1;-1;-1;-1;1],[100.000000;100.000000;0.000000;100.000000;80.000000;0.000000;0.000000;0.000000;0.000000;0.000000;-100.000000]
22.000000,1,[1;2;3;4;5;6;7;8;9;10;11],[0;0;1;0;1;0;0;2;2;2;2],[-1;-1;-1;-1;-1;-1;-1;1;-1;1;1],[0.000000;0.000000;0.000000;0.000000;80.000000;0.000000;0.000000;-100.000000;-32.000000;-100.000000;-100.000000]
23.000000,0,[1;2;3;4;5;6;7;8;9;10;11],[2;2;1;2;1;0;0;0;0;0;2],[0;0;-1;0;-1;-1;-1;-1;-1;-1;1],[100.000000;100.000000;0.000000;100.000000;72.000000;0.000000;0.000000;0.000000;0.000000;0.000000;-100.000000]
23.000000,1,[1;2;3;4;5;6;7;8;9;10;11],[0;0;1;0;2;0;0;2;2;2;2],[-1;-1;-1;-1;-1;-1;-1;1;-1;1;1],[0.000000;0.000000;0.000000;0.000000;72.000000;0.000000;0.000000;-100.000000;-40.000000;-100.000000;-100.000000]
24.000000,0,[1;2;3;4;5;6;7;8;9;10;11],[2;2;1;2;1;0;0;0;0;0;2],[0;0;-1;0;-1;-1;-1;-1;-1;-1;1],[100.000000;100.000000;0.000000;100.000000;64.000000;0.000000;0.000000;0.000000;0.000000;0.000000;-94.000000]
24.000000,1,[1;2;3;4;5;6;7;8;9;10;11],[0;0;1;0;2;0;0;2;1;2;2],[-1;-1;-1;-1;-1;-1;-1;1;-1;1;1],[0.000000;0.000000;0.000000;0.000000;64.000000;0.000000;0.000000;-100.000000;-40.000000;-100.000000;-94.000000]
25.000000,0,[1;2;3;4;5;6;7;8;9;10;11],[2;2;1;2;1;0;0;0;0;0;2],[0;0;-1;0;-1;-1;-1;-1;-1;-1;1],[100.000000;100.000000;-8.000000;100.000000;56.000000;0.000000;0.000000;0.000000;0.000000;0.000000;-88.000000]
25.000000,1,[1;2;3;4;5;6;7;8;9;10;11],[0;0;2;0;2;0;0;2;1;2;2],[-1;-1;-1;-1;-1;-1;-1;1;-1;1;1],[0.000000;0.000000;-8.000000;0.000000;56.000000;0.000000;0.000000;-100.000000;-40.000000;-100.000000;-88.000000]
26.000000,0,[1;2;3;4;5;6;7;8;9;10;11],[2;2;1;2;1;0;0;0;0;0;2],[0;0;-1;0;-1;-1;-1;-1;-1;-1;1],[100.000000;100.000000;-16.000000;100.000000;48.000000;0.000000;0.000000;0.000000;0.000000;0.000000;-88.000000]
26.000000,1,[1;2;3;4;5;6;7;8;9;10;11],[0;0;2;0;2;0;0;2;1;2;2],[-1;-1;-1;-1;-1;-1;-1;1;-1;1;1],[0.000000;0.000000;-16.000000;0.000000;48.000000;0.000000;0.000000;-100.000000;-40.000000;-100.000000;-88.000000]
27.000000,0,[1;2;3;4;5;6;7;8;9;10;11],[2;2;1;2;1;0;0;0;0;0;2],[0;0;-1;0;-1;-1;-1;-1;-1;-1;1],[100.000000;100.000000;-32.000000;100.000000;48.000000;0.000000;0.000000;0.000000;0.000000;0.000000;-88.000000]
27.000000,1,[1;2;3;4;5;6;7;8;9;10;11],[0;0;2;0;1;0;0;2;1;2;2],[-1;-1;-1;-1;-1;-1;-1;1;-1;1;1],[0.000000;0.000000;-32.000000;0.000000;48.000000;0.000000;0.000000;-100.000000;-40.000000;-100.000000;-88.000000]
28.000000,0,[1;2;3;4;5;6;7;8;9;10;11],[2;2;1;2;1;0;0;0;0;0;2],[0;0;-1;0;-1;-1;-1;-1;-1;-1;1],[100.000000;100.000000;-40.000000;100.000000;48.000000;0.000000;0.000000;0.000000;0.000000;0.000000;-88.000000]
28.000000,1,[1;2;3;4;5;6;7;8;9;10;11],[0;0;2;0;1;0;0;2;2;2;2],[-1;-1;-1;-1;-1;-1;-1;1;-1;1;1],[0.000000;0.000000;-40.000000;0.000000;48.000000;0.000000;0.000000;-100.000000;-52.000000;-100.000000;-88.000000]
29.000000,0,[1;2;3;4;5;6;7;8;9;10;11],[2;2;1;2;1;0;0;0;0;0;2],[0;0;-1;0;-1;-1;-1;-1;-1;-1;1],[100.000000;100.000000;-48.000000;100.000000;48.000000;0.000000;0.000000;0.000000;0.000000;0.000000;-88.000000]
29.000000,1,[1;2;3;4;5;6;7;8;9;10;11],[0;0;2;0;1;0;0;2;2;2;2],[-1;-1;-1;-1;-1;-1;-1;1;-1;1;1],[0.000000;0.000000;-48.000000;0.000000;48.000000;0.000000;0.000000;-100.000000;-64.000000;-100.000000;-88.000000]
30.000000,0,[1;2;3;4;5;6;7;8;9;10;11],[2;2;1;2;1;0;0;0;0;0;2],[0;0;-1;0;-1;-1;-1;-1;-1;-1;1],[100.000000;100.000000;-56.000000;100.000000;40.000000;0.000000;0.000000;0.000000;0.000000;0.000000;-88.000000]
30.000000,1,[1;2;3;4;5;6;7;8;9;10;11],[0;0;2;0;2;1;0;2;1;2;2],[-1;-1;-1;-1;-1;-1;-1;1;-1;1;1],[0.000000;0.000000;-56.000000;0.000000;40.000000;0.000000;0.000000;-100.000000;-64.000000;-100.000000;-88.000000]
31.000000,0,[1;2;3;4;5;6;7;8;9;10;11],[2;2;1;2;1;0;0;0;0;0;2],[0;0;-1;0;-1;-1;-1;-1;-1;-1;1],[100.000000;100.000000;-64.000000;100.000000;24.000000;0.000000;0.000000;0.000000;0.000000;0.000000;-88.000000]
31.000000,1,[1;2;3;4;5;6;7;8;9;10;11],[0;0;2;0;2;1;0;2;1;2;2],[-1;-1;-1;-1;-1;-1;-1;1;-1;1;1],[0.000000;0.000000;-64.000000;0.000000;24.000000;0.000000;0.000000;-100.000000;-64.000000;-100.000000;-88.000000]
32.000000,0,[1;2;3;4;5;6;7;8;9;10;11],[2;2;1;2;1;0;0;0;0;0;2],[0;0;-1;0;-1;-1;-1;-1;-1;-1;1],[100.000000;100.000000;-72.000000;100.000000;8.000000;0.000000;0.000000;0.000000;0.000000;0.000000;-88.000000]
32.000000,1,[1;2;3;4;5;6;7;8;9;10;11],[0;0;2;0;2;1;0;2;1;2;2],[-1;-1;-1;-1;-1;-1;-1;1;-1;1;1],[0.000000;0.000000;-72.000000;0.000000;8.000000;0.000000;0.000000;-100.000000;-64.000000;-100.000000;-88.000000]
33.000000,0,[1;2;3;4;5;6;7;8;9;10;11],[2;2;1;2;1;0;1;0;0;0;2],[0;0;-1;0;-1;-1;-1;-1;-1;-1;1],[100.000000;100.000000;-80.000000;100.000000;-8.000000;0.000000;-40.000000;0.000000;0.000000;0.000000;-88.000000]
33.000000,1,[1;2;3;4;5;6;7;8;9;10;11],[0;0;2;0;2;2;0;2;2;2;2],[-1;-1;-1;-1;-1;-1;-1;1;-1;1;1],[0.000000;0.000000;-80.000000;0.000000;-8.000000;-12.000000;0.000000;-100.000000;-72.000000;-100.000000;-88.000000]
34.000000,0,[1;2;3;4;5;6;7;8;9;10;11],[2;2;1;2;1;0;1;0;0;0;2],[0;0;-1;0;-1;-1;-1;-1;-1;-1;1],[100.000000;100.000000;-80.000000;100.000000;-16.000000;0.000000;-40.000000;0.000000;0.000000;0.000000;-88.000000]
34.000000,1,[1;2;3;4;5;6;7;8;9;10;11],[0;0;1;0;2;1;0;2;2;2;2],[-1;-1;-1;-1;-1;-1;-1;1;-1;1;1],[0.000000;0.000000;-80.000000;0.000000;-16.000000;-12.000000;0.000000;-100.000000;-80.000000;-100.000000;-88.000000]
35.000000,0,[1;2;3;4;5;6;7;8;9;10;11],[2;2;1;2;1;0;1;1;0;0;2],[0;0;-1;0;-1;-1;-1;1;-1;-1;1],[100.000000;100.000000;-80.000000;100.000000;-24.000000;0.000000;-40.000000;-100.000000;0.000000;0.000000;-85.200000]
35.000000,1,[1;2;3;4;5;6;7;8;9;10;11],[0;0;1;0;2;1;0;2;2;2;2],[-1;-1;-1;-1;-1;-1;-1;1;1;1;1],[0.000000;0.000000;-80.000000;0.000000;-24.000000;-12.000000;0.000000;-100.000000;-100.000000;-100.000000;-85.200000]
36.000000,0,[1;2;3;4;5;6;7;8;9;10;11],[2;2;1;2;1;0;1;1;0;0;2],[0;0;-1;0;-1;-1;-1;1;-1;-1;1],[100.000000;100.000000;-80.000000;100.000000;-32.000000;0.000000;-40.000000;-100.000000;0.000000;0.000000;-83.800000]
36.000000,1,[1;2;3;4;5;6;7;8;9;10;11],[0;0;1;0;2;1;0;2;2;2;2],[-1;-1;-1;-1;-1;-1;-1;1;1;1;1],[0.000000;0.000000;-80.000000;0.000000;-32.000000;-12.000000;0.000000;-100.000000;-100.000000;-100.000000;-83.800000]
37.000000,0,[1;2;3;4;5;6;7;8;9;10;11],[2;2;1;2;1;0;2;1;0;0;0],[0;0;-1;0;-1;-1;-1;1;-1;-1;-1],[100.000000;100.000000;-92.000000;100.000000;-40.000000;0.000000;0.000000;-100.000000;0.000000;0.000000;0.000000]
37.000000,1,[1;2;3;4;5;6;7;8;9;10;11],[0;0;2;0;2;2;0;2;2;2;2],[-1;-1;-1;-1;-1;-1;-1;1;1;1;1],[0.000000;0.000000;-92.000000;0.000000;-40.000000;-20.000000;0.000000;-100.000000;-100.000000;-100.000000;-83.800000]
38.000000,0,[1;2;3;4;5;6;7;8;9;10;11],[2;2;1;2;1;0;2;2;1;0;0],[0;0;-1;0;-1;-1;-1;1;1;-1;-1],[100.000000;100.000000;-92.000000;100.000000;-48.000000;0.000000;36.000000;-100.000000;-100.000000;0.000000;0.000000]
38.000000,1,[1;2;3;4;5;6;7;8;9;10;11],[0;0;0;0;2;2;0;2;2;2;2],[-1;-1;-1;-1;-1;-1;-1;1;1;1;1],[0.000000;0.000000;0.000000;0.000000;-48.000000;-28.000000;0.000000;-100.000000;-100.000000;-100.000000;-83.800000]
39.000000,0,[1;2;3;4;5;6;7;8;9;10;11],[2;2;1;2;1;0;0;2;1;0;0],[0;0;-1;0;-1;-1;-1;1;1;-1;-1],[100.000000;100.000000;-92.000000;100.000000;-56.000000;0.000000;0.000000;-100.000000;-100.000000;0.000000;0.000000]
39.000000,1,[1;2;3;4;5;6;7;8;9;10;11],[0;0;0;0;2;2;1;2;2;2;2],[-1;-1;-1;-1;-1;-1;-1;1;1;1;1],[0.000000;0.000000;0.000000;0.000000;-56.000000;-36.000000;36.000000;-100.000000;-100.000000;-100.000000;-83.800000]
40.000000,0,[1;2;3;4;5;6;7;8;9;10;11],[2;2;1;2;1;0;0;2;1;0;0],[0;0;-1;0;-1;-1;-1;1;1;-1;-1],[100.000000;100.000000;-92.000000;100.000000;-64.000000;0.000000;0.000000;-100.000000;-100.000000;0.000000;0.000000]
40.000000,1,[1;2;3;4;5;6;7;8;9;10;11],[0;0;0;0;2;2;1;2;2;2;2],[-1;-1;-1;-1;-1;-1;-1;1;1;1;1],[0.000000;0.000000;0.000000;0.000000;-64.000000;-44.000000;36.000000;-100.000000;-100.000000;-100.000000;-83.800000]
41.000000,0,[1;2;3;4;5;6;7;8;9;10;11],[2;2;1;2;1;0;0;2;1;0;1],[0;0;-1;0;-1;-1;-1;1;1;-1;1],[100.000000;100.000000;-92.000000;100.000000;-72.000000;0.000000;0.000000;-100.000000;-100.000000;0.000000;-83.800000]
41.000000,1,[1;2;3;4;5;6;7;8;9;10;11],[0;0;0;0;2;2;1;2;2;2;2],[-1;-1;-1;-1;-1;-1;-1;1;1;1;1],[0.000000;0.000000;0.000000;0.000000;-72.000000;-52.000000;36.000000;-100.000000;-100.000000;-100.000000;-83.800000]
42.000000,0,[1;2;3;4;5;6;7;8;9;10;11],[2;2;1;2;1;0;0;0;1;0;1],[0;0;-1;0;-1;-1;-1;-1;1;-1;1],[100.000000;100.000000;-92.000000;100.000000;-80.000000;0.000000;0.000000;0.000000;-100.000000;0.000000;-83.800000]
42.000000,1,[1;2;3;4;5;6;7;8;9;10;11],[0;0;1;0;2;0;1;2;2;2;2],[-1;-1;-1;-1;-1;-1;-1;1;1;1;1],[0.000000;0.000000;-92.000000;0.000000;-80.000000;0.000000;36.000000;-100.000000;-100.000000;-100.000000;-83.800000]
43.000000,0,[1;2;3;4;5;6;7;8;9;10;11],[2;2;1;2;1;0;0;0;1;0;1],[0;0;-1;0;-1;-1;-1;-1;1;-1;1],[100.000000;100.000000;-92.000000;100.000000;-96.000000;0.000000;0.000000;0.000000;-100.000000;0.000000;-83.800000]
43.000000,1,[1;2;3;4;5;6;7;8;9;10;11],[0;0;1;0;2;0;2;2;2;2;2],[-1;-1;-1;-1;-1;-1;-1;1;1;1;1],[0.000000;0.000000;-92.000000;0.000000;-96.000000;0.000000;20.000000;-100.000000;-100.000000;-100.000000;-83.800000]
44.000000,0,[1;2;3;4;5;6;7;8;9;10;11],[2;2;1;2;1;0;0;0;2;0;2],[0;0;-1;0;1;-1;-1;-1;1;-1;1],[100.000000;100.000000;-92.000000;100.000000;-100.000000;0.000000;0.000000;0.000000;-60.000000;0.000000;-83.000000]
44.000000,1,[1;2;3;4;5;6;7;8;9;10;11],[0;0;1;0;2;0;2;2;2;2;2],[-1;-1;-1;-1;1;-1;-1;1;1;1;1],[0.000000;0.000000;-92.000000;0.000000;-100.000000;0.000000;4.000000;-100.000000;-60.000000;-100.000000;-83.000000]
45.000000,0,[1;2;3;4;5;6;7;8;9;10;11],[2;2;1;2;1;0;0;0;2;0;2],[0;0;1;0;1;-1;-1;-1;-1;-1;1],[100.000000;100.000000;-100.000000;100.000000;-100.000000;0.000000;0.000000;0.000000;16.000000;0.000000;-80.600000]
45.000000,1,[1;2;3;4;5;6;7;8;9;10;11],[0;0;2;0;2;0;2;2;1;2;2],[-1;-1;1;-1;1;-1;-1;1;-1;1;1],[0.000000;0.000000;-100.000000;0.000000;-100.000000;0.000000;-12.000000;-100.000000;16.000000;-100.000000;-80.600000]
46.000000,0,[1;2;3;4;5;6;7;8;9;10;11],[2;2;1;2;1;0;0;0;2;0;2],[0;0;1;0;1;-1;-1;-1;-1;-1;1],[100.000000;100.000000;-100.000000;100.000000;-100.000000;0.000000;0.000000;0.000000;16.000000;0.000000;-78.200000]
46.000000,1,[1;2;3;4;5;6;7;8;9;10;11],[0;0;2;0;2;0;2;2;2;2;2],[-1;-1;1;-1;1;-1;-1;1;-1;1;1],[0.000000;0.000000;-100.000000;0.000000;-100.000000;0.000000;-28.000000;-100.000000;16.000000;-100.000000;-78.200000]
47.000000,0,[1;2;3;4;5;6;7;8;9;10;11],[2;2;1;2;1;0;0;0;2;0;2],[0;0;1;0;1;-1;-1;-1;-1;-1;1],[100.000000;100.000000;-100.000000;100.000000;-100.000000;0.000000;0.000000;0.000000;92.000000;0.000000;-75.800000]
47.000000,1,[1;2;3;4;5;6;7;8;9;10;11],[0;0;2;0;2;0;2;2;1;2;2],[-1;-1;1;-1;1;-1;-1;1;-1;1;1],[0.000000;0.000000;-100.000000;0.000000;-100.000000;0.000000;-44.000000;-100.000000;92.000000;-100.000000;-75.800000]
48.000000,0,[1;2;3;4;5;6;7;8;9;10;11],[2;2;1;2;1;0;0;0;2;0;2],[0;0;1;0;1;-1;-1;-1;0;-1;1],[100.000000;100.000000;-100.000000;100.000000;-100.000000;0.000000;0.000000;0.000000;100.000000;0.000000;-73.400000]
48.000000,1,[1;2;3;4;5;6;7;8;9;10;11],[0;0;2;0;2;0;2;2;1;2;2],[-1;-1;1;-1;1;-1;-1;1;0;1;1],[0.000000;0.000000;-100.000000;0.000000;-100.000000;0.000000;-60.000000;-100.000000;100.000000;-100.000000;-73.400000]
49.000000,0,[1;2;3;4;5;6;7;8;9;10;11],[2;2;1;2;1;0;0;0;2;0;2],[0;0;1;0;1;-1;-1;-1;0;-1;1],[100.000000;100.000000;-100.000000;100.000000;-100.000000;0.000000;0.000000;0.000000;100.000000;0.000000;-71.000000]
49.000000,1,[1;2;3;4;5;6;7;8;9;10;11],[0;0;2;1;2;0;0;2;2;2;2],[-1;-1;1;0;1;-1;-1;1;0;1;1],[0.000000;0.000000;-100.000000;100.000000;-100.000000;0.000000;0.000000;-100.000000;100.000000;-100.000000;-71.000000]
50.000000,0,[1;2;3;4;5;6;7;8;9;10;11],[2;2;1;2;1;0;0;0;2;0;2],[0;0;1;0;1;-1;-1;-1;0;-1;1],[100.000000;100.000000;-100.000000;100.000000;-100.000000;0.000000;0.000000;0.000000;100.000000;0.000000;-68.600000]
50.000000,1,[1;2;3;4;5;6;7;8;9;10;11],[0;0;2;1;2;1;0;2;1;2;2],[-1;-1;1;0;1;-1;-1;1;0;1;1],[0.000000;0.000000;-100.000000;100.000000;-100.000000;-52.000000;0.000000;-100.000000;100.000000;-100.000000;-68.600000]
51.000000,0,[1;2;3;4;5;6;7;8;9;10;11],[2;2;1;2;1;0;0;0;2;0;2],[0;0;1;0;1;-1;-1;-1;0;-1;1],[100.000000;100.000000;-100.000000;100.000000;-100.000000;0.000000;0.000000;0.000000;100.000000;0.000000;-68.600000]
51.000000,1,[1;2;3;4;5;6;7;8;9;10;11],[0;0;2;1;2;1;0;2;1;2;2],[-1;-1;1;0;1;-1;-1;1;0;1;1],[0.000000;0.000000;-100.000000;100.000000;-100.000000;-52.000000;0.000000;-100.000000;100.000000;-100.000000;-68.600000]
52.000000,0,[1;2;3;4;5;6;7;8;9;10;11],[2;2;1;2;1;0;0;0;2;0;2],[0;0;1;0;1;-1;-1;-1;0;-1;1],[100.000000;100.000000;-100.000000;100.000000;-100.000000;0.000000;0.000000;0.000000;100.000000;0.000000;-68.600000]
52.000000,1,[1;2;3;4;5;6;7;8;9;10;11],[0;0;2;1;2;1;0;2;1;2;2],[-1;-1;1;0;1;-1;-1;1;0;1;1],[0.000000;0.000000;-100.000000;100.000000;-100.000000;-52.000000;0.000000;-100.000000;100.000000;-100.000000;-68.600000]
53.000000,0,[1;2;3;4;5;6;7;8;9;10;11],[2;2;1;2;1;0;0;0;2;0;2],[0;0;1;0;1;-1;-1;-1;0;-1;1],[100.000000;100.000000;-100.000000;84.000000;-100.000000;0.000000;0.000000;0.000000;100.000000;0.000000;-68.600000]
53.000000,1,[1;2;3;4;5;6;7;8;9;10;11],[0;0;2;2;2;2;0;2;1;2;2],[-1;-1;1;0;1;-1;-1;1;0;1;1],[0.000000;0.000000;-100.000000;84.000000;-100.000000;-68.000000;0.000000;-100.000000;100.000000;-100.000000;-68.600000]
54.000000,0,[1;2;3;4;5;6;7;8;9;10;11],[2;2;1;2;1;0;0;0;2;0;2],[0;0;1;0;1;-1;-1;-1;0;-1;1],[100.000000;100.000000;-100.000000;68.000000;-100.000000;0.000000;0.000000;0.000000;100.000000;0.000000;-68.600000]
54.000000,1,[1;2;3;4;5;6;7;8;9;10;11],[0;1;2;2;2;2;0;2;1;2;2],[-1;0;1;0;1;-1;-1;1;0;1;1],[0.000000;100.000000;-100.000000;68.000000;-100.000000;-84.000000;0.000000;-100.000000;100.000000;-100.000000;-68.600000]
55.000000,0,[1;2;3;4;5;6;7;8;9;10;11],[2;2;1;2;2;0;0;0;2;0;2],[0;0;1;0;1;-1;-1;-1;0;-1;1],[100.000000;100.000000;-100.000000;68.000000;-100.000000;0.000000;0.000000;0.000000;100.000000;0.000000;-68.600000]
55.000000,1,[1;2;3;4;5;6;7;8;9;10;11],[1;1;2;0;2;2;0;2;1;2;2],[0;0;1;-1;1;1;-1;1;0;1;1],[100.000000;100.000000;-100.000000;0.000000;-100.000000;-100.000000;0.000000;-100.000000;100.000000;-100.000000;-68.600000]
56.000000,0,[1;2;3;4;5;6;7;8;9;10;11],[2;2;1;2;2;0;0;0;2;0;2],[0;0;1;0;1;-1;-1;-1;0;-1;1],[100.000000;100.000000;-100.000000;68.000000;-100.000000;0.000000;0.000000;0.000000;100.000000;0.000000;-68.600000]
56.000000,1,[1;2;3;4;5;6;7;8;9;10;11],[1;1;2;0;2;2;0;2;1;2;2],[0;0;1;-1;1;1;-1;1;0;1;1],[100.000000;100.000000;-100.000000;0.000000;-100.000000;-100.000000;0.000000;-100.000000;100.000000;-100.000000;-68.600000]
57.000000,0,[1;2;3;4;5;6;7;8;9;10;11],[2;2;1;2;2;0;0;0;2;0;2],[0;0;1;0;1;-1;-1;-1;0;-1;1],[100.000000;100.000000;-100.000000;68.000000;-100.000000;0.000000;0.000000;0.000000;100.000000;0.000000;-68.600000]
57.000000,1,[1;2;3;4;5;6;7;8;9;10;11],[1;1;2;0;2;2;0;2;1;2;2],[0;0;1;-1;1;1;-1;1;0;1;1],[100.000000;100.000000;-100.000000;0.000000;-100.000000;-100.000000;0.000000;-100.000000;100.000000;-100.000000;-68.600000]
58.000000,0,[1;2;3;4;5;6;7;8;9;10;11],[2;2;0;2;2;0;0;0;2;0;0],[0;0;-1;0;1;-1;-1;-1;0;-1;-1],[100.000000;84.000000;0.000000;68.000000;-100.000000;0.000000;0.000000;0.000000;100.000000;0.000000;0.000000]
58.000000,1,[1;2;3;4;5;6;7;8;9;10;11],[1;2;2;0;2;2;0;2;1;2;2],[0;0;1;-1;1;1;-1;1;0;1;1],[100.000000;84.000000;-100.000000;0.000000;-100.000000;-100.000000;0.000000;-100.000000;100.000000;-100.000000;-68.600000]
59.000000,0,[1;2;3;4;5;6;7;8;9;10;11],[2;2;0;2;2;0;0;1;2;0;0],[0;0;-1;0;1;-1;-1;1;0;-1;-1],[100.000000;84.000000;0.000000;68.000000;-100.000000;0.000000;0.000000;-100.000000;92.000000;0.000000;0.000000]
59.000000,1,[1;2;3;4;5;6;7;8;9;10;11],[1;0;2;0;2;2;0;2;2;2;2],[0;-1;1;-1;1;1;-1;1;0;1;1],[100.000000;0.000000;-100.000000;0.000000;-100.000000;-100.000000;0.000000;-100.000000;92.000000;-100.000000;-68.600000]
60.000000,0,[1;2;3;4;5;6;7;8;9;10;11],[2;2;0;2;2;0;0;1;2;0;0],[0;0;-1;0;1;-1;-1;1;0;-1;-1],[100.000000;84.000000;0.000000;68.000000;-100.000000;0.000000;0.000000;-100.000000;84.000000;0.000000;0.000000]
60.000000,1,[1;2;3;4;5;6;7;8;9;10;11],[1;0;2;0;2;2;0;2;2;2;2],[0;-1;1;-1;1;1;-1;1;0;1;1],[100.000000;0.000000;-100.000000;0.000000;-100.000000;-100.000000;0.000000;-100.000000;84.000000;-100.000000;-68.600000]
61.000000,0,[1;2;3;4;5;6;7;8;9;10;11],[2;2;0;2;0;0;0;1;2;0;0],[0;0;-1;0;-1;-1;-1;1;0;-1;-1],[96.800000;84.000000;0.000000;68.000000;0.000000;0.000000;0.000000;-100.000000;84.000000;0.000000;0.000000]
61.000000,1,[1;2;3;4;5;6;7;8;9;10;11],[2;0;2;0;2;2;0;2;1;2;2],[0;-1;1;-1;1;1;-1;1;0;1;1],[96.800000;0.000000;-100.000000;0.000000;-100.000000;-100.000000;0.000000;-100.000000;84.000000;-100.000000;-68.600000]
62.000000,0,[1;2;3;4;5;6;7;8;9;10;11],[2;2;0;2;0;0;0;1;2;0;0],[0;0;-1;0;-1;-1;-1;1;0;-1;-1],[93.600000;84.000000;0.000000;68.000000;0.000000;0.000000;0.000000;-100.000000;72.000000;0.000000;0.000000]
62.000000,1,[1;2;3;4;5;6;7;8;9;10;11],[2;0;2;0;2;2;0;2;2;2;2],[0;-1;1;-1;1;1;-1;1;0;1;1],[93.600000;0.000000;-100.000000;0.000000;-100.000000;-100.000000;0.000000;-100.000000;72.000000;-100.000000;-68.600000]
63.000000,0,[1;2;3;4;5;6;7;8;9;10;11],[2;2;0;2;0;0;0;2;2;0;0],[0;0;-1;0;-1;-1;-1;1;0;-1;-1],[90.400000;84.000000;0.000000;68.000000;0.000000;0.000000;0.000000;-100.000000;60.000000;0.000000;0.000000]
63.000000,1,[1;2;3;4;5;6;7;8;9;10;11],[2;0;2;0;2;2;0;2;2;2;2],[0;-1;1;-1;1;1;-1;1;0;1;1],[90.400000;0.000000;-100.000000;0.000000;-100.000000;-100.000000;0.000000;-100.000000;60.000000;-100.000000;-68.600000]
64.000000,0,[1;2;3;4;5;6;7;8;9;10;11],[2;2;0;2;0;0;0;2;2;0;0],[0;0;-1;0;-1;-1;-1;1;0;-1;-1],[87.200000;84.000000;0.000000;68.000000;0.000000;0.000000;0.000000;-12.000000;60.000000;0.000000;0.000000]
64.000000,1,[1;2;3;4;5;6;7;8;9;10;11],[2;0;2;0;2;2;0;2;1;2;2],[0;-1;1;-1;1;1;-1;1;0;1;1],[87.200000;0.000000;-100.000000;0.000000;-100.000000;-100.000000;0.000000;-12.000000;60.000000;-100.000000;-68.600000]
65.000000,0,[1;2;3;4;5;6;7;8;9;10;11],[2;2;0;2;0;0;0;2;2;0;0],[0;0;-1;0;-1;-1;-1;-1;0;-1;-1],[84.000000;84.000000;0.000000;68.000000;0.000000;0.000000;0.000000;88.000000;60.000000;0.000000;0.000000]
65.000000,1,[1;2;3;4;5;6;7;8;9;10;11],[2;0;2;0;2;2;0;1;1;2;2],[0;-1;1;-1;1;1;-1;-1;0;1;1],[84.000000;0.000000;-100.000000;0.000000;-100.000000;-100.000000;0.000000;88.000000;60.000000;-100.000000;-68.600000]
66.000000,0,[1;2;3;4;5;6;7;8;9;10;11],[2;2;0;2;1;0;0;2;2;0;1],[0;0;-1;0;1;-1;-1;0;0;-1;1],[80.800000;84.000000;0.000000;68.000000;-100.000000;0.000000;0.000000;100.000000;60.000000;0.000000;-68.600000]
66.000000,1,[1;2;3;4;5;6;7;8;9;10;11],[2;1;2;0;2;2;0;1;1;2;2],[0;0;1;-1;1;1;-1;0;0;1;1],[80.800000;84.000000;-100.000000;0.000000;-100.000000;-100.000000;0.000000;100.000000;60.000000;-100.000000;-68.600000]
67.000000,0,[1;2;3;4;5;6;7;8;9;10;11],[2;2;0;2;1;0;0;2;2;0;1],[0;0;-1;0;1;-1;-1;0;0;-1;1],[77.600000;84.000000;0.000000;68.000000;-100.000000;0.000000;0.000000;100.000000;60.000000;0.000000;-68.600000]
67.000000,1,[1;2;3;4;5;6;7;8;9;10;11],[2;1;2;0;2;2;0;2;1;2;2],[0;0;1;-1;1;1;-1;0;0;1;1],[77.600000;84.000000;-100.000000;0.000000;-100.000000;-100.000000;0.000000;100.000000;60.000000;-100.000000;-68.600000]
68.000000,0,[1;2;3;4;5;6;7;8;9;10;11],[2;2;0;2;0;0;0;2;2;0;1],[0;0;-1;0;-1;-1;-1;0;0;-1;1],[74.400000;84.000000;0.000000;68.000000;0.000000;0.000000;0.000000;92.000000;52.000000;0.000000;-68.600000]
68.000000,1,[1;2;3;4;5;6;7;8;9;10;11],[2;1;2;0;2;2;0;2;2;2;2],[0;0;1;-1;1;1;-1;0;0;1;1],[74.400000;84.000000;-100.000000;0.000000;-100.000000;-100.000000;0.000000;92.000000;52.000000;-100.000000;-68.600000]
69.000000,0,[1;2;3;4;5;6;7;8;9;10;11],[2;2;0;2;0;0;0;2;2;0;1],[0;0;-1;0;-1;-1;-1;0;0;-1;1],[71.200000;84.000000;0.000000;68.000000;0.000000;0.000000;0.000000;84.000000;52.000000;0.000000;-68.600000]
69.000000,1,[1;2;3;4;5;6;7;8;9;10;11],[2;1;2;0;2;2;0;2;0;2;2],[0;0;1;-1;1;1;-1;0;-1;1;1],[71.200000;84.000000;-100.000000;0.000000;-100.000000;-100.000000;0.000000;84.000000;0.000000;-100.000000;-68.600000]
70.000000,0,[1;2;3;4;5;6;7;8;9;10;11],[2;2;0;2;0;0;0;2;2;0;1],[0;0;-1;0;-1;-1;-1;0;0;-1;1],[68.000000;68.000000;0.000000;68.000000;0.000000;0.000000;0.000000;84.000000;52.000000;0.000000;-68.600000]
70.000000,1,[1;2;3;4;5;6;7;8;9;10;11],[2;2;2;0;2;2;0;0;0;2;2],[0;0;1;-1;1;1;-1;-1;-1;1;1],[68.000000;68.000000;-100.000000;0.000000;-100.000000;-100.000000;0.000000;0.000000;0.000000;-100.000000;-68.600000]
71.000000,0,[1;2;3;4;5;6;7;8;9;10;11],[2;2;0;2;0;0;0;2;2;0;1],[0;0;-1;0;-1;-1;-1;0;0;-1;1],[64.800000;52.000000;0.000000;68.000000;0.000000;0.000000;0.000000;84.000000;52.000000;0.000000;-68.600000]
71.000000,1,[1;2;3;4;5;6;7;8;9;10;11],[2;2;2;0;2;2;0;0;0;2;2],[0;0;1;-1;1;1;-1;-1;-1;1;1],[64.800000;52.000000;-100.000000;0.000000;-100.000000;-100.000000;0.000000;0.000000;0.000000;-100.000000;-68.600000]
72.000000,0,[1;2;3;4;5;6;7;8;9;10;11],[2;2;0;2;0;0;0;2;2;0;2],[0;0;-1;0;-1;-1;-1;0;0;-1;1],[61.600000;36.000000;0.000000;68.000000;0.000000;0.000000;0.000000;84.000000;52.000000;0.000000;-60.600000]
72.000000,1,[1;2;3;4;5;6;7;8;9;10;11],[2;2;2;0;2;2;0;0;1;2;2],[0;0;1;-1;1;1;-1;-1;0;1;1],[61.600000;36.000000;-100.000000;0.000000;-100.000000;-100.000000;0.000000;0.000000;52.000000;-100.000000;-60.600000]
73.000000,0,[1;2;3;4;5;6;7;8;9;10;11],[2;2;0;2;0;0;0;2;2;0;2],[0;0;-1;0;-1;-1;-1;0;0;-1;1],[61.600000;36.000000;0.000000;68.000000;0.000000;0.000000;0.000000;84.000000;52.000000;0.000000;-46.200000]
73.000000,1,[1;2;3;4;5;6;7;8;9;10;11],[0;0;2;1;2;2;0;0;1;2;2],[-1;-1;1;0;1;1;-1;-1;0;1;1],[0.000000;0.000000;-100.000000;68.000000;-100.000000;-100.000000;0.000000;0.000000;52.000000;-100.000000;-46.200000]
74.000000,0,[1;2;3;4;5;6;7;8;9;10;11],[2;2;0;2;0;0;0;2;2;0;2],[0;0;-1;0;-1;-1;-1;0;0;-1;1],[61.600000;36.000000;0.000000;68.000000;0.000000;0.000000;0.000000;84.000000;52.000000;0.000000;-26.200000]
74.000000,1,[1;2;3;4;5;6;7;8;9;10;11],[0;0;2;1;2;2;0;0;1;2;2],[-1;-1;1;0;1;1;-1;-1;0;1;1],[0.000000;0.000000;-100.000000;68.000000;-100.000000;-100.000000;0.000000;0.000000;52.000000;-100.000000;-26.200000]
75.000000,0,[1;2;3;4;5;6;7;8;9;10;11],[2;2;0;2;0;0;0;2;2;0;2],[0;0;-1;0;-1;-1;-1;0;0;-1;1],[61.600000;36.000000;0.000000;68.000000;0.000000;0.000000;0.000000;84.000000;36.000000;0.000000;-6.200000]
75.000000,1,[1;2;3;4;5;6;7;8;9;10;11],[0;0;2;1;2;2;0;0;2;2;2],[-1;-1;1;0;1;1;-1;-1;0;1;1],[0.000000;0.000000;-100.000000;68.000000;-100.000000;-100.000000;0.000000;0.000000;36.000000;-100.000000;-6.200000]
76.000000,0,[1;2;3;4;5;6;7;8;9;10;11],[2;2;0;2;0;0;0;2;2;0;2],[0;0;-1;0;-1;-1;-1;0;0;-1;1],[61.600000;36.000000;0.000000;68.000000;0.000000;0.000000;0.000000;84.000000;20.000000;0.000000;-6.200000]
76.000000,1,[1;2;3;4;5;6;7;8;9;10;11],[0;0;2;1;2;2;0;0;2;2;2],[-1;-1;1;0;1;1;-1;-1;0;1;1],[0.000000;0.000000;-100.000000;68.000000;-100.000000;-100.000000;0.000000;0.000000;20.000000;-100.000000;-6.200000]
77.000000,0,[1;2;3;4;5;6;7;8;9;10;11],[2;2;0;2;0;0;0;2;2;0;2],[0;0;-1;0;-1;-1;-1;0;0;-1;1],[61.600000;36.000000;0.000000;68.000000;0.000000;0.000000;0.000000;84.000000;4.000000;0.000000;-6.200000]
77.000000,1,[1;2;3;4;5;6;7;8;9;10;11],[0;0;2;1;2;2;0;0;2;2;2],[-1;-1;1;0;1;1;-1;-1;0;1;1],[0.000000;0.000000;-100.000000;68.000000;-100.000000;-100.000000;0.000000;0.000000;4.000000;-100.000000;-6.200000]
78.000000,0,[1;2;3;4;5;6;7;8;9;10;11],[2;2;0;2;0;0;0;2;0;0;2],[0;0;-1;0;-1;-1;-1;0;-1;-1;1],[61.600000;36.000000;0.000000;68.000000;0.000000;0.000000;0.000000;84.000000;0.000000;0.000000;-6.200000]
78.000000,1,[1;2;3;4;5;6;7;8;9;10;11],[0;0;2;1;2;2;0;0;2;2;2],[-1;-1;1;0;1;1;-1;-1;-1;1;1],[0.000000;0.000000;-100.000000;68.000000;-100.000000;-100.000000;0.000000;0.000000;-24.000000;-100.000000;-6.200000]
79.000000,0,[1;2;3;4;5;6;7;8;9;10;11],[2;2;0;2;0;0;0;2;0;0;2],[0;0;-1;0;-1;-1;-1;0;-1;-1;1],[61.600000;36.000000;0.000000;52.000000;0.000000;0.000000;0.000000;84.000000;0.000000;0.000000;-6.200000]
79.000000,1,[1;2;3;4;5;6;7;8;9;10;11],[0;0;2;2;2;2;0;0;2;2;2],[-1;-1;1;0;1;1;-1;-1;-1;1;1],[0.000000;0.000000;-100.000000;52.000000;-100.000000;-100.000000;0.000000;0.000000;-40.000000;-100.000000;-6.200000]
80.000000,0,[1;2;3;4;5;6;7;8;9;10;11],[2;2;0;2;0;0;0;2;0;0;2],[0;0;-1;0;-1;-1;-1;0;-1;-1;1],[61.600000;36.000000;0.000000;36.000000;0.000000;0.000000;0.000000;84.000000;0.000000;0.000000;-6.200000]
80.000000,1,[1;2;3;4;5;6;7;8;9;10;11],[0;0;2;2;2;2;0;0;2;2;2],[-1;-1;1;0;1;1;-1;-1;-1;1;1],[0.000000;0.000000;-100.000000;36.000000;-100.000000;-100.000000;0.000000;0.000000;-64.000000;-100.000000;-6.200000]
81.000000,0,[1;2;3;4;5;6;7;8;9;10;11],[2;2;0;2;0;0;0;2;0;0;2],[0;0;-1;0;-1;-1;-1;0;-1;-1;-1],[61.600000;36.000000;0.000000;20.000000;0.000000;0.000000;0.000000;84.000000;0.000000;0.000000;13.800000]
81.000000,1,[1;2;3;4;5;6;7;8;9;10;11],[0;0;2;2;2;2;0;0;2;2;0],[-1;-1;1;0;1;1;-1;-1;-1;1;-1],[0.000000;0.000000;-100.000000;20.000000;-100.000000;-100.000000;0.000000;0.000000;-88.000000;-100.000000;0.000000]
82.000000,0,[1;2;3;4;5;6;7;8;9;10;11],[2;2;0;2;0;0;0;2;0;0;2],[0;0;-1;0;-1;-1;-1;0;-1;-1;-1],[61.600000;36.000000;0.000000;4.000000;0.000000;0.000000;0.000000;84.000000;0.000000;0.000000;33.800000]
82.000000,1,[1;2;3;4;5;6;7;8;9;10;11],[0;1;2;2;2;2;1;0;2;2;0],[-1;0;1;0;1;1;-1;-1;1;1;-1],[0.000000;36.000000;-100.000000;4.000000;-100.000000;-100.000000;-60.000000;0.000000;-100.000000;-100.000000;0.000000]
83.000000,0,[1;2;3;4;5;6;7;8;9;10;11],[2;2;0;0;0;0;0;2;0;0;2],[0;0;-1;-1;-1;-1;-1;0;-1;-1;-1],[61.600000;36.000000;0.000000;0.000000;0.000000;0.000000;0.000000;84.000000;0.000000;0.000000;53.800000]
83.000000,1,[1;2;3;4;5;6;7;8;9;10;11],[0;1;2;2;2;2;1;0;2;2;0],[-1;0;1;-1;1;1;-1;-1;1;1;-1],[0.000000;36.000000;-100.000000;-12.000000;-100.000000;-100.000000;-60.000000;0.000000;-100.000000;-100.000000;0.000000]
84.000000,0,[1;2;3;4;5;6;7;8;9;10;11],[2;2;0;0;0;0;0;2;0;0;2],[0;0;-1;-1;-1;-1;-1;0;-1;-1;-1],[61.600000;36.000000;0.000000;0.000000;0.000000;0.000000;0.000000;84.000000;0.000000;0.000000;73.800000]
84.000000,1,[1;2;3;4;5;6;7;8;9;10;11],[0;1;2;0;2;2;1;0;2;2;0],[-1;0;1;-1;1;1;-1;-1;1;1;-1],[0.000000;36.000000;-100.000000;0.000000;-100.000000;-100.000000;-60.000000;0.000000;-100.000000;-100.000000;0.000000]
85.000000,0,[1;2;3;4;5;6;7;8;9;10;11],[2;2;0;0;0;0;0;2;0;0;2],[0;0;-1;-1;-1;-1;-1;0;-1;-1;-1],[61.600000;36.000000;0.000000;0.000000;0.000000;0.000000;0.000000;84.000000;0.000000;0.000000;93.800000]
85.000000,1,[1;2;3;4;5;6;7;8;9;10;11],[0;1;2;0;2;2;1;0;2;2;0],[-1;0;1;-1;1;1;-1;-1;1;1;-1],[0.000000;36.000000;-100.000000;0.000000;-100.000000;-100.000000;-60.000000;0.000000;-100.000000;-100.000000;0.000000]
86.000000,0,[1;2;3;4;5;6;7;8;9;10;11],[2;2;0;0;0;0;0;2;0;0;2],[0;0;-1;-1;-1;-1;-1;0;-1;-1;0],[61.600000;28.000000;0.000000;0.000000;0.000000;0.000000;0.000000;84.000000;0.000000;0.000000;100.000000]
86.000000,1,[1;2;3;4;5;6;7;8;9;10;11],[0;2;2;0;2;2;1;0;2;2;0],[-1;0;1;-1;1;1;-1;-1;1;1;-1],[0.000000;28.000000;-100.000000;0.000000;-100.000000;-100.000000;-60.000000;0.000000;-100.000000;-100.000000;0.000000]
