0,player,nodes,knowledge,controller,percent
1.000000,0,[1;2;3;4;5;6;7;8;9;10;11],[2;1;0;0;0;0;0;0;0;0;0],[0;-1;-1;-1;-1;-1;-1;-1;-1;-1;-1],[100.000000;0.000000;0.000000;0.000000;0.000000;0.000000;0.000000;0.000000;0.000000;0.000000;0.000000]
1.000000,1,[1;2;3;4;5;6;7;8;9;10;11],[0;0;0;0;0;0;0;0;0;1;2],[-1;-1;-1;-1;-1;-1;-1;-1;-1;-1;1],[0.000000;0.000000;0.000000;0.000000;0.000000;0.000000;0.000000;0.000000;0.000000;0.000000;-100.000000]
2.000000,0,[1;2;3;4;5;6;7;8;9;10;11],[2;1;0;0;0;0;0;0;0;0;0],[0;-1;-1;-1;-1;-1;-1;-1;-1;-1;-1],[100.000000;0.000000;0.000000;0.000000;0.000000;0.000000;0.000000;0.000000;0.000000;0.000000;0.000000]
2.000000,1,[1;2;3;4;5;6;7;8;9;10;11],[0;0;0;0;0;0;0;1;0;1;2],[-1;-1;-1;-1;-1;-1;-1;-1;-1;-1;1],[0.000000;0.000000;0.000000;0.000000;0.000000;0.000000;0.000000;0.000000;0.000000;0.000000;-100.000000]
3.000000,0,[1;2;3;4;5;6;7;8;9;10;11],[2;1;0;1;0;0;0;0;0;0;0],[0;-1;-1;-1;-1;-1;-1;-1;-1;-1;-1],[100.000000;0.000000;0.000000;0.000000;0.000000;0.000000;0.000000;0.000000;0.000000;0.000000;0.000000]
3.000000,1,[1;2;3;4;5;6;7;8;9;10;11],[0;0;0;0;0;0;0;1;0;1;2],[-1;-1;-1;-1;-1;-1;-1;-1;-1;-1;1],[0.000000;0.000000;0.000000;0.000000;0.000000;0.000000;0.000000;0.000000;0.000000;0.000000;-100.000000]
4.000000,0,[1;2;3;4;5;6;7;8;9;10;11],[2;2;0;1;0;0;0;0;0;0;0],[0;-1;-1;-1;-1;-1;-1;-1;-1;-1;-1],[100.000000;8.000000;0.000000;0.000000;0.000000;0.000000;0.000000;0.000000;0.000000;0.000000;0.000000]
4.000000,1,[1;2;3;4;5;6;7;8;9;10;11],[0;0;0;0;0;0;0;1;0;2;2],[-1;-1;-1;-1;-1;-1;-1;-1;-1;-1;1],[0.000000;0.000000;0.000000;0.000000;0.000000;0.000000;0.000000;0.000000;0.000000;-8.000000;-100.000000]
5.000000,0,[1;2;3;4;5;6;7;8;9;10;11],[2;2;0;1;0;0;0;0;0;0;0],[0;-1;-1;-1;-1;-1;-1;-1;-1;-1;-1],[100.000000;16.000000;0.000000;0.000000;0.000000;0.000000;0.000000;0.000000;0.000000;0.000000;0.000000]
5.000000,1,[1;2;3;4;5;6;7;8;9;10;11],[0;0;0;0;0;0;0;1;0;2;2],[-1;-1;-1;-1;-1;-1;-1;-1;-1;-1;1],[0.000000;0.000000;0.000000;0.000000;0.000000;0.000000;0.000000;0.000000;0.000000;-16.000000;-100.000000]
6.000000,0,[1;2;3;4;5;6;7;8;9;10;11],[2;2;0;1;0;0;0;0;0;0;0],[0;-1;-1;-1;-1;-1;-1;-1;-1;-1;-1],[100.000000;24.000000;0.000000;0.000000;0.000000;0.000000;0.000000;0.000000;0.000000;0.000000;0.000000]
6.000000,1,[1;2;3;4;5;6;7;8;9;10;11],[0;0;0;0;0;0;0;1;0;2;2],[-1;-1;-1;-1;-1;-1;-1;-1;-1;-1;1],[0.000000;0.000000;0.000000;0.000000;0.000000;0.000000;0.000000;0.000000;0.000000;-24.000000;-100.000000]
7.000000,0,[1;2;3;4;5;6;7;8;9;10;11],[2;2;0;1;0;0;0;0;0;0;0],[0;-1;-1;-1;-1;-1;-1;-1;-1;-1;-1],[100.000000;32.000000;0.000000;0.000000;0.000000;0.000000;0.000000;0.000000;0.000000;0.000000;0.000000]
7.000000,1,[1;2;3;4;5;6;7;8;9;10;11],[0;0;0;0;0;0;0;1;0;2;2],[-1;-1;-1;-1;-1;-1;-1;-1;-1;-1;1],[0.000000;0.000000;0.000000;0.000000;0.000000;0.000000;0.000000;0.000000;0.000000;-32.000000;-100.000000]
8.000000,0,[1;2;3;4;5;6;7;8;9;10;11],[2;2;0;2;0;0;0;0;0;0;0],[0;-1;-1;-1;-1;-1;-1;-1;-1;-1;-1],[100.000000;48.000000;0.000000;8.000000;0.000000;0.000000;0.000000;0.000000;0.000000;0.000000;0.000000]
8.000000,1,[1;2;3;4;5;6;7;8;9;10;11],[0;0;0;0;0;0;0;2;0;2;2],[-1;-1;-1;-1;-1;-1;-1;-1;-1;-1;1],[0.000000;0.000000;0.000000;0.000000;0.000000;0.000000;0.000000;-8.000000;0.000000;-64.000000;-100.000000]
9.000000,0,[1;2;3;4;5;6;7;8;9;10;11],[2;2;0;2;0;0;0;0;0;0;0],[0;-1;-1;-1;-1;-1;-1;-1;-1;-1;-1],[100.000000;64.000000;0.000000;24.000000;0.000000;0.000000;0.000000;0.000000;0.000000;0.000000;0.000000]
9.000000,1,[1;2;3;4;5;6;7;8;9;10;11],[0;0;0;0;0;0;0;2;1;2;2],[-1;-1;-1;-1;-1;-1;-1;-1;-1;-1;1],[0.000000;0.000000;0.000000;0.000000;0.000000;0.000000;0.000000;-24.000000;0.000000;-96.000000;-100.000000]
10.000000,0,[1;2;3;4;5;6;7;8;9;10;11],[2;2;0;2;0;0;0;0;0;0;0],[0;-1;-1;-1;-1;-1;-1;-1;-1;-1;-1],[100.000000;80.000000;0.000000;40.000000;0.000000;0.000000;0.000000;0.000000;0.000000;0.000000;0.000000]
10.000000,1,[1;2;3;4;5;6;7;8;9;10;11],[0;0;0;0;0;0;0;2;1;2;2],[-1;-1;-1;-1;-1;-1;-1;-1;-1;1;1],[0.000000;0.000000;0.000000;0.000000;0.000000;0.000000;0.000000;-48.000000;0.000000;-100.000000;-100.000000]
11.000000,0,[1;2;3;4;5;6;7;8;9;10;11],[2;2;1;2;1;0;0;0;0;0;0],[0;0;-1;-1;-1;-1;-1;-1;-1;-1;-1],[100.000000;100.000000;0.000000;56.000000;0.000000;0.000000;0.000000;0.000000;0.000000;0.000000;0.000000]
11.000000,1,[1;2;3;4;5;6;7;8;9;10;11],[0;0;0;0;0;0;1;2;1;2;2],[-1;-1;-1;-1;-1;-1;-1;-1;-1;1;1],[0.000000;0.000000;0.000000;0.000000;0.000000;0.000000;0.000000;-64.000000;0.000000;-100.000000;-100.000000]
12.000000,0,[1;2;3;4;5;6;7;8;9;10;11],[2;2;1;2;1;0;0;0;0;0;0],[0;0;-1;-1;-1;-1;-1;-1;-1;-1;-1],[100.000000;100.000000;0.000000;72.000000;0.000000;0.000000;0.000000;0.000000;0.000000;0.000000;0.000000]
12.000000,1,[1;2;3;4;5;6;7;8;9;10;11],[0;0;0;0;1;0;1;1;1;2;2],[-1;-1;-1;-1;-1;-1;-1;-1;-1;1;1],[0.000000;0.000000;0.000000;0.000000;0.000000;0.000000;0.000000;-64.000000;0.000000;-100.000000;-100.000000]
13.000000,0,[1;2;3;4;5;6;7;8;9;10;11],[2;2;1;2;1;0;0;0;0;0;0],[0;0;-1;-1;-1;-1;-1;-1;-1;-1;-1],[100.000000;100.000000;0.000000;96.000000;0.000000;0.000000;0.000000;0.000000;0.000000;0.000000;0.000000]
13.000000,1,[1;2;3;4;5;6;7;8;9;10;11],[0;0;0;0;1;0;1;1;2;2;2],[-1;-1;-1;-1;-1;-1;-1;-1;-1;1;1],[0.000000;0.000000;0.000000;0.000000;0.000000;0.000000;0.000000;-64.000000;-8.000000;-100.000000;-100.000000]
14.000000,0,[1;2;3;4;5;6;7;8;9;10;11],[2;2;1;2;1;0;0;0;0;0;0],[0;0;-1;0;-1;-1;-1;-1;-1;-1;-1],[100.000000;100.000000;0.000000;100.000000;0.000000;0.000000;0.000000;0.000000;0.000000;0.000000;0.000000]
14.000000,1,[1;2;3;4;5;6;7;8;9;10;11],[0;0;0;0;1;0;1;2;2;2;2],[-1;-1;-1;-1;-1;-1;-1;-1;-1;1;1],[0.000000;0.000000;0.000000;0.000000;0.000000;0.000000;0.000000;-72.000000;-16.000000;-100.000000;-100.000000]
15.000000,0,[1;2;3;4;5;6;7;8;9;10;11],[2;2;1;2;1;0;0;0;0;0;0],[0;0;-1;0;-1;-1;-1;-1;-1;-1;-1],[100.000000;100.000000;0.000000;100.000000;0.000000;0.000000;0.000000;0.000000;0.000000;0.000000;0.000000]
15.000000,1,[1;2;3;4;5;6;7;8;9;10;11],[0;0;0;0;1;0;2;2;2;2;2],[-1;-1;-1;-1;-1;-1;-1;-1;-1;1;1],[0.000000;0.000000;0.000000;0.000000;0.000000;0.000000;-16.000000;-80.000000;-24.000000;-100.000000;-100.000000]
16.000000,0,[1;2;3;4;5;6;7;8;9;10;11],[2;2;1;2;1;0;1;0;0;0;0],[0;0;-1;0;-1;-1;-1;-1;-1;-1;-1],[100.000000;100.000000;0.000000;100.000000;-16.000000;0.000000;-32.000000;0.000000;0.000000;0.000000;0.000000]
16.000000,1,[1;2;3;4;5;6;7;8;9;10;11],[0;0;0;0;2;0;2;1;2;2;2],[-1;-1;-1;-1;-1;-1;-1;-1;-1;1;1],[0.000000;0.000000;0.000000;0.000000;-16.000000;0.000000;-32.000000;-80.000000;-32.000000;-100.000000;-100.000000]
17.000000,0,[1;2;3;4;5;6;7;8;9;10;11],[2;2;1;2;1;0;1;0;0;0;0],[0;0;-1;0;-1;-1;-1;-1;-1;-1;-1],[100.000000;100.000000;0.000000;100.000000;-32.000000;0.000000;-48.000000;0.000000;0.000000;0.000000;0.000000]
17.000000,1,[1;2;3;4;5;6;7;8;9;10;11],[0;0;0;0;2;0;2;1;2;2;2],[-1;-1;-1;-1;-1;-1;-1;-1;-1;1;1],[0.000000;0.000000;0.000000;0.000000;-32.000000;0.000000;-48.000000;-80.000000;-40.000000;-100.000000;-100.000000]
18.000000,0,[1;2;3;4;5;6;7;8;9;10;11],[2;2;1;2;1;0;1;0;0;0;0],[0;0;-1;0;-1;-1;-1;-1;-1;-1;-1],[100.000000;100.000000;0.000000;100.000000;-56.000000;0.000000;-64.000000;0.000000;0.000000;0.000000;0.000000]
18.000000,1,[1;2;3;4;5;6;7;8;9;10;11],[0;0;0;0;2;0;2;1;1;2;2],[-1;-1;-1;-1;-1;-1;-1;-1;-1;1;1],[0.000000;0.000000;0.000000;0.000000;-56.000000;0.000000;-64.000000;-80.000000;-40.000000;-100.000000;-100.000000]
19.000000,0,[1;2;3;4;5;6;7;8;9;10;11],[2;2;1;2;1;0;1;0;0;0;0],[0;0;-1;0;-1;-1;-1;-1;-1;-1;-1],[100.000000;100.000000;0.000000;100.000000;-80.000000;0.000000;-64.000000;0.000000;0.000000;0.000000;0.000000]
19.000000,1,[1;2;3;4;5;6;7;8;9;10;11],[0;0;1;0;2;0;0;1;2;2;2],[-1;-1;-1;-1;-1;-1;-1;-1;-1;1;1],[0.000000;0.000000;0.000000;0.000000;-80.000000;0.000000;0.000000;-80.000000;-48.000000;-100.000000;-100.000000]
20.000000,0,[1;2;3;4;5;6;7;8;9;10;11],[2;2;1;2;2;0;2;0;0;0;0],[0;0;-1;0;-1;-1;-1;-1;-1;-1;-1],[100.000000;100.000000;0.000000;100.000000;-80.000000;0.000000;-48.000000;0.000000;0.000000;0.000000;0.000000]
20.000000,1,[1;2;3;4;5;6;7;8;9;10;11],[0;0;1;0;2;0;0;2;0;2;2],[-1;-1;-1;-1;-1;-1;-1;-1;-1;1;1],[0.000000;0.000000;0.000000;0.000000;-80.000000;0.000000;0.000000;-92.000000;0.000000;-100.000000;-100.000000]
21.000000,0,[1;2;3;4;5;6;7;8;9;10;11],[2;2;1;2;1;0;2;0;0;0;0],[0;0;-1;0;1;-1;-1;-1;-1;-1;-1],[100.000000;100.000000;0.000000;100.000000;-100.000000;0.000000;-32.000000;0.000000;0.000000;0.000000;0.000000]
21.000000,1,[1;2;3;4;5;6;7;8;9;10;11],[0;0;1;0;2;0;0;2;1;2;2],[-1;-1;-1;-1;1;-1;-1;1;-1;1;1],[0.000000;0.000000;0.000000;0.000000;-100.000000;0.000000;0.000000;-100.000000;-48.000000;-100.000000;-100.000000]
22.000000,0,[1;2;3;4;5;6;7;8;9;10;11],[2;2;2;2;1;0;1;0;0;1;0],[0;0;-1;0;1;-1;-1;-1;-1;1;-1],[100.000000;100.000000;8.000000;100.000000;-100.000000;0.000000;-32.000000;0.000000;0.000000;-100.000000;0.000000]
22.000000,1,[1;2;3;4;5;6;7;8;9;10;11],[0;0;1;0;2;0;0;2;1;2;2],[-1;-1;-1;-1;1;-1;-1;1;-1;1;1],[0.000000;0.000000;8.000000;0.000000;-100.000000;0.000000;0.000000;-100.000000;-48.000000;-100.000000;-100.000000]
23.000000,0,[1;2;3;4;5;6;7;8;9;10;11],[2;2;1;2;1;0;1;0;0;1;0],[0;0;-1;0;1;-1;-1;-1;-1;1;-1],[100.000000;100.000000;8.000000;100.000000;-100.000000;0.000000;-32.000000;0.000000;0.000000;-100.000000;0.000000]
23.000000,1,[1;2;3;4;5;6;7;8;9;10;11],[0;1;1;0;2;0;0;2;1;2;2],[-1;0;-1;-1;1;-1;-1;1;-1;1;1],[0.000000;100.000000;8.000000;0.000000;-100.000000;0.000000;0.000000;-100.000000;-48.000000;-100.000000;-100.000000]
24.000000,0,[1;2;3;4;5;6;7;8;9;10;11],[2;2;1;2;1;0;2;0;0;1;0],[0;0;-1;0;1;-1;-1;-1;-1;1;-1],[100.000000;100.000000;8.000000;100.000000;-100.000000;0.000000;-16.000000;0.000000;0.000000;-100.000000;0.000000]
24.000000,1,[1;2;3;4;5;6;7;8;9;10;11],[0;1;1;0;2;0;0;2;1;2;2],[-1;0;-1;-1;1;-1;-1;1;-1;1;1],[0.000000;100.000000;8.000000;0.000000;-100.000000;0.000000;0.000000;-100.000000;-48.000000;-100.000000;-100.000000]
25.000000,0,[1;2;3;4;5;6;7;8;9;10;11],[2;2;1;2;1;0;0;0;0;1;0],[0;0;-1;0;1;-1;-1;-1;-1;1;-1],[100.000000;100.000000;-8.000000;100.000000;-100.000000;0.000000;0.000000;0.000000;0.000000;-100.000000;0.000000]
25.000000,1,[1;2;3;4;5;6;7;8;9;10;11],[0;2;2;0;2;0;0;2;1;2;2],[-1;0;-1;-1;1;-1;-1;1;-1;1;1],[0.000000;100.000000;-8.000000;0.000000;-100.000000;0.000000;0.000000;-100.000000;-48.000000;-100.000000;-100.000000]
26.000000,0,[1;2;3;4;5;6;7;8;9;10;11],[2;2;1;2;2;0;0;0;0;2;0],[0;0;-1;0;1;-1;-1;-1;-1;1;-1],[100.000000;100.000000;-8.000000;100.000000;-100.000000;0.000000;0.000000;0.000000;0.000000;-84.000000;0.000000]
26.000000,1,[1;2;3;4;5;6;7;8;9;10;11],[0;2;0;0;2;0;0;2;1;2;2],[-1;0;-1;-1;1;-1;-1;1;-1;1;1],[0.000000;100.000000;0.000000;0.000000;-100.000000;0.000000;0.000000;-100.000000;-48.000000;-84.000000;-100.000000]
27.000000,0,[1;2;3;4;5;6;7;8;9;10;11],[2;2;2;2;2;0;0;0;0;2;0],[0;0;-1;0;1;-1;-1;-1;-1;1;-1],[100.000000;100.000000;8.000000;100.000000;-92.000000;0.000000;0.000000;0.000000;0.000000;-68.000000;0.000000]
27.000000,1,[1;2;3;4;5;6;7;8;9;10;11],[0;2;1;0;2;0;0;2;2;2;2],[-1;0;-1;-1;1;-1;-1;1;-1;1;1],[0.000000;100.000000;8.000000;0.000000;-92.000000;0.000000;0.000000;-100.000000;-64.000000;-68.000000;-100.000000]
28.000000,0,[1;2;3;4;5;6;7;8;9;10;11],[2;2;2;2;2;0;0;0;0;2;0],[0;0;-1;0;1;-1;-1;-1;-1;1;-1],[100.000000;100.000000;24.000000;100.000000;-84.000000;0.000000;0.000000;0.000000;0.000000;-52.000000;0.000000]
28.000000,1,[1;2;3;4;5;6;7;8;9;10;11],[0;2;1;0;2;0;0;2;2;2;2],[-1;0;-1;-1;1;-1;-1;1;-1;1;1],[0.000000;100.000000;24.000000;0.000000;-84.000000;0.000000;0.000000;-100.000000;-80.000000;-52.000000;-100.000000]
29.000000,0,[1;2;3;4;5;6;7;8;9;10;11],[2;2;2;2;2;0;1;0;0;0;0],[0;0;-1;0;1;-1;-1;-1;-1;-1;-1],[100.000000;100.000000;40.000000;100.000000;-76.000000;0.000000;-16.000000;0.000000;0.000000;0.000000;0.000000]
29.000000,1,[1;2;3;4;5;6;7;8;9;10;11],[0;2;1;0;2;0;0;2;2;2;2],[-1;0;-1;-1;1;-1;-1;1;-1;1;1],[0.000000;100.000000;40.000000;0.000000;-76.000000;0.000000;0.000000;-100.000000;-96.000000;-52.000000;-100.000000]
30.000000,0,[1;2;3;4;5;6;7;8;9;10;11],[2;2;2;2;1;0;1;0;0;0;0],[0;0;-1;0;1;-1;-1;-1;-1;-1;-1],[100.000000;100.000000;56.000000;100.000000;-76.000000;0.000000;-16.000000;0.000000;0.000000;0.000000;0.000000]
30.000000,1,[1;2;3;4;5;6;7;8;9;10;11],[0;2;1;0;2;0;0;2;2;2;2],[-1;0;-1;-1;1;-1;-1;1;1;1;1],[0.000000;100.000000;56.000000;0.000000;-76.000000;0.000000;0.000000;-100.000000;-100.000000;-52.000000;-100.000000]
31.000000,0,[1;2;3;4;5;6;7;8;9;10;11],[2;2;2;2;1;0;1;0;0;0;0],[0;0;-1;0;1;-1;-1;-1;-1;-1;-1],[100.000000;100.000000;72.000000;100.000000;-76.000000;0.000000;-16.000000;0.000000;0.000000;0.000000;0.000000]
31.000000,1,[1;2;3;4;5;6;7;8;9;10;11],[0;0;1;0;2;0;1;2;2;2;2],[-1;-1;-1;-1;1;-1;-1;1;1;1;1],[0.000000;0.000000;72.000000;0.000000;-76.000000;0.000000;-16.000000;-100.000000;-100.000000;-52.000000;-100.000000]
32.000000,0,[1;2;3;4;5;6;7;8;9;10;11],[2;2;1;2;1;0;1;0;0;0;0],[0;0;-1;0;1;-1;-1;-1;-1;-1;-1],[100.000000;100.000000;72.000000;100.000000;-92.000000;0.000000;-16.000000;0.000000;0.000000;0.000000;0.000000]
32.000000,1,[1;2;3;4;5;6;7;8;9;10;11],[0;0;1;0;2;1;1;2;2;2;2],[-1;-1;-1;-1;1;-1;-1;1;1;1;1],[0.000000;0.000000;72.000000;0.000000;-92.000000;0.000000;-16.000000;-100.000000;-100.000000;-52.000000;-100.000000]
33.000000,0,[1;2;3;4;5;6;7;8;9;10;11],[2;2;2;2;1;0;2;0;0;0;0],[0;0;-1;0;1;-1;-1;-1;-1;-1;-1],[100.000000;100.000000;72.000000;100.000000;-100.000000;0.000000;0.000000;0.000000;0.000000;0.000000;0.000000]
33.000000,1,[1;2;3;4;5;6;7;8;9;10;11],[0;0;2;0;2;1;1;2;2;2;2],[-1;-1;-1;-1;1;-1;-1;1;1;1;1],[0.000000;0.000000;72.000000;0.000000;-100.000000;0.000000;0.000000;-100.000000;-100.000000;-52.000000;-100.000000]
34.000000,0,[1;2;3;4;5;6;7;8;9;10;11],[2;2;2;2;1;0;2;0;0;0;0],[0;0;-1;0;1;-1;-1;-1;-1;-1;-1],[100.000000;100.000000;72.000000;100.000000;-100.000000;0.000000;16.000000;0.000000;0.000000;0.000000;0.000000]
34.000000,1,[1;2;3;4;5;6;7;8;9;10;11],[0;0;2;0;2;1;1;2;2;2;2],[-1;-1;-1;-1;1;-1;-1;1;1;1;1],[0.000000;0.000000;72.000000;0.000000;-100.000000;0.000000;16.000000;-100.000000;-100.000000;-52.000000;-100.000000]
35.000000,0,[1;2;3;4;5;6;7;8;9;10;11],[2;2;2;2;1;0;2;0;0;0;0],[0;0;-1;0;1;-1;-1;-1;-1;-1;-1],[100.000000;100.000000;96.000000;100.000000;-100.000000;0.000000;32.000000;0.000000;0.000000;0.000000;0.000000]
35.000000,1,[1;2;3;4;5;6;7;8;9;10;11],[0;0;0;1;2;2;1;2;2;2;2],[-1;-1;-1;0;1;-1;-1;1;1;1;1],[0.000000;0.000000;0.000000;100.000000;-100.000000;-12.000000;32.000000;-100.000000;-100.000000;-52.000000;-100.000000]
36.000000,0,[1;2;3;4;5;6;7;8;9;10;11],[2;2;2;2;1;0;2;0;0;0;0],[0;0;0;0;1;-1;-1;-1;-1;-1;-1],[100.000000;100.000000;100.000000;100.000000;-100.000000;0.000000;48.000000;0.000000;0.000000;0.000000;0.000000]
36.000000,1,[1;2;3;4;5;6;7;8;9;10;11],[0;0;0;1;2;0;1;2;2;2;2],[-1;-1;-1;0;1;-1;-1;1;1;1;1],[0.000000;0.000000;0.000000;100.000000;-100.000000;0.000000;48.000000;-100.000000;-100.000000;-60.000000;-100.000000]
37.000000,0,[1;2;3;4;5;6;7;8;9;10;11],[2;2;2;2;1;0;2;0;0;0;0],[0;0;0;0;1;-1;-1;-1;-1;-1;-1],[100.000000;100.000000;100.000000;100.000000;-100.000000;0.000000;48.000000;0.000000;0.000000;0.000000;0.000000]
37.000000,1,[1;2;3;4;5;6;7;8;9;10;11],[0;0;0;1;2;0;2;2;2;2;2],[-1;-1;-1;0;1;-1;-1;1;1;1;1],[0.000000;0.000000;0.000000;100.000000;-100.000000;0.000000;48.000000;-100.000000;-100.000000;-68.000000;-100.000000]
38.000000,0,[1;2;3;4;5;6;7;8;9;10;11],[2;2;2;2;2;0;0;0;0;1;0],[0;0;0;0;1;-1;-1;-1;-1;1;-1],[100.000000;100.000000;100.000000;100.000000;-84.000000;0.000000;0.000000;0.000000;0.000000;-76.000000;0.000000]
38.000000,1,[1;2;3;4;5;6;7;8;9;10;11],[0;1;0;1;2;0;0;2;2;2;2],[-1;0;-1;0;1;-1;-1;1;1;1;1],[0.000000;100.000000;0.000000;100.000000;-84.000000;0.000000;0.000000;-100.000000;-100.000000;-76.000000;-100.000000]
39.000000,0,[1;2;3;4;5;6;7;8;9;10;11],[2;2;2;2;2;1;0;0;0;1;0],[0;0;0;0;1;-1;-1;-1;-1;1;-1],[100.000000;100.000000;100.000000;100.000000;-68.000000;-12.000000;0.000000;0.000000;0.000000;-84.000000;0.000000]
39.000000,1,[1;2;3;4;5;6;7;8;9;10;11],[0;1;0;2;2;0;0;2;2;2;2],[-1;0;-1;0;1;-1;-1;1;1;1;1],[0.000000;100.000000;0.000000;100.000000;-68.000000;0.000000;0.000000;-100.000000;-100.000000;-84.000000;-100.000000]
40.000000,0,[1;2;3;4;5;6;7;8;9;10;11],[2;2;2;2;2;1;0;0;0;1;0],[0;0;0;0;1;-1;-1;-1;-1;1;-1],[100.000000;100.000000;100.000000;100.000000;-52.000000;-12.000000;0.000000;0.000000;0.000000;-92.000000;0.000000]
40.000000,1,[1;2;3;4;5;6;7;8;9;10;11],[0;1;0;2;2;0;0;2;2;2;2],[-1;0;-1;0;1;-1;-1;1;1;1;1],[0.000000;100.000000;0.000000;100.000000;-52.000000;0.000000;0.000000;-100.000000;-100.000000;-92.000000;-100.000000]
41.000000,0,[1;2;3;4;5;6;7;8;9;10;11],[2;2;2;2;2;1;0;0;0;1;0],[0;0;0;0;1;-1;-1;-1;-1;1;-1],[100.000000;100.000000;100.000000;100.000000;-36.000000;-12.000000;0.000000;0.000000;0.000000;-100.000000;0.000000]
41.000000,1,[1;2;3;4;5;6;7;8;9;10;11],[0;1;0;2;2;0;0;2;2;2;2],[-1;0;-1;0;1;-1;-1;1;1;1;1],[0.000000;100.000000;0.000000;100.000000;-36.000000;0.000000;0.000000;-100.000000;-100.000000;-100.000000;-100.000000]
42.000000,0,[1;2;3;4;5;6;7;8;9;10;11],[2;2;2;2;2;2;0;0;0;2;0],[0;0;0;0;1;-1;-1;-1;-1;1;-1],[100.000000;84.000000;100.000000;100.000000;-12.000000;4.000000;0.000000;0.000000;0.000000;-100.000000;0.000000]
42.000000,1,[1;2;3;4;5;6;7;8;9;10;11],[0;2;0;2;2;0;1;2;2;2;2],[-1;0;-1;0;1;-1;-1;1;1;1;1],[0.000000;84.000000;0.000000;100.000000;-12.000000;0.000000;48.000000;-100.000000;-100.000000;-100.000000;-100.000000]
43.000000,0,[1;2;3;4;5;6;7;8;9;10;11],[2;2;2;2;2;2;1;0;0;2;0],[0;0;0;0;-1;-1;-1;-1;-1;1;-1],[100.000000;68.000000;100.000000;92.000000;12.000000;20.000000;48.000000;0.000000;0.000000;-100.000000;0.000000]
43.000000,1,[1;2;3;4;5;6;7;8;9;10;11],[0;2;0;2;1;0;1;2;2;2;2],[-1;0;-1;0;-1;-1;-1;1;1;1;1],[0.000000;68.000000;0.000000;92.000000;12.000000;0.000000;48.000000;-100.000000;-100.000000;-100.000000;-100.000000]
44.000000,0,[1;2;3;4;5;6;7;8;9;10;11],[2;2;2;2;2;2;1;0;0;2;0],[0;0;0;0;-1;-1;-1;-1;-1;1;-1],[100.000000;52.000000;100.000000;92.000000;20.000000;36.000000;40.000000;0.000000;0.000000;-100.000000;0.000000]
44.000000,1,[1;2;3;4;5;6;7;8;9;10;11],[1;2;0;0;1;0;2;2;2;2;2],[0;0;-1;-1;-1;-1;-1;1;1;1;1],[100.000000;52.000000;0.000000;0.000000;20.000000;0.000000;40.000000;-100.000000;-100.000000;-100.000000;-100.000000]
45.000000,0,[1;2;3;4;5;6;7;8;9;10;11],[2;2;2;2;2;2;1;0;1;0;0],[0;0;0;0;-1;-1;-1;-1;1;-1;-1],[100.000000;36.000000;100.000000;100.000000;28.000000;52.000000;32.000000;0.000000;-100.000000;0.000000;0.000000]
45.000000,1,[1;2;3;4;5;6;7;8;9;10;11],[1;2;0;0;1;0;2;2;2;2;2],[0;0;-1;-1;-1;-1;-1;1;1;1;1],[100.000000;36.000000;0.000000;0.000000;28.000000;0.000000;32.000000;-100.000000;-100.000000;-100.000000;-100.000000]
46.000000,0,[1;2;3;4;5;6;7;8;9;10;11],[2;2;2;2;2;0;2;0;1;0;0],[0;0;0;0;-1;-1;-1;-1;1;-1;-1],[100.000000;36.000000;100.000000;100.000000;36.000000;0.000000;40.000000;0.000000;-100.000000;0.000000;0.000000]
46.000000,1,[1;2;3;4;5;6;7;8;9;10;11],[1;2;0;1;1;0;0;2;2;2;2],[0;0;-1;0;-1;-1;-1;1;1;1;1],[100.000000;36.000000;0.000000;100.000000;36.000000;0.000000;0.000000;-100.000000;-100.000000;-100.000000;-100.000000]
47.000000,0,[1;2;3;4;5;6;7;8;9;10;11],[2;2;2;2;2;0;2;0;1;0;0],[0;0;0;0;-1;-1;-1;-1;1;-1;-1],[100.000000;36.000000;100.000000;100.000000;44.000000;0.000000;48.000000;0.000000;-100.000000;0.000000;0.000000]
47.000000,1,[1;2;3;4;5;6;7;8;9;10;11],[1;2;0;1;1;0;1;2;2;2;2],[0;0;-1;0;-1;-1;-1;1;1;1;1],[100.000000;36.000000;0.000000;100.000000;44.000000;0.000000;48.000000;-100.000000;-100.000000;-100.000000;-100.000000]
48.000000,0,[1;2;3;4;5;6;7;8;9;10;11],[2;2;2;2;2;0;2;0;1;0;0],[0;0;0;0;-1;-1;-1;-1;1;-1;-1],[100.000000;20.000000;100.000000;100.000000;52.000000;0.000000;56.000000;0.000000;-100.000000;0.000000;0.000000]
48.000000,1,[1;2;3;4;5;6;7;8;9;10;11],[1;2;0;2;1;0;1;2;2;2;2],[0;0;-1;0;-1;-1;-1;1;1;1;1],[100.000000;20.000000;0.000000;100.000000;52.000000;0.000000;56.000000;-100.000000;-100.000000;-100.000000;-100.000000]
49.000000,0,[1;2;3;4;5;6;7;8;9;10;11],[2;2;2;2;2;0;2;0;2;0;0],[0;0;0;0;-1;-1;-1;-1;1;-1;-1],[100.000000;4.000000;100.000000;100.000000;68.000000;0.000000;64.000000;0.000000;-84.000000;0.000000;0.000000]
49.000000,1,[1;2;3;4;5;6;7;8;9;10;11],[1;2;0;2;1;0;1;2;2;2;2],[0;0;-1;0;-1;-1;-1;1;1;1;1],[100.000000;4.000000;0.000000;100.000000;68.000000;0.000000;64.000000;-100.000000;-84.000000;-100.000000;-100.000000]
50.000000,0,[1;2;3;4;5;6;7;8;9;10;11],[2;1;2;2;2;0;2;0;2;0;0],[0;-1;0;0;-1;-1;-1;-1;1;-1;-1],[100.000000;-12.000000;100.000000;100.000000;84.000000;0.000000;72.000000;0.000000;-68.000000;0.000000;0.000000]
50.000000,1,[1;2;3;4;5;6;7;8;9;10;11],[2;2;0;2;1;0;1;2;2;2;2],[0;-1;-1;0;-1;-1;-1;1;1;1;1],[100.000000;-12.000000;0.000000;100.000000;84.000000;0.000000;72.000000;-100.000000;-68.000000;-100.000000;-100.000000]
51.000000,0,[1;2;3;4;5;6;7;8;9;10;11],[2;1;2;2;2;0;0;0;2;1;0],[0;-1;0;0;0;-1;-1;-1;1;1;-1],[100.000000;-28.000000;100.000000;100.000000;100.000000;0.000000;0.000000;0.000000;-52.000000;-100.000000;0.000000]
51.000000,1,[1;2;3;4;5;6;7;8;9;10;11],[2;2;0;2;1;0;1;2;2;2;2],[0;-1;-1;0;0;-1;-1;1;1;1;1],[100.000000;-28.000000;0.000000;100.000000;100.000000;0.000000;72.000000;-100.000000;-52.000000;-100.000000;-100.000000]
52.000000,0,[1;2;3;4;5;6;7;8;9;10;11],[2;2;2;2;2;0;1;0;2;1;0],[0;-1;0;0;0;-1;-1;-1;1;1;-1],[100.000000;-28.000000;100.000000;95.000000;100.000000;0.000000;72.000000;0.000000;-52.000000;-100.000000;0.000000]
52.000000,1,[1;2;3;4;5;6;7;8;9;10;11],[2;2;0;2;1;0;1;2;2;2;2],[0;-1;-1;0;0;-1;-1;1;1;1;1],[100.000000;-28.000000;0.000000;95.000000;100.000000;0.000000;72.000000;-100.000000;-52.000000;-100.000000;-100.000000]
53.000000,0,[1;2;3;4;5;6;7;8;9;10;11],[2;2;2;2;2;0;1;0;1;2;0],[0;-1;0;0;0;-1;-1;-1;1;1;-1],[98.400000;-28.000000;100.000000;90.000000;100.000000;0.000000;56.000000;0.000000;-68.000000;-100.000000;0.000000]
53.000000,1,[1;2;3;4;5;6;7;8;9;10;11],[2;2;0;2;1;0;2;2;2;2;2],[0;-1;-1;0;0;-1;-1;1;1;1;1],[98.400000;-28.000000;0.000000;90.000000;100.000000;0.000000;56.000000;-100.000000;-68.000000;-100.000000;-100.000000]
54.000000,0,[1;2;3;4;5;6;7;8;9;10;11],[2;1;2;2;2;0;1;0;1;2;0],[0;-1;0;0;0;-1;-1;-1;1;1;-1],[98.400000;-44.000000;100.000000;90.000000;100.000000;0.000000;40.000000;0.000000;-100.000000;-92.000000;0.000000]
54.000000,1,[1;2;3;4;5;6;7;8;9;10;11],[2;2;0;2;1;0;2;2;2;2;2],[0;-1;-1;0;0;-1;-1;1;1;1;1],[98.400000;-44.000000;0.000000;90.000000;100.000000;0.000000;40.000000;-100.000000;-100.000000;-92.000000;-100.000000]
55.000000,0,[1;2;3;4;5;6;7;8;9;10;11],[2;1;2;2;2;0;1;0;1;1;0],[0;-1;0;0;0;-1;-1;-1;1;1;-1],[98.400000;-60.000000;100.000000;90.000000;100.000000;0.000000;24.000000;0.000000;-100.000000;-92.000000;0.000000]
55.000000,1,[1;2;3;4;5;6;7;8;9;10;11],[2;2;0;2;1;0;2;2;2;2;2],[0;-1;-1;0;0;-1;-1;1;1;1;1],[98.400000;-60.000000;0.000000;90.000000;100.000000;0.000000;24.000000;-100.000000;-100.000000;-92.000000;-100.000000]
56.000000,0,[1;2;3;4;5;6;7;8;9;10;11],[2;2;2;2;2;1;1;0;2;1;0],[0;-1;0;0;0;-1;-1;-1;1;1;-1],[96.800000;-60.000000;100.000000;89.000000;92.000000;52.000000;8.000000;0.000000;-100.000000;-92.000000;0.000000]
56.000000,1,[1;2;3;4;5;6;7;8;9;10;11],[2;2;0;2;2;0;2;2;2;2;2],[0;-1;-1;0;0;-1;-1;1;1;1;1],[96.800000;-60.000000;0.000000;89.000000;92.000000;0.000000;8.000000;-100.000000;-100.000000;-92.000000;-100.000000]
57.000000,0,[1;2;3;4;5;6;7;8;9;10;11],[2;2;2;2;2;1;2;0;2;2;0],[0;-1;0;0;0;-1;-1;-1;1;1;-1],[95.200000;-52.000000;100.000000;88.000000;92.000000;52.000000;8.000000;0.000000;-100.000000;-76.000000;0.000000]
57.000000,1,[1;2;3;4;5;6;7;8;9;10;11],[2;0;1;2;2;0;2;2;2;2;2],[0;-1;0;0;0;-1;-1;1;1;1;1],[95.200000;0.000000;100.000000;88.000000;92.000000;0.000000;8.000000;-100.000000;-100.000000;-76.000000;-100.000000]
58.000000,0,[1;2;3;4;5;6;7;8;9;10;11],[2;2;2;2;2;1;2;0;0;2;0],[0;-1;0;0;0;-1;-1;-1;-1;1;-1],[93.600000;-36.000000;100.000000;87.000000;92.000000;52.000000;8.000000;0.000000;0.000000;-60.000000;0.000000]
58.000000,1,[1;2;3;4;5;6;7;8;9;10;11],[2;0;1;2;2;0;2;2;2;2;2],[0;-1;0;0;0;-1;-1;1;1;1;1],[93.600000;0.000000;100.000000;87.000000;92.000000;0.000000;8.000000;-100.000000;-100.000000;-60.000000;-100.000000]
59.000000,0,[1;2;3;4;5;6;7;8;9;10;11],[2;2;2;2;2;2;2;0;1;2;0],[0;-1;0;0;0;-1;-1;-1;1;1;-1],[92.000000;-20.000000;100.000000;86.000000;100.000000;68.000000;8.000000;0.000000;-100.000000;-44.000000;0.000000]
59.000000,1,[1;2;3;4;5;6;7;8;9;10;11],[2;0;1;2;1;0;2;2;2;2;2],[0;-1;0;0;0;-1;-1;1;1;1;1],[92.000000;0.000000;100.000000;86.000000;100.000000;0.000000;8.000000;-100.000000;-100.000000;-44.000000;-100.000000]
60.000000,0,[1;2;3;4;5;6;7;8;9;10;11],[2;2;2;2;2;2;2;1;1;2;0],[0;-1;0;0;0;-1;-1;1;1;1;-1],[90.400000;-4.000000;100.000000;85.000000;100.000000;84.000000;8.000000;-100.000000;-100.000000;-25.000000;0.000000]
60.000000,1,[1;2;3;4;5;6;7;8;9;10;11],[2;0;1;2;1;0;2;2;2;2;2],[0;-1;0;0;0;-1;-1;1;1;1;1],[90.400000;0.000000;100.000000;85.000000;100.000000;0.000000;8.000000;-100.000000;-100.000000;-25.000000;-100.000000]
61.000000,0,[1;2;3;4;5;6;7;8;9;10;11],[2;2;2;2;2;2;2;1;1;2;0],[0;-1;0;0;0;0;-1;1;1;1;-1],[88.800000;12.000000;84.000000;84.000000;100.000000;100.000000;8.000000;-100.000000;-100.000000;-6.000000;0.000000]
61.000000,1,[1;2;3;4;5;6;7;8;9;10;11],[2;0;2;2;1;0;2;2;2;2;2],[0;-1;0;0;0;-1;-1;1;1;1;1],[88.800000;0.000000;84.000000;84.000000;100.000000;0.000000;8.000000;-100.000000;-100.000000;-6.000000;-100.000000]
62.000000,0,[1;2;3;4;5;6;7;8;9;10;11],[2;2;2;2;2;2;0;2;1;2;0],[0;-1;0;0;0;0;-1;1;1;-1;-1],[88.800000;36.000000;84.000000;84.000000;100.000000;100.000000;0.000000;-100.000000;-100.000000;13.000000;0.000000]
62.000000,1,[1;2;3;4;5;6;7;8;9;10;11],[2;0;1;0;1;0;2;2;2;1;2],[0;-1;0;-1;0;-1;-1;1;1;-1;1],[88.800000;0.000000;84.000000;0.000000;100.000000;0.000000;-8.000000;-100.000000;-100.000000;13.000000;-100.000000]
63.000000,0,[1;2;3;4;5;6;7;8;9;10;11],[2;2;2;2;2;2;0;2;1;2;0],[0;-1;0;0;0;0;-1;1;1;-1;-1],[88.800000;60.000000;84.000000;100.000000;100.000000;100.000000;0.000000;-100.000000;-100.000000;32.000000;0.000000]
63.000000,1,[1;2;3;4;5;6;7;8;9;10;11],[2;0;1;1;1;0;1;2;2;1;2],[0;-1;0;0;0;-1;-1;1;1;-1;1],[88.800000;0.000000;84.000000;100.000000;100.000000;0.000000;-8.000000;-100.000000;-100.000000;32.000000;-100.000000]
64.000000,0,[1;2;3;4;5;6;7;8;9;10;11],[2;2;2;2;2;2;0;2;1;2;0],[0;-1;0;0;0;0;-1;1;1;-1;-1],[88.800000;84.000000;84.000000;100.000000;100.000000;100.000000;0.000000;-100.000000;-100.000000;32.000000;0.000000]
64.000000,1,[1;2;3;4;5;6;7;8;9;10;11],[2;0;1;1;1;0;1;2;2;2;2],[0;-1;0;0;0;-1;-1;1;1;-1;1],[88.800000;0.000000;84.000000;100.000000;100.000000;0.000000;-8.000000;-100.000000;-100.000000;32.000000;-100.000000]
65.000000,0,[1;2;3;4;5;6;7;8;9;10;11],[2;2;2;2;2;2;0;0;2;2;0],[0;0;0;0;0;0;-1;-1;1;-1;-1],[88.800000;100.000000;84.000000;100.000000;100.000000;100.000000;0.000000;0.000000;-84.000000;32.000000;0.000000]
65.000000,1,[1;2;3;4;5;6;7;8;9;10;11],[2;0;2;1;1;1;1;2;2;2;2],[0;-1;0;0;0;0;-1;1;1;-1;1],[88.800000;0.000000;84.000000;100.000000;100.000000;100.000000;-8.000000;-100.000000;-84.000000;32.000000;-100.000000]
66.000000,0,[1;2;3;4;5;6;7;8;9;10;11],[2;2;2;2;2;2;0;0;2;2;0],[0;0;0;0;0;0;-1;-1;1;-1;-1],[88.800000;100.000000;84.000000;100.000000;100.000000;100.000000;0.000000;0.000000;-65.000000;32.000000;0.000000]
66.000000,1,[1;2;3;4;5;6;7;8;9;10;11],[2;0;0;1;1;1;1;2;2;2;2],[0;-1;-1;0;0;0;-1;1;1;-1;1],[88.800000;0.000000;0.000000;100.000000;100.000000;100.000000;-8.000000;-100.000000;-65.000000;32.000000;-100.000000]
67.000000,0,[1;2;3;4;5;6;7;8;9;10;11],[2;2;2;2;2;2;0;0;2;2;0],[0;0;0;0;0;0;-1;-1;1;-1;-1],[88.000000;100.000000;84.000000;84.000000;100.000000;100.000000;0.000000;0.000000;-62.000000;32.000000;0.000000]
67.000000,1,[1;2;3;4;5;6;7;8;9;10;11],[2;0;0;2;1;2;1;2;2;2;2],[0;-1;-1;0;0;0;-1;1;1;-1;1],[88.000000;0.000000;0.000000;84.000000;100.000000;100.000000;-8.000000;-100.000000;-62.000000;32.000000;-100.000000]
68.000000,0,[1;2;3;4;5;6;7;8;9;10;11],[2;2;2;2;2;2;0;0;2;2;0],[0;0;0;0;0;0;-1;-1;1;-1;-1],[87.200000;100.000000;84.000000;84.000000;100.000000;92.000000;0.000000;0.000000;-59.000000;32.000000;0.000000]
68.000000,1,[1;2;3;4;5;6;7;8;9;10;11],[2;0;0;2;1;2;2;2;2;2;2],[0;-1;-1;0;0;0;-1;1;1;-1;1],[87.200000;0.000000;0.000000;84.000000;100.000000;92.000000;-24.000000;-100.000000;-59.000000;32.000000;-100.000000]
69.000000,0,[1;2;3;4;5;6;7;8;9;10;11],[2;2;2;2;2;2;0;0;2;0;0],[0;0;0;0;0;0;-1;-1;1;-1;-1],[86.400000;100.000000;84.000000;68.000000;100.000000;84.000000;0.000000;0.000000;-56.000000;0.000000;0.000000]
69.000000,1,[1;2;3;4;5;6;7;8;9;10;11],[2;0;0;2;2;2;2;2;2;2;2],[0;-1;-1;0;0;0;-1;1;1;-1;1],[86.400000;0.000000;0.000000;68.000000;100.000000;84.000000;-40.000000;-100.000000;-56.000000;20.000000;-100.000000]
70.000000,0,[1;2;3;4;5;6;7;8;9;10;11],[2;2;2;2;2;2;0;0;2;0;0],[0;0;0;0;0;0;-1;-1;1;-1;-1],[85.600000;100.000000;84.000000;44.000000;100.000000;76.000000;0.000000;0.000000;-53.000000;0.000000;0.000000]
70.000000,1,[1;2;3;4;5;6;7;8;9;10;11],[2;0;0;2;2;2;2;2;2;2;2],[0;-1;-1;0;0;0;-1;1;1;-1;1],[85.600000;0.000000;0.000000;44.000000;100.000000;76.000000;-57.000000;-100.000000;-53.000000;8.000000;-100.000000]
71.000000,0,[1;2;3;4;5;6;7;8;9;10;11],[2;2;2;2;2;2;0;0;2;1;0],[0;0;0;0;0;0;-1;-1;1;-1;-1],[84.800000;100.000000;100.000000;20.000000;100.000000;68.000000;0.000000;0.000000;-37.000000;-4.000000;0.000000]
71.000000,1,[1;2;3;4;5;6;7;8;9;10;11],[2;1;0;2;1;2;2;2;2;2;2],[0;0;-1;0;0;0;-1;1;1;-1;1],[84.800000;100.000000;0.000000;20.000000;100.000000;68.000000;-74.000000;-100.000000;-37.000000;-4.000000;-100.000000]
72.000000,0,[1;2;3;4;5;6;7;8;9;10;11],[2;2;2;0;2;2;1;0;2;1;0],[0;0;0;-1;0;0;-1;-1;1;-1;-1],[84.800000;100.000000;100.000000;0.000000;100.000000;60.000000;-91.000000;0.000000;-21.000000;-16.000000;0.000000]
72.000000,1,[1;2;3;4;5;6;7;8;9;10;11],[2;1;0;2;1;2;2;2;2;2;2],[0;0;-1;-1;0;0;-1;1;1;-1;1],[84.800000;100.000000;0.000000;-4.000000;100.000000;60.000000;-91.000000;-100.000000;-21.000000;-16.000000;-100.000000]
73.000000,0,[1;2;3;4;5;6;7;8;9;10;11],[2;2;2;0;2;2;1;0;1;2;0],[0;0;0;-1;0;0;1;-1;1;-1;-1],[84.200000;100.000000;100.000000;0.000000;100.000000;52.000000;-100.000000;0.000000;-21.000000;-16.000000;0.000000]
73.000000,1,[1;2;3;4;5;6;7;8;9;10;11],[2;1;0;2;1;2;2;2;2;2;2],[0;0;-1;-1;0;0;1;1;1;-1;1],[84.200000;100.000000;0.000000;-44.000000;100.000000;52.000000;-100.000000;-100.000000;-21.000000;-16.000000;-100.000000]
74.000000,0,[1;2;3;4;5;6;7;8;9;10;11],[2;2;2;0;2;2;1;0;2;0;0],[0;0;0;-1;0;0;1;-1;1;-1;-1],[83.600000;100.000000;100.000000;0.000000;100.000000;44.000000;-100.000000;0.000000;-13.000000;0.000000;0.000000]
74.000000,1,[1;2;3;4;5;6;7;8;9;10;11],[2;1;0;2;1;2;2;2;2;0;2],[0;0;-1;-1;0;0;1;1;1;-1;1],[83.600000;100.000000;0.000000;-68.000000;100.000000;44.000000;-100.000000;-100.000000;-13.000000;0.000000;-100.000000]
75.000000,0,[1;2;3;4;5;6;7;8;9;10;11],[2;2;2;0;2;2;1;0;2;0;0],[0;0;0;-1;0;0;1;-1;1;-1;-1],[83.000000;100.000000;100.000000;0.000000;100.000000;36.000000;-100.000000;0.000000;-5.000000;0.000000;0.000000]
75.000000,1,[1;2;3;4;5;6;7;8;9;10;11],[2;2;0;2;1;2;2;2;2;0;2],[0;0;-1;-1;0;0;1;1;1;-1;1],[83.000000;100.000000;0.000000;-76.000000;100.000000;36.000000;-100.000000;-100.000000;-5.000000;0.000000;-100.000000]
76.000000,0,[1;2;3;4;5;6;7;8;9;10;11],[2;2;2;0;2;2;1;0;2;0;0],[0;0;0;-1;0;0;1;-1;-1;-1;-1],[83.000000;100.000000;100.000000;0.000000;100.000000;28.000000;-100.000000;0.000000;3.000000;0.000000;0.000000]
76.000000,1,[1;2;3;4;5;6;7;8;9;10;11],[2;2;0;2;1;2;2;2;1;0;2],[0;0;-1;-1;0;0;1;1;-1;-1;1],[83.000000;100.000000;0.000000;-84.000000;100.000000;28.000000;-100.000000;-100.000000;3.000000;0.000000;-100.000000]
77.000000,0,[1;2;3;4;5;6;7;8;9;10;11],[2;2;2;0;2;2;1;0;2;0;0],[0;0;0;-1;0;0;1;-1;-1;-1;-1],[84.600000;100.000000;100.000000;0.000000;100.000000;20.000000;-100.000000;0.000000;11.000000;0.000000;0.000000]
77.000000,1,[1;2;3;4;5;6;7;8;9;10;11],[1;2;0;2;1;2;2;2;1;0;2],[0;0;-1;-1;0;0;1;1;-1;-1;1],[84.600000;100.000000;0.000000;-92.000000;100.000000;20.000000;-100.000000;-100.000000;11.000000;0.000000;-100.000000]
78.000000,0,[1;2;3;4;5;6;7;8;9;10;11],[2;2;2;0;2;2;2;1;0;0;0],[0;0;0;-1;0;0;1;1;-1;-1;-1],[86.200000;100.000000;100.000000;0.000000;100.000000;12.000000;-100.000000;-100.000000;0.000000;0.000000;0.000000]
78.000000,1,[1;2;3;4;5;6;7;8;9;10;11],[1;2;0;2;1;2;2;2;2;0;2],[0;0;-1;1;0;0;1;1;-1;-1;1],[86.200000;100.000000;0.000000;-100.000000;100.000000;12.000000;-100.000000;-100.000000;-2.000000;0.000000;-100.000000]
79.000000,0,[1;2;3;4;5;6;7;8;9;10;11],[2;2;2;0;2;2;2;1;0;0;0],[0;0;0;-1;0;0;1;1;-1;-1;-1],[87.800000;100.000000;100.000000;0.000000;100.000000;4.000000;-100.000000;-100.000000;0.000000;0.000000;0.000000]
79.000000,1,[1;2;3;4;5;6;7;8;9;10;11],[1;2;0;2;1;2;2;2;2;0;2],[0;0;-1;1;0;0;1;1;-1;-1;1],[87.800000;100.000000;0.000000;-100.000000;100.000000;4.000000;-100.000000;-100.000000;-14.000000;0.000000;-100.000000]
80.000000,0,[1;2;3;4;5;6;7;8;9;10;11],[2;2;2;0;2;0;2;2;0;0;0],[0;0;0;-1;0;-1;1;1;-1;-1;-1],[87.800000;100.000000;100.000000;0.000000;100.000000;0.000000;-100.000000;-92.000000;0.000000;0.000000;0.000000]
80.000000,1,[1;2;3;4;5;6;7;8;9;10;11],[2;2;0;2;1;2;2;2;0;1;2],[0;0;-1;1;0;-1;1;1;-1;-1;1],[87.800000;100.000000;0.000000;-100.000000;100.000000;-4.000000;-100.000000;-92.000000;0.000000;-16.000000;-100.000000]
81.000000,0,[1;2;3;4;5;6;7;8;9;10;11],[2;2;2;0;2;0;2;2;0;0;0],[0;0;0;-1;0;-1;1;1;-1;-1;-1],[87.800000;100.000000;100.000000;0.000000;100.000000;0.000000;-100.000000;-92.000000;0.000000;0.000000;0.000000]
81.000000,1,[1;2;3;4;5;6;7;8;9;10;11],[2;1;0;2;1;2;2;2;0;1;2],[0;0;-1;1;0;-1;1;1;-1;-1;1],[87.800000;100.000000;0.000000;-100.000000;100.000000;-12.000000;-100.000000;-92.000000;0.000000;-16.000000;-100.000000]
82.000000,0,[1;2;3;4;5;6;7;8;9;10;11],[2;2;2;0;2;0;2;0;1;0;0],[0;0;0;-1;0;-1;1;-1;-1;-1;-1],[87.800000;100.000000;100.000000;0.000000;100.000000;0.000000;-100.000000;0.000000;-14.000000;0.000000;0.000000]
82.000000,1,[1;2;3;4;5;6;7;8;9;10;11],[2;1;0;2;1;2;2;2;0;1;2],[0;0;-1;1;0;-1;1;1;-1;-1;1],[87.800000;100.000000;0.000000;-100.000000;100.000000;-20.000000;-100.000000;-92.000000;0.000000;-16.000000;-100.000000]
83.000000,0,[1;2;3;4;5;6;7;8;9;10;11],[2;2;2;0;2;0;2;0;1;0;0],[0;0;0;-1;0;-1;1;-1;-1;-1;-1],[87.800000;100.000000;100.000000;0.000000;100.000000;0.000000;-68.000000;0.000000;-14.000000;0.000000;0.000000]
83.000000,1,[1;2;3;4;5;6;7;8;9;10;11],[2;2;0;2;1;2;2;2;0;1;2],[0;0;-1;1;0;-1;1;1;-1;-1;1],[87.800000;100.000000;0.000000;-100.000000;100.000000;-28.000000;-68.000000;-92.000000;0.000000;-16.000000;-100.000000]
84.000000,0,[1;2;3;4;5;6;7;8;9;10;11],[2;2;2;0;2;0;2;0;2;1;0],[0;0;0;-1;0;-1;1;-1;-1;-1;-1],[87.800000;100.000000;100.000000;0.000000;100.000000;0.000000;-52.000000;0.000000;-7.000000;-32.000000;0.000000]
84.000000,1,[1;2;3;4;5;6;7;8;9;10;11],[2;0;0;2;1;2;2;2;0;2;2],[0;-1;-1;1;0;-1;1;1;-1;-1;1],[87.800000;0.000000;0.000000;-100.000000;100.000000;-36.000000;-52.000000;-92.000000;0.000000;-32.000000;-100.000000]
85.000000,0,[1;2;3;4;5;6;7;8;9;10;11],[2;2;2;0;2;0;0;0;2;1;0],[0;0;0;-1;0;-1;-1;-1;-1;-1;-1],[87.800000;100.000000;100.000000;0.000000;100.000000;0.000000;0.000000;0.000000;0.000000;-48.000000;0.000000]
85.000000,1,[1;2;3;4;5;6;7;8;9;10;11],[2;0;0;2;1;2;2;2;0;2;2],[0;-1;-1;1;0;-1;1;1;-1;-1;1],[87.800000;0.000000;0.000000;-100.000000;100.000000;-44.000000;-52.000000;-92.000000;0.000000;-48.000000;-100.000000]
86.000000,0,[1;2;3;4;5;6;7;8;9;10;11],[2;2;2;0;2;0;0;0;2;1;0],[0;0;0;-1;0;-1;-1;-1;-1;-1;-1],[87.800000;100.000000;100.000000;0.000000;88.000000;0.000000;0.000000;0.000000;7.000000;-64.000000;0.000000]
86.000000,1,[1;2;3;4;5;6;7;8;9;10;11],[2;0;0;2;2;2;2;2;0;2;2],[0;-1;-1;1;0;-1;1;1;-1;-1;1],[87.800000;0.000000;0.000000;-100.000000;88.000000;-52.000000;-52.000000;-92.000000;0.000000;-64.000000;-100.000000]
87.000000,0,[1;2;3;4;5;6;7;8;9;10;11],[2;2;2;0;2;0;0;0;2;1;0],[0;0;0;-1;0;-1;-1;-1;-1;-1;-1],[87.800000;100.000000;100.000000;0.000000;88.000000;0.000000;0.000000;0.000000;14.000000;-80.000000;0.000000]
87.000000,1,[1;2;3;4;5;6;7;8;9;10;11],[2;0;0;2;2;2;2;2;0;2;2],[0;-1;-1;1;0;-1;1;1;-1;-1;1],[87.800000;0.000000;0.000000;-100.000000;88.000000;-60.000000;-52.000000;-92.000000;0.000000;-80.000000;-100.000000]
88.000000,0,[1;2;3;4;5;6;7;8;9;10;11],[2;2;2;0;2;0;0;1;1;2;0],[0;0;0;-1;0;-1;-1;1;-1;-1;-1],[87.800000;100.000000;100.000000;0.000000;76.000000;0.000000;0.000000;-92.000000;14.000000;-80.000000;0.000000]
88.000000,1,[1;2;3;4;5;6;7;8;9;10;11],[2;0;0;2;2;2;2;2;0;2;2],[0;-1;-1;1;0;-1;1;1;-1;-1;1],[87.800000;0.000000;0.000000;-100.000000;76.000000;-68.000000;-52.000000;-92.000000;0.000000;-80.000000;-100.000000]
89.000000,0,[1;2;3;4;5;6;7;8;9;10;11],[2;2;2;0;2;0;0;1;2;2;0],[0;0;0;-1;0;-1;-1;1;-1;-1;-1],[87.800000;100.000000;100.000000;0.000000;64.000000;0.000000;0.000000;-92.000000;30.000000;-80.000000;0.000000]
89.000000,1,[1;2;3;4;5;6;7;8;9;10;11],[2;0;0;2;2;2;2;2;0;2;2],[0;-1;-1;1;0;-1;1;1;-1;-1;1],[87.800000;0.000000;0.000000;-100.000000;64.000000;-76.000000;-52.000000;-92.000000;0.000000;-80.000000;-100.000000]
90.000000,0,[1;2;3;4;5;6;7;8;9;10;11],[2;2;2;0;2;0;0;2;2;2;0],[0;0;0;-1;0;-1;-1;1;-1;-1;-1],[87.800000;100.000000;100.000000;0.000000;52.000000;0.000000;0.000000;-84.000000;46.000000;-80.000000;0.000000]
90.000000,1,[1;2;3;4;5;6;7;8;9;10;11],[2;0;0;2;2;2;2;2;0;2;2],[0;-1;-1;1;0;-1;1;1;-1;-1;1],[87.800000;0.000000;0.000000;-100.000000;52.000000;-84.000000;-52.000000;-84.000000;0.000000;-80.000000;-100.000000]
91.000000,0,[1;2;3;4;5;6;7;8;9;10;11],[2;2;2;0;2;0;1;2;2;2;0],[0;0;0;-1;0;-1;1;1;-1;-1;-1],[87.800000;100.000000;100.000000;0.000000;52.000000;0.000000;-52.000000;-76.000000;78.000000;-80.000000;0.000000]
91.000000,1,[1;2;3;4;5;6;7;8;9;10;11],[2;0;0;2;2;2;2;2;0;2;2],[0;-1;-1;1;0;-1;1;1;-1;-1;1],[87.800000;0.000000;0.000000;-100.000000;52.000000;-92.000000;-52.000000;-76.000000;0.000000;-80.000000;-100.000000]
92.000000,0,[1;2;3;4;5;6;7;8;9;10;11],[2;2;2;0;2;0;1;2;2;2;0],[0;0;0;-1;0;-1;1;1;0;-1;-1],[87.800000;100.000000;100.000000;0.000000;52.000000;0.000000;-52.000000;-68.000000;100.000000;-64.000000;0.000000]
92.000000,1,[1;2;3;4;5;6;7;8;9;10;11],[2;0;0;2;2;2;2;2;0;0;2],[0;-1;-1;1;0;1;1;1;-1;-1;1],[87.800000;0.000000;0.000000;-100.000000;52.000000;-100.000000;-52.000000;-68.000000;0.000000;0.000000;-100.000000]
93.000000,0,[1;2;3;4;5;6;7;8;9;10;11],[2;2;2;0;2;0;1;2;2;2;0],[0;0;0;-1;0;-1;1;1;0;-1;-1],[87.800000;100.000000;100.000000;0.000000;52.000000;0.000000;-52.000000;-60.000000;100.000000;-48.000000;0.000000]
93.000000,1,[1;2;3;4;5;6;7;8;9;10;11],[2;0;0;2;2;2;2;2;0;0;2],[0;-1;-1;1;0;1;1;1;-1;-1;1],[87.800000;0.000000;0.000000;-100.000000;52.000000;-100.000000;-52.000000;-60.000000;0.000000;0.000000;-100.000000]
94.000000,0,[1;2;3;4;5;6;7;8;9;10;11],[2;2;2;0;2;0;1;2;2;0;1],[0;0;0;-1;0;-1;1;1;0;-1;1],[87.800000;100.000000;100.000000;0.000000;52.000000;0.000000;-52.000000;-52.000000;100.000000;0.000000;-100.000000]
94.000000,1,[1;2;3;4;5;6;7;8;9;10;11],[2;0;0;2;2;2;2;2;0;0;2],[0;-1;-1;1;0;1;1;1;-1;-1;1],[87.800000;0.000000;0.000000;-100.000000;52.000000;-100.000000;-52.000000;-52.000000;0.000000;0.000000;-100.000000]
95.000000,0,[1;2;3;4;5;6;7;8;9;10;11],[2;2;2;0;2;0;1;2;2;0;1],[0;0;0;-1;0;-1;1;1;0;-1;1],[87.800000;100.000000;100.000000;0.000000;40.000000;0.000000;-52.000000;-44.000000;100.000000;0.000000;-100.000000]
95.000000,1,[1;2;3;4;5;6;7;8;9;10;11],[2;0;0;2;2;2;2;2;0;0;2],[0;-1;-1;1;0;1;1;1;-1;-1;1],[87.800000;0.000000;0.000000;-100.000000;40.000000;-100.000000;-52.000000;-44.000000;0.000000;0.000000;-100.000000]
96.000000,0,[1;2;3;4;5;6;7;8;9;10;11],[2;2;2;0;2;1;1;2;2;0;1],[0;0;0;-1;0;1;1;1;0;-1;1],[87.800000;100.000000;100.000000;0.000000;48.000000;-100.000000;-68.000000;-36.000000;100.000000;0.000000;-100.000000]
96.000000,1,[1;2;3;4;5;6;7;8;9;10;11],[2;0;0;2;0;2;2;2;1;0;2],[0;-1;-1;1;-1;1;1;1;0;-1;1],[87.800000;0.000000;0.000000;-100.000000;0.000000;-100.000000;-68.000000;-36.000000;100.000000;0.000000;-100.000000]
97.000000,0,[1;2;3;4;5;6;7;8;9;10;11],[2;2;2;0;2;1;2;0;2;0;1],[0;0;0;-1;0;1;1;-1;0;-1;1],[87.800000;100.000000;100.000000;0.000000;56.000000;-100.000000;-68.000000;0.000000;100.000000;0.000000;-100.000000]
97.000000,1,[1;2;3;4;5;6;7;8;9;10;11],[2;0;0;2;0;2;2;2;1;0;2],[0;-1;-1;1;-1;1;1;1;0;-1;1],[87.800000;0.000000;0.000000;-100.000000;0.000000;-100.000000;-68.000000;-36.000000;100.000000;0.000000;-100.000000]
98.000000,0,[1;2;3;4;5;6;7;8;9;10;11],[2;2;2;0;2;1;2;0;2;0;1],[0;0;0;-1;0;1;1;-1;0;-1;1],[87.800000;100.000000;100.000000;0.000000;64.000000;-100.000000;-68.000000;0.000000;100.000000;0.000000;-100.000000]
98.000000,1,[1;2;3;4;5;6;7;8;9;10;11],[2;0;1;2;0;2;2;2;1;0;2],[0;-1;0;1;-1;1;1;1;0;-1;1],[87.800000;0.000000;100.000000;-100.000000;0.000000;-100.000000;-68.000000;-36.000000;100.000000;0.000000;-100.000000]
99.000000,0,[1;2;3;4;5;6;7;8;9;10;11],[2;2;2;1;2;2;0;0;2;0;1],[0;0;0;1;0;1;-1;-1;0;-1;1],[87.800000;100.000000;100.000000;-100.000000;88.000000;-84.000000;0.000000;0.000000;100.000000;0.000000;-100.000000]
99.000000,1,[1;2;3;4;5;6;7;8;9;10;11],[2;0;1;2;0;2;2;2;1;0;2],[0;-1;0;1;-1;1;1;1;0;-1;1],[87.800000;0.000000;100.000000;-100.000000;0.000000;-84.000000;-84.000000;-36.000000;100.000000;0.000000;-100.000000]
100.000000,0,[1;2;3;4;5;6;7;8;9;10;11],[2;2;2;1;2;2;0;0;2;0;2],[0;0;0;1;0;1;-1;-1;0;-1;1],[87.800000;100.000000;100.000000;-100.000000;100.000000;-68.000000;0.000000;0.000000;100.000000;0.000000;-95.200000]
100.000000,1,[1;2;3;4;5;6;7;8;9;10;11],[2;1;2;2;0;2;2;2;1;0;2],[0;0;0;1;-1;1;1;1;0;-1;1],[87.800000;100.000000;100.000000;-100.000000;0.000000;-68.000000;-100.000000;-36.000000;100.000000;0.000000;-95.200000]
101.000000,0,[1;2;3;4;5;6;7;8;9;10;11],[2;2;2;1;2;2;0;0;2;0;2],[0;0;0;1;0;1;-1;-1;0;-1;1],[87.800000;100.000000;100.000000;-100.000000;100.000000;-52.000000;0.000000;0.000000;100.000000;0.000000;-90.400000]
101.000000,1,[1;2;3;4;5;6;7;8;9;10;11],[2;1;2;2;0;2;2;2;1;0;2],[0;0;0;1;-1;1;1;1;0;-1;1],[87.800000;100.000000;100.000000;-100.000000;0.000000;-52.000000;-100.000000;-44.000000;100.000000;0.000000;-90.400000]
102.000000,0,[1;2;3;4;5;6;7;8;9;10;11],[2;2;2;1;2;2;0;0;2;0;2],[0;0;0;1;0;1;-1;-1;0;-1;1],[89.400000;100.000000;92.000000;-100.000000;100.000000;-36.000000;0.000000;0.000000;88.000000;0.000000;-85.600000]
102.000000,1,[1;2;3;4;5;6;7;8;9;10;11],[0;1;2;2;0;2;2;2;2;0;2],[-1;0;0;1;-1;1;1;1;0;-1;1],[0.000000;100.000000;92.000000;-100.000000;0.000000;-36.000000;-100.000000;-52.000000;88.000000;0.000000;-85.600000]
103.000000,0,[1;2;3;4;5;6;7;8;9;10;11],[2;2;2;2;2;2;0;0;2;0;2],[0;0;0;1;0;1;-1;-1;0;-1;1],[91.000000;100.000000;84.000000;-88.000000;100.000000;-20.000000;0.000000;0.000000;76.000000;0.000000;-80.800000]
103.000000,1,[1;2;3;4;5;6;7;8;9;10;11],[0;1;2;2;0;2;2;2;2;0;2],[-1;0;0;1;-1;1;1;1;0;-1;1],[0.000000;100.000000;84.000000;-88.000000;0.000000;-20.000000;-100.000000;-60.000000;76.000000;0.000000;-80.800000]
104.000000,0,[1;2;3;4;5;6;7;8;9;10;11],[2;2;2;2;2;2;0;0;2;0;2],[0;0;0;1;0;1;-1;-1;0;-1;1],[92.600000;100.000000;84.000000;-76.000000;100.000000;-4.000000;0.000000;0.000000;64.000000;0.000000;-76.000000]
104.000000,1,[1;2;3;4;5;6;7;8;9;10;11],[0;1;0;2;1;2;2;2;2;0;2],[-1;0;-1;1;0;1;1;1;0;-1;1],[0.000000;100.000000;0.000000;-76.000000;100.000000;-4.000000;-100.000000;-60.000000;64.000000;0.000000;-76.000000]
105.000000,0,[1;2;3;4;5;6;7;8;9;10;11],[2;2;2;2;2;2;0;0;2;0;2],[0;0;0;1;0;-1;-1;-1;0;-1;1],[94.200000;100.000000;84.000000;-64.000000;100.000000;12.000000;0.000000;0.000000;64.000000;0.000000;-71.200000]
105.000000,1,[1;2;3;4;5;6;7;8;9;10;11],[0;1;0;2;1;1;2;2;1;1;2],[-1;0;-1;1;0;-1;1;1;0;-1;1],[0.000000;100.000000;0.000000;-64.000000;100.000000;12.000000;-100.000000;-60.000000;64.000000;-48.000000;-71.200000]
106.000000,0,[1;2;3;4;5;6;7;8;9;10;11],[2;2;2;2;2;2;0;0;2;0;2],[0;0;0;1;0;-1;-1;-1;0;-1;1],[95.800000;100.000000;84.000000;-52.000000;100.000000;12.000000;0.000000;0.000000;64.000000;0.000000;-66.400000]
106.000000,1,[1;2;3;4;5;6;7;8;9;10;11],[0;2;0;2;1;2;2;2;1;1;2],[-1;0;-1;1;0;-1;1;1;0;-1;1],[0.000000;100.000000;0.000000;-52.000000;100.000000;12.000000;-100.000000;-60.000000;64.000000;-48.000000;-66.400000]
107.000000,0,[1;2;3;4;5;6;7;8;9;10;11],[2;2;2;2;2;2;0;0;2;0;2],[0;0;0;1;0;-1;-1;-1;0;-1;1],[97.400000;100.000000;84.000000;-40.000000;100.000000;12.000000;0.000000;0.000000;64.000000;0.000000;-61.600000]
107.000000,1,[1;2;3;4;5;6;7;8;9;10;11],[0;2;0;2;1;2;2;2;1;1;2],[-1;0;-1;1;0;-1;1;1;0;-1;1],[0.000000;100.000000;0.000000;-40.000000;100.000000;12.000000;-100.000000;-60.000000;64.000000;-48.000000;-61.600000]
108.000000,0,[1;2;3;4;5;6;7;8;9;10;11],[2;2;2;0;2;2;1;1;2;0;2],[0;0;0;-1;0;-1;1;1;0;-1;1],[99.000000;100.000000;84.000000;0.000000;92.000000;12.000000;-100.000000;-60.000000;48.000000;0.000000;-58.400000]
108.000000,1,[1;2;3;4;5;6;7;8;9;10;11],[0;2;0;2;2;2;2;2;2;1;2],[-1;0;-1;1;0;-1;1;1;0;-1;1],[0.000000;100.000000;0.000000;-40.000000;92.000000;12.000000;-100.000000;-60.000000;48.000000;-48.000000;-58.400000]
109.000000,0,[1;2;3;4;5;6;7;8;9;10;11],[2;2;2;0;2;2;1;1;2;1;0],[0;0;0;-1;0;-1;1;1;0;-1;-1],[100.000000;100.000000;84.000000;0.000000;84.000000;12.000000;-100.000000;-60.000000;32.000000;-60.000000;0.000000]
109.000000,1,[1;2;3;4;5;6;7;8;9;10;11],[0;2;0;2;2;2;2;2;2;2;2],[-1;0;-1;1;0;-1;1;1;0;-1;1],[0.000000;100.000000;0.000000;-40.000000;84.000000;12.000000;-100.000000;-60.000000;32.000000;-60.000000;-58.400000]
110.000000,0,[1;2;3;4;5;6;7;8;9;10;11],[2;2;2;0;2;2;1;1;2;1;0],[0;0;0;-1;0;-1;1;1;0;-1;-1],[100.000000;100.000000;84.000000;0.000000;76.000000;12.000000;-100.000000;-60.000000;32.000000;-72.000000;0.000000]
110.000000,1,[1;2;3;4;5;6;7;8;9;10;11],[1;0;0;2;2;2;2;2;2;2;2],[0;-1;-1;1;0;-1;1;1;0;-1;1],[100.000000;0.000000;0.000000;-40.000000;76.000000;12.000000;-100.000000;-60.000000;32.000000;-72.000000;-58.400000]
111.000000,0,[1;2;3;4;5;6;7;8;9;10;11],[2;2;2;0;2;2;1;2;2;1;0],[0;0;0;-1;0;-1;1;1;0;-1;-1],[100.000000;100.000000;84.000000;0.000000;76.000000;12.000000;-100.000000;-52.000000;32.000000;-84.000000;0.000000]
111.000000,1,[1;2;3;4;5;6;7;8;9;10;11],[1;1;0;2;0;2;2;2;2;2;2],[0;0;-1;1;-1;-1;1;1;0;-1;1],[100.000000;100.000000;0.000000;-40.000000;0.000000;12.000000;-100.000000;-52.000000;32.000000;-84.000000;-58.400000]
112.000000,0,[1;2;3;4;5;6;7;8;9;10;11],[2;2;2;0;2;2;2;2;2;1;0],[0;0;0;-1;0;-1;1;1;0;-1;-1],[100.000000;100.000000;84.000000;0.000000;76.000000;26.000000;-88.000000;-44.000000;32.000000;-84.000000;0.000000]
112.000000,1,[1;2;3;4;5;6;7;8;9;10;11],[1;1;0;2;0;0;2;2;2;0;2],[0;0;-1;1;-1;-1;1;1;0;-1;1],[100.000000;100.000000;0.000000;-40.000000;0.000000;0.000000;-88.000000;-44.000000;32.000000;0.000000;-58.400000]
113.000000,0,[1;2;3;4;5;6;7;8;9;10;11],[2;2;2;0;2;2;0;2;2;1;0],[0;0;0;-1;0;-1;-1;1;0;-1;-1],[100.000000;100.000000;84.000000;0.000000;81.000000;40.000000;0.000000;-36.000000;32.000000;-84.000000;0.000000]
113.000000,1,[1;2;3;4;5;6;7;8;9;10;11],[1;1;0;2;0;0;2;2;1;1;2],[0;0;-1;1;-1;-1;1;1;0;-1;1],[100.000000;100.000000;0.000000;-40.000000;0.000000;0.000000;-88.000000;-36.000000;32.000000;-84.000000;-58.400000]
114.000000,0,[1;2;3;4;5;6;7;8;9;10;11],[2;2;2;1;2;2;0;2;2;1;0],[0;0;0;1;0;-1;-1;1;0;-1;-1],[100.000000;100.000000;84.000000;-40.000000;86.000000;54.000000;0.000000;-28.000000;32.000000;-84.000000;0.000000]
114.000000,1,[1;2;3;4;5;6;7;8;9;10;11],[1;1;0;2;0;0;2;2;1;1;2],[0;0;-1;1;-1;-1;1;1;0;-1;1],[100.000000;100.000000;0.000000;-40.000000;0.000000;0.000000;-88.000000;-28.000000;32.000000;-84.000000;-58.400000]
115.000000,0,[1;2;3;4;5;6;7;8;9;10;11],[2;2;2;1;2;2;0;2;2;2;0],[0;0;0;1;0;-1;-1;1;0;-1;-1],[100.000000;92.000000;100.000000;-40.000000;91.000000;76.000000;0.000000;-20.000000;32.000000;-68.000000;0.000000]
115.000000,1,[1;2;3;4;5;6;7;8;9;10;11],[1;2;0;2;0;0;2;2;1;1;2],[0;0;-1;1;-1;-1;1;1;0;-1;1],[100.000000;92.000000;0.000000;-40.000000;0.000000;0.000000;-88.000000;-20.000000;32.000000;-68.000000;-58.400000]
116.000000,0,[1;2;3;4;5;6;7;8;9;10;11],[2;2;2;1;2;2;1;2;2;0;0],[0;0;0;1;0;-1;1;1;0;-1;-1],[100.000000;84.000000;100.000000;-40.000000;91.000000;98.000000;-88.000000;-12.000000;20.000000;0.000000;0.000000]
116.000000,1,[1;2;3;4;5;6;7;8;9;10;11],[2;2;0;2;0;0;2;2;2;1;2],[0;0;-1;1;-1;-1;1;1;0;-1;1],[100.000000;84.000000;0.000000;-40.000000;0.000000;0.000000;-88.000000;-12.000000;20.000000;-68.000000;-58.400000]
117.000000,0,[1;2;3;4;5;6;7;8;9;10;11],[2;2;2;1;2;2;1;2;2;0;0],[0;0;0;1;0;0;1;-1;0;-1;-1],[100.000000;76.000000;100.000000;-40.000000;91.000000;100.000000;-88.000000;2.000000;8.000000;0.000000;0.000000]
117.000000,1,[1;2;3;4;5;6;7;8;9;10;11],[2;2;0;2;0;0;2;0;2;2;2],[0;0;-1;1;-1;-1;1;-1;0;-1;1],[100.000000;76.000000;0.000000;-40.000000;0.000000;0.000000;-88.000000;0.000000;8.000000;-84.000000;-58.400000]
118.000000,0,[1;2;3;4;5;6;7;8;9;10;11],[2;2;2;1;2;2;1;2;0;0;0],[0;0;0;1;0;0;1;-1;-1;-1;-1],[100.000000;81.000000;100.000000;-40.000000;91.000000;100.000000;-88.000000;16.000000;0.000000;0.000000;0.000000]
118.000000,1,[1;2;3;4;5;6;7;8;9;10;11],[2;0;0;2;1;0;2;0;2;0;2],[0;-1;-1;1;0;-1;1;-1;-1;-1;1],[100.000000;0.000000;0.000000;-40.000000;91.000000;0.000000;-88.000000;0.000000;-4.000000;0.000000;-58.400000]
119.000000,0,[1;2;3;4;5;6;7;8;9;10;11],[2;2;2;1;2;2;1;2;0;0;0],[0;0;0;1;0;0;1;-1;-1;-1;-1],[100.000000;86.000000;100.000000;-40.000000;99.000000;100.000000;-88.000000;30.000000;0.000000;0.000000;0.000000]
119.000000,1,[1;2;3;4;5;6;7;8;9;10;11],[2;0;0;2;1;0;2;0;2;0;2],[0;-1;-1;1;0;-1;1;-1;-1;-1;1],[100.000000;0.000000;0.000000;-40.000000;99.000000;0.000000;-88.000000;0.000000;-16.000000;0.000000;-58.400000]
120.000000,0,[1;2;3;4;5;6;7;8;9;10;11],[2;2;2;2;2;2;2;0;0;0;0],[0;0;0;1;0;0;1;-1;-1;-1;-1],[100.000000;91.000000;100.000000;-32.000000;100.000000;100.000000;-72.000000;0.000000;0.000000;0.000000;0.000000]
120.000000,1,[1;2;3;4;5;6;7;8;9;10;11],[2;0;0;2;1;0;2;0;2;0;2],[0;-1;-1;1;0;-1;1;-1;-1;-1;1],[100.000000;0.000000;0.000000;-32.000000;100.000000;0.000000;-72.000000;0.000000;-28.000000;0.000000;-58.400000]
121.000000,0,[1;2;3;4;5;6;7;8;9;10;11],[2;2;2;2;2;2;2;0;0;0;0],[0;0;0;1;0;0;1;-1;-1;-1;-1],[100.000000;100.000000;100.000000;-24.000000;100.000000;100.000000;-56.000000;0.000000;0.000000;0.000000;0.000000]
121.000000,1,[1;2;3;4;5;6;7;8;9;10;11],[0;0;0;2;1;0;2;0;2;0;2],[-1;-1;-1;1;0;-1;1;-1;-1;-1;1],[0.000000;0.000000;0.000000;-24.000000;100.000000;0.000000;-56.000000;0.000000;-40.000000;0.000000;-58.400000]
122.000000,0,[1;2;3;4;5;6;7;8;9;10;11],[2;2;2;2;2;2;2;0;0;0;0],[0;0;0;1;0;0;1;-1;-1;-1;-1],[100.000000;100.000000;100.000000;-16.000000;100.000000;100.000000;-40.000000;0.000000;0.000000;0.000000;0.000000]
122.000000,1,[1;2;3;4;5;6;7;8;9;10;11],[0;0;0;2;2;0;2;0;2;0;2],[-1;-1;-1;1;0;-1;1;-1;-1;-1;1],[0.000000;0.000000;0.000000;-16.000000;100.000000;0.000000;-40.000000;0.000000;-52.000000;0.000000;-58.400000]
123.000000,0,[1;2;3;4;5;6;7;8;9;10;11],[2;2;2;2;2;2;2;1;0;0;0],[0;0;0;1;0;0;1;-1;-1;-1;-1],[100.000000;100.000000;100.000000;-8.000000;92.000000;100.000000;-24.000000;30.000000;0.000000;0.000000;0.000000]
123.000000,1,[1;2;3;4;5;6;7;8;9;10;11],[0;0;0;2;2;0;2;0;2;0;2],[-1;-1;-1;1;0;-1;1;-1;-1;-1;1],[0.000000;0.000000;0.000000;-8.000000;92.000000;0.000000;-24.000000;0.000000;-64.000000;0.000000;-58.400000]
124.000000,0,[1;2;3;4;5;6;7;8;9;10;11],[2;2;2;2;2;2;2;1;0;0;0],[0;0;0;-1;0;0;1;-1;-1;-1;-1],[100.000000;100.000000;100.000000;0.000000;92.000000;100.000000;-8.000000;30.000000;0.000000;0.000000;0.000000]
124.000000,1,[1;2;3;4;5;6;7;8;9;10;11],[0;0;0;0;2;0;2;0;2;0;2],[-1;-1;-1;-1;0;-1;1;-1;-1;-1;1],[0.000000;0.000000;0.000000;0.000000;92.000000;0.000000;-8.000000;0.000000;-76.000000;0.000000;-61.600000]
125.000000,0,[1;2;3;4;5;6;7;8;9;10;11],[2;2;2;2;2;2;2;2;0;0;0],[0;0;0;-1;0;0;-1;-1;-1;-1;-1],[100.000000;100.000000;100.000000;8.000000;100.000000;100.000000;8.000000;38.000000;0.000000;0.000000;0.000000]
125.000000,1,[1;2;3;4;5;6;7;8;9;10;11],[0;0;0;0;0;0;0;1;2;0;2],[-1;-1;-1;-1;-1;-1;-1;-1;-1;-1;1],[0.000000;0.000000;0.000000;0.000000;0.000000;0.000000;0.000000;38.000000;-88.000000;0.000000;-64.800000]
126.000000,0,[1;2;3;4;5;6;7;8;9;10;11],[2;2;2;2;2;2;2;2;0;0;0],[0;0;0;-1;0;0;-1;-1;-1;-1;-1],[100.000000;100.000000;100.000000;16.000000;100.000000;100.000000;36.000000;46.000000;0.000000;0.000000;0.000000]
126.000000,1,[1;2;3;4;5;6;7;8;9;10;11],[0;0;0;0;0;0;0;1;2;1;2],[-1;-1;-1;-1;-1;-1;-1;-1;1;-1;1],[0.000000;0.000000;0.000000;0.000000;0.000000;0.000000;0.000000;46.000000;-100.000000;-84.000000;-64.800000]
127.000000,0,[1;2;3;4;5;6;7;8;9;10;11],[2;2;2;2;2;2;0;2;0;1;0],[0;0;0;-1;0;0;-1;-1;-1;-1;-1],[100.000000;100.000000;100.000000;24.000000;100.000000;100.000000;0.000000;54.000000;0.000000;-84.000000;0.000000]
127.000000,1,[1;2;3;4;5;6;7;8;9;10;11],[0;0;0;0;0;0;0;1;2;1;2],[-1;-1;-1;-1;-1;-1;-1;-1;1;-1;1],[0.000000;0.000000;0.000000;0.000000;0.000000;0.000000;0.000000;54.000000;-100.000000;-84.000000;-64.800000]
128.000000,0,[1;2;3;4;5;6;7;8;9;10;11],[2;2;2;2;2;2;0;2;0;1;0],[0;0;0;-1;0;0;-1;-1;-1;-1;-1],[100.000000;100.000000;100.000000;32.000000;100.000000;100.000000;0.000000;62.000000;0.000000;-84.000000;0.000000]
128.000000,1,[1;2;3;4;5;6;7;8;9;10;11],[0;0;0;0;0;0;0;1;2;1;2],[-1;-1;-1;-1;-1;-1;-1;-1;1;-1;1],[0.000000;0.000000;0.000000;0.000000;0.000000;0.000000;0.000000;62.000000;-100.000000;-84.000000;-64.800000]
129.000000,0,[1;2;3;4;5;6;7;8;9;10;11],[2;2;2;2;2;2;0;2;0;1;0],[0;0;0;-1;0;0;-1;-1;-1;-1;-1],[100.000000;100.000000;100.000000;40.000000;100.000000;100.000000;0.000000;62.000000;0.000000;-84.000000;0.000000]
129.000000,1,[1;2;3;4;5;6;7;8;9;10;11],[0;0;0;0;0;1;0;2;2;1;2],[-1;-1;-1;-1;-1;0;-1;-1;1;-1;1],[0.000000;0.000000;0.000000;0.000000;0.000000;100.000000;0.000000;62.000000;-100.000000;-84.000000;-64.800000]
130.000000,0,[1;2;3;4;5;6;7;8;9;10;11],[2;2;2;2;2;2;0;2;0;1;0],[0;0;0;-1;0;0;-1;-1;-1;-1;-1],[100.000000;100.000000;100.000000;48.000000;100.000000;100.000000;0.000000;70.000000;0.000000;-84.000000;0.000000]
130.000000,1,[1;2;3;4;5;6;7;8;9;10;11],[0;0;0;0;0;1;0;0;2;1;2],[-1;-1;-1;-1;-1;0;-1;-1;1;-1;1],[0.000000;0.000000;0.000000;0.000000;0.000000;100.000000;0.000000;0.000000;-100.000000;-84.000000;-64.800000]
131.000000,0,[1;2;3;4;5;6;7;8;9;10;11],[2;2;2;0;2;2;1;2;0;2;0],[0;0;0;-1;0;0;-1;-1;-1;-1;-1],[100.000000;100.000000;100.000000;0.000000;100.000000;100.000000;36.000000;78.000000;0.000000;-68.000000;0.000000]
131.000000,1,[1;2;3;4;5;6;7;8;9;10;11],[0;0;0;0;0;1;0;0;2;1;2],[-1;-1;-1;-1;-1;0;-1;-1;1;-1;1],[0.000000;0.000000;0.000000;0.000000;0.000000;100.000000;0.000000;0.000000;-100.000000;-68.000000;-64.800000]
132.000000,0,[1;2;3;4;5;6;7;8;9;10;11],[2;2;2;0;2;2;1;2;0;0;1],[0;0;0;-1;0;0;-1;-1;-1;-1;1],[100.000000;100.000000;100.000000;0.000000;100.000000;100.000000;36.000000;86.000000;0.000000;0.000000;-64.800000]
132.000000,1,[1;2;3;4;5;6;7;8;9;10;11],[0;0;0;0;0;2;0;0;2;2;2],[-1;-1;-1;-1;-1;0;-1;-1;1;-1;1],[0.000000;0.000000;0.000000;0.000000;0.000000;100.000000;0.000000;0.000000;-100.000000;-84.000000;-64.800000]
133.000000,0,[1;2;3;4;5;6;7;8;9;10;11],[2;2;2;0;2;2;1;2;0;0;1],[0;0;0;-1;0;0;-1;-1;-1;-1;1],[100.000000;100.000000;100.000000;0.000000;100.000000;100.000000;36.000000;94.000000;0.000000;0.000000;-64.800000]
133.000000,1,[1;2;3;4;5;6;7;8;9;10;11],[0;0;0;0;0;2;0;0;2;2;2],[-1;-1;-1;-1;-1;0;-1;-1;1;1;1],[0.000000;0.000000;0.000000;0.000000;0.000000;100.000000;0.000000;0.000000;-100.000000;-100.000000;-64.800000]
134.000000,0,[1;2;3;4;5;6;7;8;9;10;11],[2;2;2;0;2;2;1;2;1;0;1],[0;0;0;-1;0;0;-1;0;1;-1;1],[100.000000;100.000000;100.000000;0.000000;100.000000;100.000000;36.000000;100.000000;-100.000000;0.000000;-64.800000]
134.000000,1,[1;2;3;4;5;6;7;8;9;10;11],[0;0;0;0;0;2;0;0;2;2;2],[-1;-1;-1;-1;-1;0;-1;-1;1;1;1],[0.000000;0.000000;0.000000;0.000000;0.000000;100.000000;0.000000;0.000000;-100.000000;-100.000000;-64.800000]
135.000000,0,[1;2;3;4;5;6;7;8;9;10;11],[2;2;2;0;2;2;2;2;1;0;1],[0;0;0;-1;0;0;-1;0;1;-1;1],[100.000000;100.000000;100.000000;0.000000;100.000000;100.000000;44.000000;100.000000;-100.000000;0.000000;-64.800000]
135.000000,1,[1;2;3;4;5;6;7;8;9;10;11],[0;0;0;0;0;2;0;0;2;2;2],[-1;-1;-1;-1;-1;0;-1;-1;1;1;1],[0.000000;0.000000;0.000000;0.000000;0.000000;100.000000;0.000000;0.000000;-100.000000;-100.000000;-64.800000]
136.000000,0,[1;2;3;4;5;6;7;8;9;10;11],[2;2;2;1;2;2;2;2;1;0;1],[0;0;0;-1;0;0;-1;0;1;-1;1],[100.000000;100.000000;100.000000;48.000000;100.000000;100.000000;52.000000;100.000000;-100.000000;0.000000;-64.800000]
136.000000,1,[1;2;3;4;5;6;7;8;9;10;11],[0;0;1;0;0;0;0;0;2;2;2],[-1;-1;0;-1;-1;-1;-1;-1;1;1;1],[0.000000;0.000000;100.000000;0.000000;0.000000;0.000000;0.000000;0.000000;-100.000000;-100.000000;-64.800000]
137.000000,0,[1;2;3;4;5;6;7;8;9;10;11],[2;2;2;1;2;2;2;2;1;0;1],[0;0;0;-1;0;0;-1;0;1;-1;1],[100.000000;100.000000;100.000000;48.000000;100.000000;100.000000;60.000000;100.000000;-100.000000;0.000000;-64.800000]
137.000000,1,[1;2;3;4;5;6;7;8;9;10;11],[0;0;1;0;0;0;0;0;2;2;2],[-1;-1;0;-1;-1;-1;-1;-1;1;1;1],[0.000000;0.000000;100.000000;0.000000;0.000000;0.000000;0.000000;0.000000;-100.000000;-100.000000;-64.800000]
138.000000,0,[1;2;3;4;5;6;7;8;9;10;11],[2;2;2;1;2;2;2;2;1;0;2],[0;0;0;-1;0;0;-1;0;1;-1;1],[100.000000;100.000000;100.000000;48.000000;100.000000;100.000000;68.000000;100.000000;-100.000000;0.000000;-61.600000]
138.000000,1,[1;2;3;4;5;6;7;8;9;10;11],[0;0;1;0;0;0;0;0;2;2;2],[-1;-1;0;-1;-1;-1;-1;-1;1;1;1],[0.000000;0.000000;100.000000;0.000000;0.000000;0.000000;0.000000;0.000000;-100.000000;-100.000000;-61.600000]
139.000000,0,[1;2;3;4;5;6;7;8;9;10;11],[2;2;2;1;2;2;2;2;1;0;2],[0;0;0;-1;0;0;-1;0;1;-1;1],[100.000000;100.000000;100.000000;48.000000;100.000000;100.000000;76.000000;100.000000;-100.000000;0.000000;-58.400000]
139.000000,1,[1;2;3;4;5;6;7;8;9;10;11],[0;0;2;0;0;0;0;0;2;2;2],[-1;-1;0;-1;-1;-1;-1;-1;1;1;1],[0.000000;0.000000;100.000000;0.000000;0.000000;0.000000;0.000000;0.000000;-100.000000;-100.000000;-58.400000]
140.000000,0,[1;2;3;4;5;6;7;8;9;10;11],[2;2;2;2;2;2;2;2;1;0;2],[0;0;0;-1;0;0;-1;0;1;-1;1],[100.000000;100.000000;100.000000;56.000000;100.000000;100.000000;84.000000;100.000000;-100.000000;0.000000;-58.400000]
140.000000,1,[1;2;3;4;5;6;7;8;9;10;11],[0;0;2;0;0;0;0;0;2;2;2],[-1;-1;0;-1;-1;-1;-1;-1;1;1;1],[0.000000;0.000000;100.000000;0.000000;0.000000;0.000000;0.000000;0.000000;-100.000000;-100.000000;-58.400000]
141.000000,0,[1;2;3;4;5;6;7;8;9;10;11],[2;2;2;1;2;2;2;2;1;0;2],[0;0;0;-1;0;0;-1;0;1;-1;1],[100.000000;100.000000;88.000000;56.000000;100.000000;100.000000;92.000000;100.000000;-100.000000;0.000000;-58.400000]
141.000000,1,[1;2;3;4;5;6;7;8;9;10;11],[0;0;2;0;0;0;0;0;2;2;2],[-1;-1;0;-1;-1;-1;-1;-1;1;1;1],[0.000000;0.000000;88.000000;0.000000;0.000000;0.000000;0.000000;0.000000;-100.000000;-100.000000;-58.400000]
142.000000,0,[1;2;3;4;5;6;7;8;9;10;11],[2;2;2;2;2;2;2;2;1;0;1],[0;0;0;-1;0;0;0;0;1;-1;1],[100.000000;100.000000;76.000000;70.000000;100.000000;100.000000;100.000000;100.000000;-100.000000;0.000000;-61.600000]
142.000000,1,[1;2;3;4;5;6;7;8;9;10;11],[0;0;2;0;0;0;0;0;2;2;2],[-1;-1;0;-1;-1;-1;-1;-1;1;1;1],[0.000000;0.000000;76.000000;0.000000;0.000000;0.000000;0.000000;0.000000;-100.000000;-100.000000;-61.600000]
143.000000,0,[1;2;3;4;5;6;7;8;9;10;11],[2;2;2;2;2;2;2;2;1;0;1],[0;0;0;-1;0;0;0;0;1;-1;1],[100.000000;100.000000;64.000000;84.000000;100.000000;100.000000;100.000000;100.000000;-100.000000;0.000000;-64.800000]
143.000000,1,[1;2;3;4;5;6;7;8;9;10;11],[0;0;2;0;0;0;0;0;2;2;2],[-1;-1;0;-1;-1;-1;-1;-1;1;1;1],[0.000000;0.000000;64.000000;0.000000;0.000000;0.000000;0.000000;0.000000;-100.000000;-100.000000;-64.800000]
144.000000,0,[1;2;3;4;5;6;7;8;9;10;11],[2;2;2;2;2;2;2;2;1;0;1],[0;0;0;-1;0;0;0;0;1;-1;1],[100.000000;100.000000;64.000000;98.000000;100.000000;100.000000;100.000000;100.000000;-100.000000;0.000000;-68.000000]
144.000000,1,[1;2;3;4;5;6;7;8;9;10;11],[0;0;0;0;0;1;0;0;2;2;2],[-1;-1;-1;-1;-1;0;-1;-1;1;1;1],[0.000000;0.000000;0.000000;0.000000;0.000000;100.000000;0.000000;0.000000;-100.000000;-100.000000;-68.000000]
145.000000,0,[1;2;3;4;5;6;7;8;9;10;11],[2;2;2;2;2;2;2;2;1;0;1],[0;0;0;0;0;0;0;0;1;-1;1],[100.000000;100.000000;72.000000;100.000000;100.000000;100.000000;100.000000;100.000000;-100.000000;0.000000;-71.200000]
145.000000,1,[1;2;3;4;5;6;7;8;9;10;11],[0;0;0;0;0;1;0;0;2;2;2],[-1;-1;-1;-1;-1;0;-1;-1;1;1;1],[0.000000;0.000000;0.000000;0.000000;0.000000;100.000000;0.000000;0.000000;-100.000000;-100.000000;-71.200000]
146.000000,0,[1;2;3;4;5;6;7;8;9;10;11],[2;2;2;2;2;2;2;2;1;0;1],[0;0;0;0;0;0;0;0;1;-1;1],[100.000000;100.000000;80.000000;100.000000;100.000000;100.000000;100.000000;100.000000;-100.000000;0.000000;-74.400000]
146.000000,1,[1;2;3;4;5;6;7;8;9;10;11],[0;0;0;0;0;1;0;0;2;2;2],[-1;-1;-1;-1;-1;0;-1;-1;1;1;1],[0.000000;0.000000;0.000000;0.000000;0.000000;100.000000;0.000000;0.000000;-100.000000;-100.000000;-74.400000]
147.000000,0,[1;2;3;4;5;6;7;8;9;10;11],[2;2;2;2;2;2;2;2;1;1;1],[0;0;0;0;0;0;0;0;1;1;1],[100.000000;100.000000;88.000000;100.000000;100.000000;88.000000;100.000000;100.000000;-100.000000;-100.000000;-77.600000]
147.000000,1,[1;2;3;4;5;6;7;8;9;10;11],[0;0;0;0;0;2;0;0;2;2;2],[-1;-1;-1;-1;-1;0;-1;-1;1;1;1],[0.000000;0.000000;0.000000;0.000000;0.000000;88.000000;0.000000;0.000000;-100.000000;-100.000000;-77.600000]
148.000000,0,[1;2;3;4;5;6;7;8;9;10;11],[2;2;2;2;2;2;2;2;2;1;1],[0;0;0;0;0;0;0;0;1;1;1],[100.000000;100.000000;96.000000;100.000000;100.000000;76.000000;100.000000;100.000000;-92.000000;-100.000000;-80.800000]
148.000000,1,[1;2;3;4;5;6;7;8;9;10;11],[0;0;0;0;0;2;0;0;2;2;2],[-1;-1;-1;-1;-1;0;-1;-1;1;1;1],[0.000000;0.000000;0.000000;0.000000;0.000000;76.000000;0.000000;0.000000;-92.000000;-100.000000;-80.800000]
149.000000,0,[1;2;3;4;5;6;7;8;9;10;11],[2;2;2;2;2;2;2;2;2;1;1],[0;0;0;0;0;0;0;0;1;1;1],[100.000000;100.000000;100.000000;100.000000;100.000000;64.000000;100.000000;100.000000;-84.000000;-100.000000;-84.000000]
149.000000,1,[1;2;3;4;5;6;7;8;9;10;11],[0;0;0;0;0;2;0;0;2;2;2],[-1;-1;-1;-1;-1;0;-1;-1;1;1;1],[0.000000;0.000000;0.000000;0.000000;0.000000;64.000000;0.000000;0.000000;-84.000000;-100.000000;-84.000000]
150.000000,0,[1;2;3;4;5;6;7;8;9;10;11],[2;2;2;2;2;2;2;2;2;1;1],[0;0;0;0;0;0;0;0;1;1;1],[100.000000;100.000000;100.000000;100.000000;100.000000;52.000000;100.000000;100.000000;-76.000000;-100.000000;-87.200000]
150.000000,1,[1;2;3;4;5;6;7;8;9;10;11],[0;0;0;0;0;2;0;0;2;2;2],[-1;-1;-1;-1;-1;0;-1;-1;1;1;1],[0.000000;0.000000;0.000000;0.000000;0.000000;52.000000;0.000000;0.000000;-76.000000;-100.000000;-87.200000]
