0,player,node,groups,units,health
15.000000,1,8,[17;17;17;17;17;17;17;17],[134;135;136;137;138;139;140;141],[0.4;0.8;0.6;0.6;0.4;0.4;0.8;0.8]
15.000000,0,8,[2;2;2;5;5;5;5],[10;11;17;34;35;39;41],[0.8;0.8;0.8;0.8;0.6;0.8;0.8]
16.000000,1,8,[17;17;17;17;17;17;17;17],[134;135;136;137;138;139;140;141],[0.0;0.4;0.0;0.0;0.0;0.2;0.0;0.6]
16.000000,0,8,[2;2;5;5;8;11;11],[11;16;35;40;58;84;88],[0.6;0.6;0.4;0.8;0.8;0.8;0.8]
21.000000,1,11,[14;14;14;14;20;20;20;13;13;22],[110;112;116;117;159;161;164;107;108;181],[0.8;0.9;0.7;0.9;0.9;0.9;0.7;1.866667;1.733333;1.866667]
21.000000,0,11,[2;2;2;2;2;2;2;5;5;5;5;5;5;5],[10;11;12;13;14;16;17;34;35;36;38;39;40;41],[0.2;0.4;0.9;0.8;0.7;0.3;0.4;0.4;0.0;0.8;0.4;0.2;0.6;0.5]
22.000000,1,11,[14;14;14;14;14;14;14;13;13;13;13;13;13;22;22;22;22;22],[110;111;113;114;115;116;117;103;104;105;107;108;109;174;176;177;180;181],[0.4;0.8;0.7;0.9;0.7;0.6;0.8;1.866667;1.733333;1.866667;1.466667;1.6;1.866667;1.733333;1.866667;1.866667;1.733333;1.733333]
22.000000,0,11,[2;2;2;2;5;5;5;8;8;8;8;8;8;11;11;11;11;11;11;11;11],[10;14;15;16;34;40;41;58;59;62;63;64;65;82;83;84;85;86;87;88;89],[0.0;0.4;0.9;0.0;0.3;0.5;0.4;0.7;0.8;0.9;0.7;0.8;0.8;0.9;0.9;0.6;0.9;0.9;0.9;0.7;0.9]
23.000000,1,11,[14;14;14;14;14;14;13;13;13;13;13;13;22;22;22;22;22;22],[110;111;112;114;116;117;102;103;104;105;107;109;176;177;178;179;180;181],[0.3;0.7;0.7;0.8;0.5;0.5;1.6;1.733333;1.466667;1.733333;1.2;1.6;1.733333;1.6;1.733333;1.866667;1.6;1.466667]
23.000000,0,11,[2;2;2;2;2;5;5;5;8;8;8;8;8;11;11;11],[12;13;14;15;17;38;39;40;59;60;61;63;64;85;86;89],[0.7;0.6;0.3;0.8;0.1;0.3;0.0;0.3;0.5;0.9;0.8;0.2;0.7;0.8;0.7;0.8]
24.000000,1,11,[13;13;13;13;13;13;22;22;22;22;22;19;19;19;19],[102;103;104;105;107;108;174;176;177;178;180;152;154;156;157],[1.333333;1.6;1.333333;1.466667;0.933333;1.466667;1.466667;1.6;1.466667;1.2;1.333333;1.466667;1.866667;1.6;1.866667]
24.000000,0,11,[2;2;2;2;2;5;5;8;8;8;11;11;11;11],[12;13;14;15;17;34;36;62;64;65;82;84;85;86],[0.5;0.5;0.2;0.7;0.0;0.2;0.7;0.7;0.6;0.7;0.6;0.3;0.6;0.4]
25.000000,1,11,[13;13;13;13;13;22;22;22;22;22;19;19;19;19;19;19;19],[102;104;106;107;108;174;175;177;178;179;150;151;152;154;155;156;157],[1.066667;1.2;1.866667;0.666667;1.2;1.2;1.866667;1.333333;0.8;1.466667;1.866667;1.866667;1.2;1.6;1.866667;1.466667;1.733333]
25.000000,0,11,[2;2;2;2;2;5;5;8;8;8;8;8;8;11;11;11],[11;12;13;14;15;37;40;58;60;61;63;64;65;82;87;88],[0.3;0.3;0.4;0.0;0.6;0.9;0.0;0.6;0.7;0.7;0.1;0.5;0.6;0.4;0.7;0.6]
26.000000,1,11,[13;13;13;13;13;22;22;22;22;22;19;19;19;19;19;19],[102;105;107;108;109;174;176;178;180;181;150;151;152;153;154;157],[0.8;1.2;0.266667;0.933333;1.333333;1.066667;1.333333;0.666667;1.2;1.066667;1.733333;1.733333;1.066667;1.866667;1.466667;1.6]
26.000000,0,11,[2;5;5;5;5;8;8;8;11;11;11;11;11;11;11],[11;36;37;38;41;60;61;65;82;84;85;86;87;88;89],[0.2;0.6;0.8;0.2;0.3;0.6;0.5;0.4;0.3;0.1;0.3;0.3;0.6;0.1;0.7]
27.000000,1,11,[13;13;13;13;13;13;13;22;22;22;22;19;19;19;19;19;19],[102;103;104;105;106;108;109;175;176;179;181;150;151;152;153;155;157],[0.666667;1.333333;0.933333;1.066667;1.733333;0.666667;1.2;1.733333;1.2;1.333333;0.933333;1.6;1.466667;0.933333;1.733333;1.2;1.466667]
27.000000,0,11,[2;2;2;5;5;5;8;8;8;8;8;11;11;11;11],[11;13;15;34;36;41;59;60;61;63;65;82;85;86;88],[0.1;0.3;0.4;0.1;0.4;0.1;0.4;0.4;0.3;0.0;0.3;0.2;0.1;0.2;0.0]
28.000000,1,11,[13;13;13;13;22;22;22;22;19;19;19;19;19;19],[103;104;105;106;175;176;178;181;151;152;154;155;156;157],[1.066667;0.8;0.933333;1.6;1.6;1.066667;0.4;0.666667;1.2;0.8;1.333333;0.8;1.2;1.066667]
28.000000,0,11,[5;5;5;8;8;8;8;8;11;11;11;11],[36;37;38;59;60;62;64;65;82;85;86;89],[0.2;0.6;0.0;0.3;0.2;0.4;0.2;0.1;0.0;0.0;0.1;0.5]
29.000000,1,11,[13;13;13;13;13;13;22;22;22;22;19;19;19;19],[102;104;105;106;108;109;174;176;177;181;151;152;153;156],[0.533333;0.666667;0.8;1.466667;0.266667;1.066667;0.8;0.933333;1.2;0.533333;0.8;0.533333;1.6;1.066667]
29.000000,0,11,[2;2;2;5;5;8;8;8;8;8;8;11;11;11;11;11],[11;12;15;34;41;58;60;61;62;64;65;83;84;86;87;89],[0.0;0.2;0.3;0.0;0.0;0.4;0.1;0.1;0.3;0.0;0.0;0.8;0.0;0.0;0.5;0.3]
30.000000,1,11,[13;22;22;22;22;22;19;19;19],[109;175;176;179;180;181;150;152;154],[0.933333;1.333333;0.8;1.2;0.933333;0.4;1.466667;0.4;0.933333]
30.000000,0,11,[2;2;2;5;5;8;8;8;8;11;11],[12;13;15;36;37;58;59;60;61;83;87],[0.0;0.0;0.2;0.1;0.5;0.1;0.0;0.0;0.0;0.6;0.4]
31.000000,1,11,[22;22;19;19;19;19],[175;176;150;154;155;157],[1.2;0.666667;1.333333;0.8;0.533333;0.8]
31.000000,0,11,[2;5;5;8;8;11;11],[15;36;37;58;62;83;89],[0.0;0.0;0.3;0.0;0.0;0.5;0.2]
32.000000,1,11,[22;22;19;19],[178;180;154;156],[0.266667;0.8;0.666667;0.933333]
32.000000,0,11,[5;11;11;11],[37;83;87;89],[0.0;0.3;0.0;0.0]
33.000000,1,11,[19],[153],[1.466667]
33.000000,0,11,[11],[83],[0.0]
45.000000,1,9,[17;17;17;20;20;20;20;20;20],[135;139;141;158;160;161;163;164;165],[0.218182;0.127273;0.490909;0.927273;0.890909;0.863636;0.890909;0.590909;0.927273]
45.000000,0,9,[4;4;6;6;7;7],[28;32;47;49;52;53],[1.6;1.6;2.8;2.6;1.6;1.6]
46.000000,1,9,[20;20;20;20;20;20;20;20],[158;159;160;161;162;163;164;165],[0.636364;0.609091;0.745455;0.645455;0.781818;0.745455;0.154545;0.781818]
46.000000,0,9,[4;4;6;7;7;7;12],[27;30;44;52;54;55;99],[1.8;1.8;2.8;1.4;1.6;1.8;2.8]
47.000000,1,9,[20;20;20;20;20;20;20;20],[158;159;160;161;162;163;164;165],[0.418182;0.427273;0.454545;0.427273;0.454545;0.454545;0.009091;0.563636]
47.000000,0,9,[4;4;4;7;9;9],[27;28;29;54;68;73],[1.4;1.4;1.8;1.4;2.8;2.6]
51.000000,1,9,[14;14;14;14;14;14;14;14],[110;111;112;113;114;115;116;117],[0.0;0.4;0.0;0.0;0.0;0.1;0.0;0.0]
51.000000,0,9,[4;6;6;6;7;10;12],[31;43;46;47;57;78;95],[1.893333;2.873684;2.873684;2.673684;1.893333;1.893333;2.747368]
52.000000,1,9,[14;14],[111;115],[0.0;0.0]
52.000000,0,9,[6;7],[45;53],[2.873684;1.493333]
54.000000,1,9,[17;17;17],[135;139;141],[0.0;0.0;0.0]
54.000000,0,9,[6;9;12],[47;71;96],[2.547368;2.873684;2.873684]
59.000000,1,5,[21;21;21;21;21;21;21],[166;167;168;169;171;172;173],[2.6;2.9;2.9;2.9;2.6;2.8;2.7]
59.000000,0,5,[1;1;1;3;3;3;3],[3;5;6;18;20;22;24],[1.9;1.9;1.9;2.9;2.9;2.8;2.9]
60.000000,1,5,[21;21;21;21;21;21;21;21],[166;167;168;169;170;171;172;173],[2.5;2.6;2.7;2.8;2.7;2.4;2.7;2.4]
60.000000,0,5,[1;1;1;1;3;3],[2;4;6;7;20;22],[1.8;1.9;1.8;1.9;2.8;2.6]
61.000000,1,5,[21;21;21;21;21;21;21],[166;167;168;169;170;171;173],[2.4;2.4;2.5;2.4;2.3;1.8;1.9]
61.000000,0,5,[3;3;3;4;4;4],[19;21;22;28;30;31],[2.9;2.9;2.4;1.3;1.7;1.693333]
62.000000,1,5,[21;21;21;21;21;21;21;21],[166;167;168;169;170;171;172;173],[1.9;2.1;2.0;1.8;2.1;1.5;2.4;1.4]
62.000000,0,5,[4;6;6;7;7;9;9],[30;43;44;52;55;70;73],[1.5;2.773684;2.7;1.3;1.7;2.9;2.5]
66.000000,1,8,[16;16;16;16;16;16;22;22;22;22;22],[126;128;129;131;132;133;176;178;179;180;181],[1.942857;1.942857;1.885714;1.942857;1.942857;1.942857;0.609524;0.095238;1.085714;0.685714;0.342857]
66.000000,0,8,[1;1;1;1;1;3;3;3;3;3],[3;4;6;8;9;18;21;22;24;25],[1.8;1.8;1.6;1.6;1.8;2.8;2.8;2.3;2.8;2.8]
67.000000,1,8,[16;16;16;16;16;16;16;22;22;22;22;22;22;22;22],[126;127;128;129;130;131;133;174;175;176;177;178;179;180;181],[1.885714;1.885714;1.771429;1.771429;1.771429;1.6;1.828571;0.685714;1.028571;0.438095;1.028571;0.0;1.028571;0.571429;0.171429]
67.000000,0,8,[1;1;1;3;4;4;4;6;6;7;7;7],[2;7;8;18;27;28;29;43;46;50;54;56],[1.7;1.8;1.4;2.7;1.2;1.2;1.7;2.473684;2.773684;1.9;1.3;1.9]
68.000000,1,8,[16;16;16;16;16;16;16;16;22;22;22;22;22;22;22],[126;127;128;129;130;131;132;133;174;175;176;177;179;180;181],[1.428571;1.657143;1.485714;1.485714;1.542857;1.371429;1.771429;1.371429;0.4;0.857143;0.152381;0.685714;0.857143;0.514286;0.0]
68.000000,0,8,[1;1;3;3;4;4;6;6;10;12;12;12;12;12],[4;7;19;20;26;33;43;49;74;90;91;94;99;101],[1.7;1.7;2.8;2.7;1.9;1.9;2.373684;2.5;1.9;2.8;2.9;2.9;2.7;2.9]
69.000000,1,8,[22;22;22;22;22;22],[174;175;176;177;179;180],[0.0;0.457143;0.0;0.114286;0.457143;0.0]
69.000000,0,8,[3;4;4;6;6;12],[25;28;32;43;47;95],[2.7;1.1;1.5;2.273684;2.447368;2.647368]
70.000000,1,8,[22;22;22],[175;177;179],[0.0;0.0;0.228571]
70.000000,0,8,[9;10;12],[73;75;90],[2.4;1.9;2.7]
75.000000,1,11,[16;16;16;16;16;16],[127;128;130;131;132;133],[1.590476;1.419048;1.47619;1.238095;1.638095;1.304762]
75.000000,0,11,[1;1;1;1;1],[3;5;6;7;8],[1.6;1.7;1.5;1.5;1.3]
76.000000,1,11,[19;19;19;19;19;19;19;19],[150;151;152;153;154;155;156;157],[0.933333;0.2;0.0;1.266667;0.4;0.133333;0.8;0.533333]
76.000000,0,11,[1;3;3;3;4;6;6],[8;19;20;21;26;46;48],[1.2;2.7;2.6;2.7;1.8;2.673684;2.8]
77.000000,1,11,[19;19;19;19;19;19;19],[150;151;153;154;155;156;157],[0.533333;0.0;0.6;0.0;0.0;0.333333;0.0]
77.000000,0,11,[3;4;4;7;7;9;10],[18;31;33;54;56;67;76],[2.6;1.593333;1.8;1.2;1.8;2.9;1.9]
78.000000,1,11,[19;19;19],[150;153;156],[0.0;0.0;0.0]
78.000000,0,11,[6;7;12],[44;50;99],[2.6;1.8;2.6]
