0,player,node,groups,units,health
15.000000,1,8,[17;17;17;17;17;21;21;21;18],[134;135;136;139;140;166;171;172;142],[0.8;0.8;0.8;0.6;0.8;2.6;2.8;2.4;2.2]
15.000000,0,8,[2;2;2;2;2;2;2;5;5;5;5;5],[10;11;12;13;15;16;17;34;35;37;40;41],[0.3;0.6;0.8;0.8;0.9;0.9;0.7;0.5;0.6;0.9;0.9;0.9]
16.000000,1,8,[17;17;17;17;17;17;17;17],[134;135;136;137;138;139;140;141],[0.6;0.0;0.0;0.2;0.2;0.0;0.2;0.4]
16.000000,0,8,[2;5;5;5;8;8;11],[15;34;37;38;61;64;82],[0.7;0.3;0.5;0.8;0.8;0.8;0.8]
17.000000,1,8,[17;17;17;17;15;15;15;15;15;15;15;15],[134;137;138;141;118;119;120;121;122;123;124;125],[0.0;0.0;0.0;0.0;2.4;2.4;2.6;2.6;2.2;2.2;2.6;2.6]
17.000000,0,8,[2;2;2;5;5;5;8;8;8;11;11],[11;14;17;37;40;41;58;60;65;83;86],[0.5;0.9;0.6;0.3;0.7;0.8;0.9;0.9;0.8;0.7;0.7]
18.000000,1,8,[17;15;15;15;15;15;15;15],[140;119;120;121;122;123;124;125],[0.0;1.8;2.4;2.0;2.0;1.6;2.4;2.4]
18.000000,0,8,[8;8;8;8;8;11;11],[58;61;62;63;64;87;88],[0.7;0.7;0.8;0.8;0.7;0.9;0.9]
21.000000,1,11,[14;14;14;14;14;14;14],[110;111;112;113;114;115;117],[0.8;0.9;0.6;0.9;0.7;0.9;0.6]
21.000000,0,11,[2;2;2;2;5;5],[12;13;14;17;38;40],[0.6;0.6;0.7;0.2;0.4;0.5]
22.000000,1,11,[14;14;14;14;14;14;14;14],[110;111;112;113;114;115;116;117],[0.4;0.8;0.2;0.4;0.6;0.2;0.8;0.0]
22.000000,0,11,[2;5;5;8;8;8;8;11],[15;34;36;58;59;61;63;82],[0.5;0.1;0.8;0.5;0.8;0.5;0.6;0.6]
23.000000,1,11,[14;14;14;14;14;14],[110;111;112;113;114;115],[0.0;0.0;0.1;0.2;0.0;0.0]
23.000000,0,11,[5;5;5;11;11;11],[37;38;40;82;88;89],[0.1;0.2;0.3;0.2;0.7;0.8]
24.000000,1,11,[14;14;14],[112;113;116],[0.0;0.0;0.0]
24.000000,0,11,[2;5;11],[14;34;82],[0.5;0.0;0.0]
27.000000,1,11,[13;13;13;13;13;13;13;13],[102;103;104;105;106;107;108;109],[1.733333;1.6;1.066667;1.6;1.466667;1.466667;1.466667;1.6]
27.000000,0,11,[2;2;5;5;5;8;11],[12;17;36;38;40;59;86],[0.5;0.1;0.7;0.1;0.1;0.7;0.6]
28.000000,1,11,[13;13;13;13;13;13;13;13],[102;103;104;105;106;107;108;109],[1.066667;0.933333;0.533333;1.333333;1.333333;1.066667;0.8;0.933333]
28.000000,0,11,[2;2;2;5;5;8;8;8],[12;13;17;37;41;58;60;61],[0.4;0.5;0.0;0.0;0.7;0.4;0.8;0.4]
29.000000,1,11,[13;13;13;13;13;13;13;13],[102;103;104;105;106;107;108;109],[0.666667;0.133333;0.0;0.8;1.066667;0.8;0.133333;0.666667]
29.000000,0,11,[2;5;5;8;8;8;11;11],[15;36;41;61;62;65;83;89],[0.4;0.6;0.6;0.3;0.7;0.7;0.6;0.7]
30.000000,1,11,[13;13;13;13;13;13],[102;103;105;107;108;109],[0.0;0.0;0.4;0.0;0.0;0.4]
30.000000,0,11,[5;8;8;8;8;11],[36;58;59;64;65;89],[0.5;0.3;0.5;0.6;0.6;0.6]
31.000000,1,11,[13;13;13;20;20;20;20;20;20;20],[105;106;109;158;160;161;162;163;164;165],[0.0;0.666667;0.133333;0.9;0.7;0.8;0.8;0.6;0.7;0.8]
31.000000,0,11,[2;2;2;5;5;5;8;11],[11;13;15;35;36;39;60;89],[0.4;0.3;0.0;0.2;0.3;0.9;0.6;0.5]
32.000000,1,11,[13;13;20;20;20;20;20;20;20;20],[106;109;158;159;160;161;162;163;164;165],[0.4;0.0;0.6;0.6;0.6;0.7;0.4;0.3;0.4;0.6]
32.000000,0,11,[2;5;8;8;8;11;11],[10;35;58;61;65;86;89],[0.1;0.0;0.1;0.2;0.4;0.4;0.4]
33.000000,1,11,[13;20;20;20;20;20;20;20],[106;158;159;160;161;162;163;164],[0.0;0.1;0.3;0.5;0.5;0.0;0.0;0.0]
33.000000,0,11,[2;5;5;8;8;11],[10;40;41;58;63;84],[0.0;0.0;0.4;0.0;0.4;0.3]
34.000000,1,11,[20;20;20;20;20],[158;159;160;161;165],[0.0;0.0;0.0;0.2;0.1]
34.000000,0,11,[2;8;8;11;11],[14;63;65;85;87],[0.3;0.2;0.2;0.8;0.7]
35.000000,1,11,[20;20],[161;165],[0.0;0.0]
35.000000,0,11,[11;11],[83;87],[0.4;0.5]
39.000000,1,8,[22;22;23;23;23;23;23],[175;179;182;184;185;188;189],[1.885714;1.771429;0.92;0.92;0.92;0.84;0.92]
39.000000,0,8,[2;2;2;2;5;5;5],[11;12;13;14;38;39;41],[0.2;0.2;0.2;0.0;0.0;0.6;0.0]
40.000000,1,8,[23;23;23;23;23],[182;183;184;186;189],[0.68;0.84;0.68;0.76;0.76]
40.000000,0,8,[2;2;5;5;8;8],[12;16;36;39;61;64],[0.0;0.7;0.1;0.4;0.0;0.4]
41.000000,1,8,[23;23;23;23;23;23;23],[182;183;184;185;186;187;189],[0.6;0.76;0.44;0.68;0.28;0.76;0.68]
41.000000,0,8,[2;2;8;8;11;11],[13;16;60;63;83;87],[0.0;0.3;0.4;0.0;0.0;0.3]
42.000000,1,8,[23;23;23;23;23],[182;184;185;186;187],[0.36;0.36;0.44;0.2;0.52]
42.000000,0,8,[8;11;11;11;11;11],[65;85;86;87;88;89],[0.0;0.6;0.0;0.0;0.5;0.2]
47.000000,1,9,[15;15;15;15;15;15;15;15],[118;119;120;121;122;123;124;125],[2.1;1.3;1.2;1.1;1.5;1.1;1.7;1.8]
47.000000,0,9,[4;4;4;7;9;12;12;12],[26;27;33;55;72;91;93;96],[1.9;1.9;1.9;1.9;2.9;2.9;2.9;2.9]
50.000000,1,9,[16;16;16;16;16;16;16;16],[126;127;128;129;130;131;132;133],[1.6;1.5;1.1;1.3;1.0;1.4;1.4;1.5]
50.000000,0,9,[4;6;6;7;7;7;10;12],[33;43;47;53;54;55;75;92],[1.846667;2.936842;2.936842;1.946667;1.946667;1.846667;1.946667;2.936842]
52.000000,1,11,[23;23;23;23;23],[183;184;185;186;187],[0.36;0.26;0.34;0.0;0.32]
52.000000,0,11,[5;8;8;11;11;11],[36;62;64;84;88;89],[0.0;0.5;0.2;0.1;0.1;0.0]
53.000000,1,11,[23;23;23;23],[182;183;187;189],[0.16;0.06;0.12;0.38]
53.000000,0,11,[5;8;8;8;11],[39;59;60;62;85],[0.2;0.1;0.2;0.3;0.2]
54.000000,1,11,[23;23;23;23;23],[182;184;185;187;189],[0.0;0.16;0.14;0.0;0.28]
54.000000,0,11,[2;8;8;11],[16;62;64;85],[0.1;0.1;0.0;0.0]
55.000000,1,11,[23;23;23;23;23],[183;184;185;188;189],[0.0;0.06;0.0;0.64;0.08]
55.000000,0,11,[2;5;8;8;11],[11;39;60;62;88],[0.0;0.0;0.0;0.0;0.0]
56.000000,1,5,[21;21;21;21],[167;168;170;173],[2.873684;2.810526;2.936842;2.873684]
56.000000,0,5,[1;1;1;1;1],[3;4;5;6;7],[1.9;1.8;1.9;1.7;1.9]
56.000000,1,11,[23;23],[184;189],[0.0;0.0]
56.000000,0,11,[2],[16],[0.0]
57.000000,1,5,[21;21;21;21;21;21;21;21],[166;167;168;169;170;171;172;173],[2.536842;2.747368;2.747368;2.936842;2.747368;2.736842;2.021053;2.810526]
57.000000,0,5,[1;1;1;1;3;3;3],[3;4;5;6;18;21;25],[1.7;1.7;1.8;1.6;2.9;2.9;2.9]
57.000000,1,11,[23],[188],[0.44]
57.000000,0,11,[11],[84],[0.0]
58.000000,1,5,[21;21;21;18;18;18;18;18;18],[167;169;170;142;143;144;145;148;149],[2.684211;2.810526;2.621053;2.136842;2.810526;2.810526;2.873684;2.936842;2.936842]
58.000000,0,5,[1;1;1;1;1;1;1;1;3],[2;3;4;5;6;7;8;9;25],[1.8;1.6;1.6;1.6;1.3;1.6;1.8;1.9;2.8]
58.000000,1,11,[23],[188],[0.34]
58.000000,0,11,[8],[59],[0.0]
59.000000,1,5,[21;21;21;21;21;21;21;18;18;18;18;18;18;18;18],[166;167;168;170;171;172;173;142;143;144;145;146;147;148;149],[2.410526;2.557895;2.557895;2.494737;2.673684;1.894737;2.621053;2.073684;2.621053;2.684211;2.810526;2.873684;2.810526;2.873684;2.684211]
59.000000,0,5,[1;3;3;3;3;3;4;4;4;4;6;6],[9;18;19;21;24;25;26;28;29;33;42;46],[1.8;2.8;2.7;2.7;2.9;2.7;1.8;1.9;1.9;1.746667;2.8;2.9]
60.000000,1,5,[21;21;21;21;21;21;21;18;18;18;18;18;18;18],[167;168;169;170;171;172;173;142;143;145;146;147;148;149],[2.431579;2.368421;2.684211;2.431579;2.547368;1.705263;2.494737;1.884211;2.431579;2.747368;2.684211;2.684211;2.684211;2.557895]
60.000000,0,5,[6;6;6;7;7;7;7;9;9;9;10;10;10;10;10],[43;48;49;51;52;53;55;68;71;72;74;76;77;79;81],[2.836842;2.9;2.9;1.9;1.9;1.746667;1.746667;2.9;2.9;2.8;1.9;1.9;1.9;1.9;1.9]
61.000000,1,5,[21;21;21;18;18;18;18;18;18],[166;169;172;142;144;145;146;147;148],[2.284211;2.557895;1.642105;1.821053;2.621053;2.684211;2.557895;2.621053;2.621053]
61.000000,0,5,[12;12;12;12;12;12;12;12;12],[90;93;94;96;97;98;99;100;101],[2.7;2.5;2.8;2.7;2.9;2.9;2.9;2.9;2.9]
64.000000,1,8,[23],[188],[0.0]
64.000000,0,8,[4],[31],[1.8]
68.000000,1,8,[18;18;18;18;18;18;18],[142;143;145;146;147;148;149],[1.721053;2.331579;2.484211;2.257895;2.121053;2.221053;2.157895]
68.000000,0,8,[10;12;12;12;12;12;12],[74;91;93;94;95;99;101],[1.842857;2.833333;2.433333;2.733333;2.933333;2.833333;2.766667]
77.000000,1,11,[18;18;18;18;18;18;18;18],[142;143;144;145;146;147;148;149],[1.046053;1.881579;1.946053;1.959211;1.732895;1.371053;1.471053;1.407895]
77.000000,0,11,[1;3;3;4;7;10;10;12],[9;22;23;31;53;75;81;92],[1.7;2.9;2.9;1.7;1.646667;1.846667;1.8;2.836842]
78.000000,1,11,[18;18;18;18;18;18;18;18],[142;143;144;145;146;147;148;149],[0.071053;1.506579;1.271053;1.359211;1.357895;0.396053;0.721053;1.032895]
78.000000,0,11,[1;1;3;4;6;6;7;12],[2;8;25;28;45;47;54;90],[1.7;1.7;2.6;1.8;2.9;2.836842;1.846667;2.6]
79.000000,1,11,[18;18;18;18;18;18;18;18],[142;143;144;145;146;147;148;149],[0.0;0.981579;0.896053;0.384211;0.907895;0.0;0.121053;0.432895]
79.000000,0,11,[1;3;4;7;9;10;10;12],[6;23;30;53;69;75;77;99],[1.2;2.8;1.9;1.546667;2.9;1.746667;1.8;2.733333]
80.000000,1,11,[18;18;18;18;18;18],[143;144;145;146;148;149],[0.156579;0.296053;0.009211;0.0;0.0;0.0]
80.000000,0,11,[4;6;6;9;10;12],[33;43;47;69;77;101],[1.646667;2.736842;2.736842;2.8;1.7;2.666667]
81.000000,1,11,[18;18;18],[143;144;145],[0.0;0.0;0.0]
81.000000,0,11,[1;4;10],[6;28;78],[1.1;1.7;1.9]
