0,player,node,faction,controlvalue,controlled
4.000000,8,1,8.000000,false
5.000000,2,0,24.000000,false
5.000000,8,1,16.000000,false
5.000000,10,1,8.000000,false
6.000000,2,0,56.000000,false
6.000000,8,1,24.000000,false
6.000000,10,1,16.000000,false
7.000000,2,0,72.000000,false
7.000000,10,1,24.000000,false
8.000000,2,0,120.000000,true
8.000000,10,1,32.000000,false
9.000000,5,0,16.000000,false
9.000000,8,1,32.000000,false
9.000000,10,1,40.000000,false
10.000000,5,0,48.000000,false
10.000000,8,1,40.000000,false
10.000000,10,1,48.000000,false
11.000000,4,0,16.000000,false
11.000000,5,0,80.000000,false
11.000000,8,1,48.000000,false
11.000000,10,1,56.000000,false
12.000000,4,0,32.000000,false
12.000000,5,0,96.000000,false
12.000000,8,1,56.000000,false
12.000000,10,1,80.000000,false
13.000000,4,0,48.000000,false
13.000000,8,1,72.000000,false
13.000000,10,1,104.000000,true
14.000000,4,0,64.000000,false
15.000000,4,0,80.000000,false
16.000000,4,0,96.000000,false
17.000000,4,0,112.000000,true
17.000000,7,1,8.000000,false
18.000000,7,1,16.000000,false
18.000000,8,1,80.000000,false
19.000000,5,1,88.000000,false
19.000000,7,1,24.000000,false
19.000000,8,1,88.000000,false
19.000000,9,1,8.000000,false
20.000000,5,1,80.000000,false
20.000000,7,1,32.000000,false
20.000000,8,1,96.000000,false
20.000000,9,1,16.000000,false
21.000000,7,1,40.000000,false
21.000000,8,1,104.000000,true
21.000000,9,1,24.000000,false
22.000000,9,1,32.000000,false
23.000000,5,1,72.000000,false
23.000000,9,1,40.000000,false
24.000000,5,1,64.000000,false
24.000000,11,0,470.000000,false
25.000000,3,1,8.000000,false
25.000000,5,1,56.000000,false
25.000000,11,0,440.000000,false
26.000000,3,1,16.000000,false
26.000000,5,1,48.000000,false
27.000000,3,1,32.000000,false
28.000000,3,1,40.000000,false
28.000000,9,1,52.000000,false
29.000000,3,1,48.000000,false
29.000000,9,1,64.000000,false
30.000000,3,1,56.000000,false
30.000000,5,1,40.000000,false
31.000000,3,1,64.000000,false
31.000000,5,1,24.000000,false
32.000000,3,1,72.000000,false
32.000000,5,1,8.000000,false
33.000000,3,1,80.000000,false
33.000000,5,1,8.000000,false
33.000000,6,1,12.000000,false
33.000000,9,1,72.000000,false
34.000000,5,1,16.000000,false
34.000000,9,1,80.000000,false
35.000000,5,1,24.000000,false
35.000000,9,1,104.000000,true
35.000000,11,0,426.000000,false
36.000000,5,1,32.000000,false
36.000000,11,0,419.000000,false
37.000000,3,1,92.000000,false
37.000000,5,1,40.000000,false
37.000000,6,1,20.000000,false
37.000000,7,0,0.000000,false
38.000000,5,1,48.000000,false
38.000000,6,1,28.000000,false
38.000000,7,0,36.000000,false
39.000000,5,1,56.000000,false
39.000000,6,1,36.000000,false
40.000000,5,1,64.000000,false
40.000000,6,1,44.000000,false
41.000000,5,1,72.000000,false
41.000000,6,1,52.000000,false
42.000000,5,1,80.000000,false
43.000000,5,1,96.000000,false
43.000000,7,1,20.000000,false
44.000000,5,1,124.000000,true
44.000000,7,1,4.000000,false
44.000000,9,0,60.000000,false
44.000000,11,0,415.000000,false
45.000000,3,1,100.000000,true
45.000000,7,1,12.000000,false
45.000000,9,0,16.000000,false
45.000000,11,0,403.000000,false
46.000000,7,1,28.000000,false
46.000000,11,0,391.000000,false
47.000000,7,1,44.000000,false
47.000000,9,0,92.000000,false
47.000000,11,0,379.000000,false
48.000000,7,1,60.000000,false
48.000000,9,0,168.000000,true
48.000000,11,0,367.000000,false
49.000000,11,0,355.000000,false
50.000000,11,0,343.000000,false
53.000000,4,1,84.000000,false
53.000000,6,1,68.000000,false
54.000000,4,1,68.000000,false
54.000000,6,1,84.000000,false
55.000000,6,1,100.000000,true
58.000000,2,1,84.000000,false
59.000000,9,1,92.000000,false
60.000000,9,1,84.000000,false
61.000000,1,1,484.000000,false
62.000000,1,1,468.000000,false
62.000000,9,1,72.000000,false
63.000000,1,1,452.000000,false
63.000000,9,1,60.000000,false
64.000000,1,1,436.000000,false
64.000000,8,0,12.000000,false
65.000000,1,1,420.000000,false
65.000000,8,0,88.000000,false
66.000000,1,1,404.000000,false
66.000000,8,0,148.000000,true
67.000000,1,1,388.000000,false
68.000000,1,1,372.000000,false
68.000000,8,1,92.000000,false
68.000000,9,1,52.000000,false
69.000000,1,1,356.000000,false
69.000000,8,1,84.000000,false
70.000000,1,1,340.000000,false
70.000000,2,1,68.000000,false
71.000000,1,1,324.000000,false
71.000000,2,1,52.000000,false
72.000000,1,1,308.000000,false
72.000000,2,1,36.000000,false
72.000000,11,0,303.000000,false
73.000000,11,0,231.000000,false
74.000000,11,0,131.000000,false
75.000000,9,1,36.000000,false
75.000000,11,0,31.000000,false
76.000000,9,1,20.000000,false
77.000000,9,1,4.000000,false
78.000000,9,1,24.000000,false
79.000000,4,1,52.000000,false
79.000000,9,1,40.000000,false
80.000000,4,1,36.000000,false
80.000000,9,1,64.000000,false
81.000000,4,1,20.000000,false
81.000000,9,1,88.000000,false
81.000000,11,0,69.000000,false
82.000000,4,1,4.000000,false
82.000000,9,1,104.000000,true
82.000000,11,0,169.000000,false
83.000000,4,1,12.000000,false
83.000000,11,0,269.000000,false
84.000000,11,0,369.000000,false
85.000000,11,0,469.000000,false
86.000000,2,1,28.000000,false
86.000000,11,0,569.000000,true
