numberOfTurns,winType,player_0,player_1,unitLossTurn,unitLostPlayer,unitLostType,combinedStat,winner
150.000000,1,1354,1443,39.000000,1,3,3,1
150.000000,1,1468,2278,33.000000,1,1,1,1
150.000000,1,1341,1124,22.000000,1,1,1,0
150.000000,1,781,1989,25.000000,1,1,1,1
150.000000,1,557,1544,26.000000,1,3,3,1
150.000000,1,763,2164,36.000000,0,1,-1,1
150.000000,1,577,1026,34.000000,1,1,1,1
150.000000,1,1468,2453,34.000000,1,1,1,1
150.000000,1,1320,2360,56.000000,0,1,-1,1
150.000000,1,344,2271,33.000000,0,1,-1,1
150.000000,1,1564,1921,25.000000,1,1,1,1
150.000000,1,1066,2076,34.000000,1,3,3,1
150.000000,1,584,2638,33.000000,0,1,-1,1
150.000000,1,899,1627,29.000000,1,3,3,1
150.000000,1,1647,845,45.000000,0,1,-1,0
150.000000,1,716,2087,18.000000,1,1,1,1
150.000000,1,1452,1950,33.000000,1,1,1,1
150.000000,1,1353,1985,31.000000,1,1,1,1
150.000000,1,1248,947,32.000000,1,3,3,0
150.000000,1,954,1580,29.000000,1,3,3,1
150.000000,1,412,2273,49.000000,0,1,-1,1
150.000000,1,818,1503,30.000000,1,1,1,1
150.000000,1,736,2288,31.000000,1,1,1,1
150.000000,1,1145,1775,29.000000,1,1,1,1
150.000000,1,1354,2088,32.000000,1,1,1,1
150.000000,1,1212,2473,29.000000,1,1,1,1
150.000000,1,1382,1692,37.000000,0,1,-1,1
150.000000,1,608,1916,36.000000,1,1,1,1
150.000000,1,876,2444,29.000000,0,1,-1,1
150.000000,1,962,2249,59.000000,1,1,1,1
150.000000,1,1373,1608,30.000000,1,3,3,1
150.000000,1,1177,2429,41.000000,1,2,2,1
150.000000,1,172,2230,36.000000,0,1,-1,1
150.000000,1,675,2156,34.000000,1,1,1,1
150.000000,1,1406,1600,29.000000,0,1,-1,1
150.000000,1,1148,2249,18.000000,1,1,1,1
150.000000,1,500,1764,20.000000,1,1,1,1
150.000000,1,708,2318,27.000000,1,3,3,1
150.000000,1,310,2338,33.000000,1,1,1,1
150.000000,1,696,1326,26.000000,1,1,1,1
150.000000,1,1284,2065,47.000000,1,1,1,1
150.000000,1,459,592,26.000000,1,1,1,1
150.000000,1,863,1940,18.000000,1,1,1,1
150.000000,1,1311,2348,55.000000,1,1,1,1
150.000000,1,590,2027,20.000000,1,1,1,1
150.000000,1,1341,2073,30.000000,1,3,3,1
150.000000,1,1268,2652,18.000000,1,1,1,1
150.000000,1,1584,2045,25.000000,1,1,1,1
150.000000,1,924,1552,20.000000,1,1,1,1
150.000000,1,712,2256,29.000000,0,1,-1,1
150.000000,1,1467,2013,18.000000,1,1,1,1
150.000000,1,766,2255,29.000000,1,1,1,1
150.000000,1,896,1397,30.000000,1,1,1,1
150.000000,1,750,2140,28.000000,1,3,3,1
150.000000,1,1292,1867,31.000000,1,1,1,1
150.000000,1,1158,1367,28.000000,1,2,2,1
150.000000,1,1328,2472,59.000000,0,1,-1,1
150.000000,1,1445,2113,25.000000,1,1,1,1
150.000000,1,741,2325,29.000000,0,1,-1,1
150.000000,1,1137,1229,27.000000,1,1,1,1
150.000000,1,1022,2228,30.000000,1,3,3,1
150.000000,1,630,2188,28.000000,1,1,1,1
150.000000,1,761,2193,30.000000,1,1,1,1
150.000000,1,1352,2458,20.000000,1,1,1,1
150.000000,1,1260,2346,27.000000,1,1,1,1
150.000000,1,737,1802,35.000000,1,3,3,1
150.000000,1,1104,2515,31.000000,1,1,1,1
150.000000,1,1268,2372,25.000000,1,1,1,1
150.000000,1,1364,2068,31.000000,1,3,3,1
150.000000,1,756,1888,26.000000,1,1,1,1
150.000000,1,922,2057,30.000000,1,1,1,1
150.000000,1,1268,2667,36.000000,0,1,-1,1
150.000000,1,491,2071,17.000000,1,1,1,1
150.000000,1,551,1952,18.000000,1,1,1,1
150.000000,1,771,2127,30.000000,1,3,3,1
150.000000,1,513,2479,32.000000,0,1,-1,1
150.000000,1,1176,2183,26.000000,1,1,1,1
150.000000,1,643,1228,18.000000,1,1,1,1
150.000000,1,347,2454,30.000000,1,3,3,1
150.000000,1,268,2461,32.000000,0,1,-1,1
150.000000,1,1112,2368,39.000000,1,1,1,1
150.000000,1,879,426,33.000000,1,3,3,0
150.000000,1,1198,2254,29.000000,1,3,3,1
150.000000,1,935,2056,32.000000,1,2,2,1
150.000000,1,1068,2332,32.000000,1,1,1,1
150.000000,1,748,2054,30.000000,1,1,1,1
150.000000,1,1089,1464,18.000000,1,1,1,1
150.000000,1,657,1660,27.000000,1,1,1,1
150.000000,1,1104,2464,29.000000,1,1,1,1
150.000000,1,401,2469,34.000000,1,1,1,1
150.000000,1,1275,771,31.000000,1,1,1,0
150.000000,1,1518,1869,28.000000,1,3,3,1
150.000000,1,528,2315,27.000000,0,1,-1,1
150.000000,1,917,1163,18.000000,1,1,1,1
150.000000,1,1468,2292,25.000000,1,1,1,1
150.000000,1,1574,1186,31.000000,1,3,3,0
150.000000,1,659,1575,36.000000,1,1,1,1
150.000000,1,145,2788,28.000000,0,1,-1,1
150.000000,1,623,2512,46.000000,0,1,-1,1
150.000000,1,1468,2166,25.000000,1,1,1,1
150.000000,1,360,2268,35.000000,0,1,-1,1
150.000000,1,964,2260,36.000000,0,1,-1,1
150.000000,1,1152,2443,27.000000,1,1,1,1
150.000000,1,535,1876,26.000000,1,1,1,1
150.000000,1,1004,1188,28.000000,1,3,3,1
150.000000,1,344,1717,34.000000,1,1,1,1
150.000000,1,1259,2132,18.000000,1,1,1,1
150.000000,1,1292,2270,55.000000,0,1,-1,1
150.000000,1,563,1402,36.000000,0,1,-1,1
150.000000,1,972,1544,30.000000,1,1,1,1
150.000000,1,1524,1177,31.000000,1,3,3,0
150.000000,1,1382,975,30.000000,1,3,3,0
150.000000,1,1454,819,18.000000,1,1,1,0
150.000000,1,1111,2076,28.000000,1,1,1,1
150.000000,1,1142,2104,32.000000,1,1,1,1
150.000000,1,732,2074,30.000000,1,1,1,1
150.000000,1,620,2292,32.000000,1,3,3,1
150.000000,1,1480,1934,31.000000,1,1,1,1
150.000000,1,1470,1900,20.000000,1,1,1,1
150.000000,1,664,2455,35.000000,0,1,-1,1
150.000000,1,1146,2539,29.000000,1,1,1,1
150.000000,1,492,1992,49.000000,1,3,3,1
150.000000,1,668,2459,30.000000,1,1,1,1
150.000000,1,1357,2465,31.000000,0,1,-1,1
150.000000,1,418,2324,18.000000,1,1,1,1
150.000000,1,730,2082,23.000000,1,1,1,1
150.000000,1,989,1893,30.000000,1,1,1,1
150.000000,1,810,1214,18.000000,1,1,1,1
150.000000,1,1656,1212,29.000000,1,1,1,0
150.000000,1,650,2137,33.000000,0,1,-1,1
150.000000,1,732,2025,39.000000,1,2,2,1
150.000000,1,1003,878,32.000000,1,2,2,0
150.000000,1,628,2265,29.000000,1,1,1,1
150.000000,1,1043,1053,32.000000,1,1,1,1
150.000000,1,642,2525,38.000000,0,1,-1,1
150.000000,1,1468,2450,30.000000,1,3,3,1
150.000000,1,805,2247,30.000000,1,3,3,1
150.000000,1,753,2194,23.000000,1,1,1,1
150.000000,1,1285,1227,29.000000,1,1,1,0
150.000000,1,1264,926,28.000000,1,3,3,0
150.000000,1,770,1896,54.000000,1,3,3,1
150.000000,1,1469,952,33.000000,1,1,1,0
150.000000,1,1302,2260,33.000000,0,1,-1,1
150.000000,1,1152,2088,31.000000,0,1,-1,1
150.000000,1,576,2139,28.000000,1,1,1,1
150.000000,1,520,2164,36.000000,1,3,3,1
150.000000,1,1493,583,23.000000,1,1,1,0
150.000000,1,666,1887,30.000000,1,1,1,1
150.000000,1,904,1813,30.000000,1,1,1,1
150.000000,1,1934,1653,48.000000,1,1,1,0
150.000000,1,1261,2656,25.000000,1,1,1,1
150.000000,1,532,1132,64.000000,1,1,1,1
150.000000,1,1076,2497,51.000000,1,1,1,1
150.000000,1,762,2278,32.000000,1,3,3,1
150.000000,1,298,1749,23.000000,1,1,1,1
150.000000,1,813,2062,32.000000,0,1,-1,1
150.000000,1,1261,2241,34.000000,1,3,3,1
150.000000,1,1354,2070,36.000000,1,1,1,1
150.000000,1,250,2546,32.000000,0,1,-1,1
150.000000,1,526,2347,25.000000,1,1,1,1
150.000000,1,1361,2252,53.000000,1,1,1,1
150.000000,1,1263,1885,23.000000,1,1,1,1
150.000000,1,1185,2466,40.000000,0,1,-1,1
150.000000,1,1199,936,18.000000,1,1,1,0
150.000000,1,455,1100,28.000000,1,1,1,1
150.000000,1,738,2146,25.000000,1,1,1,1
150.000000,1,1304,2451,25.000000,1,1,1,1
150.000000,1,328,2060,30.000000,1,1,1,1
150.000000,1,859,2070,33.000000,1,1,1,1
150.000000,1,1360,2120,34.000000,1,1,1,1
150.000000,1,982,1721,63.000000,1,2,2,1
150.000000,1,1193,1863,30.000000,1,1,1,1
150.000000,1,624,2302,31.000000,1,3,3,1
150.000000,1,364,2419,20.000000,1,1,1,1
150.000000,1,1308,2038,27.000000,1,1,1,1
150.000000,1,767,2278,36.000000,1,1,1,1
150.000000,1,1134,543,18.000000,1,1,1,0
150.000000,1,1356,2087,33.000000,1,2,2,1
150.000000,1,1488,1765,29.000000,1,1,1,1
150.000000,1,320,2300,50.000000,1,1,1,1
150.000000,1,836,2333,28.000000,1,1,1,1
150.000000,1,731,2132,30.000000,1,1,1,1
150.000000,1,900,1990,20.000000,1,1,1,1
150.000000,1,648,2113,32.000000,0,1,-1,1
150.000000,1,613,2081,27.000000,1,3,3,1
150.000000,1,618,2043,30.000000,0,1,-1,1
150.000000,1,1664,1452,35.000000,0,1,-1,0
150.000000,1,354,2356,20.000000,1,1,1,1
150.000000,1,1466,1865,35.000000,1,1,1,1
150.000000,1,487,567,28.000000,1,1,1,1
150.000000,1,1602,1854,29.000000,0,1,-1,1
150.000000,1,316,2226,26.000000,1,1,1,1
150.000000,1,454,2282,31.000000,0,1,-1,1
150.000000,1,474,2507,30.000000,1,3,3,1
150.000000,1,692,2348,28.000000,1,2,2,1
150.000000,1,1430,1880,25.000000,1,1,1,1
150.000000,1,666,499,30.000000,1,3,3,0
150.000000,1,691,2166,29.000000,1,3,3,1
150.000000,1,926,2330,18.000000,1,1,1,1
150.000000,1,1468,1017,31.000000,1,3,3,0
150.000000,1,717,2453,34.000000,0,1,-1,1
150.000000,1,1559,1583,22.000000,1,1,1,1
150.000000,1,1708,914,26.000000,1,1,1,0
150.000000,1,1268,2510,30.000000,1,1,1,1
150.000000,1,1210,1860,30.000000,1,1,1,1
150.000000,1,828,2085,31.000000,0,1,-1,1
150.000000,1,1448,1744,28.000000,0,1,-1,1
150.000000,1,865,1143,28.000000,1,2,2,1
150.000000,1,1671,838,27.000000,1,1,1,0
150.000000,1,1504,489,34.000000,1,3,3,0
150.000000,1,605,2152,26.000000,0,1,-1,1
150.000000,1,1111,2297,30.000000,1,3,3,1
150.000000,1,1668,1942,28.000000,1,1,1,1
150.000000,1,1340,808,27.000000,1,1,1,0
150.000000,1,724,2059,26.000000,1,1,1,1
150.000000,1,529,2291,33.000000,1,2,2,1
150.000000,1,844,559,37.000000,1,1,1,0
150.000000,1,1486,2239,27.000000,1,3,3,1
150.000000,1,563,1956,30.000000,1,1,1,1
150.000000,1,778,1919,25.000000,1,1,1,1
150.000000,1,866,1208,32.000000,1,1,1,1
150.000000,1,764,2281,32.000000,0,1,-1,1
150.000000,1,1509,2134,20.000000,1,1,1,1
150.000000,1,876,1505,30.000000,1,1,1,1
150.000000,1,350,2460,59.000000,0,1,-1,1
150.000000,1,426,2147,24.000000,1,1,1,1
150.000000,1,924,2018,27.000000,1,1,1,1
150.000000,1,1268,2647,33.000000,0,1,-1,1
150.000000,1,342,2159,25.000000,1,1,1,1
150.000000,1,1314,1811,32.000000,1,1,1,1
150.000000,1,599,2041,50.000000,1,1,1,1
150.000000,1,591,2353,32.000000,0,1,-1,1
150.000000,1,1398,871,27.000000,1,3,3,0
150.000000,1,610,1753,25.000000,1,1,1,1
150.000000,1,515,2154,29.000000,1,3,3,1
150.000000,1,615,1984,28.000000,1,1,1,1
150.000000,1,628,2080,32.000000,1,1,1,1
150.000000,1,956,2164,30.000000,0,1,-1,1
150.000000,1,256,1782,72.000000,1,1,1,1
150.000000,1,1365,1895,52.000000,1,1,1,1
150.000000,1,722,2130,20.000000,1,1,1,1
150.000000,1,1736,1100,31.000000,1,3,3,0
150.000000,1,490,2264,45.000000,0,1,-1,1
150.000000,1,1160,2670,29.000000,1,1,1,1
150.000000,1,1344,2144,26.000000,1,1,1,1
150.000000,1,1144,2337,18.000000,1,1,1,1
150.000000,1,552,2738,35.000000,1,2,2,1
150.000000,1,1527,1718,35.000000,1,1,1,1
150.000000,1,1466,1860,28.000000,1,2,2,1
150.000000,1,768,2126,92.000000,1,1,1,1
150.000000,1,1615,823,30.000000,1,1,1,0
150.000000,1,1673,1504,30.000000,1,1,1,0
150.000000,1,805,2264,33.000000,1,1,1,1
150.000000,1,1464,2454,26.000000,1,3,3,1
150.000000,1,1197,2310,35.000000,0,1,-1,1
150.000000,1,1179,2328,51.000000,0,1,-1,1
150.000000,1,697,2112,28.000000,1,1,1,1
150.000000,1,718,2391,30.000000,1,1,1,1
150.000000,1,537,1251,31.000000,1,3,3,1
150.000000,1,812,1968,28.000000,1,1,1,1
150.000000,1,1267,2481,29.000000,0,1,-1,1
150.000000,1,1268,2656,25.000000,1,1,1,1
150.000000,1,505,1969,62.000000,0,1,-1,1
150.000000,1,1466,2450,33.000000,1,3,3,1
150.000000,1,1177,2451,27.000000,1,3,3,1
150.000000,1,957,2223,32.000000,1,1,1,1
150.000000,1,1658,1661,18.000000,1,1,1,1
150.000000,1,1280,1752,28.000000,1,3,3,1
150.000000,1,1370,881,18.000000,1,1,1,0
128.000000,2,465,3976,29.000000,0,1,-1,1
150.000000,1,938,793,26.000000,1,3,3,0
150.000000,1,403,2353,31.000000,1,1,1,1
150.000000,1,484,2078,31.000000,1,2,2,1
150.000000,1,516,1920,35.000000,0,1,-1,1
150.000000,1,745,2159,54.000000,1,1,1,1
150.000000,1,1357,2095,34.000000,1,2,2,1
150.000000,1,1468,1990,18.000000,1,1,1,1
150.000000,1,540,2338,53.000000,1,1,1,1
150.000000,1,902,1164,32.000000,1,1,1,1
150.000000,1,1817,760,22.000000,1,1,1,0
150.000000,1,672,2453,27.000000,1,1,1,1
150.000000,1,960,2268,35.000000,1,1,1,1
150.000000,1,1393,508,18.000000,1,1,1,0
150.000000,1,953,1947,18.000000,1,1,1,1
150.000000,1,669,2248,43.000000,1,1,1,1
150.000000,1,693,2137,18.000000,1,1,1,1
150.000000,1,1468,2363,33.000000,0,1,-1,1
150.000000,1,591,2297,30.000000,1,1,1,1
150.000000,1,1676,1333,20.000000,1,1,1,0
150.000000,1,690,1944,33.000000,0,1,-1,1
150.000000,1,813,2053,31.000000,1,1,1,1
150.000000,1,1195,2121,20.000000,1,1,1,1
150.000000,1,968,1403,27.000000,1,1,1,1
150.000000,1,1502,2144,33.000000,0,1,-1,1
150.000000,1,443,1951,18.000000,1,1,1,1
150.000000,1,976,1416,36.000000,1,1,1,1
150.000000,1,796,1780,31.000000,1,1,1,1
150.000000,1,1147,2092,31.000000,0,1,-1,1
150.000000,1,751,2132,26.000000,1,1,1,1
150.000000,1,1288,2025,33.000000,1,2,2,1
150.000000,1,1210,1850,23.000000,1,1,1,1
150.000000,1,1330,1567,20.000000,1,1,1,1
150.000000,1,1327,2146,30.000000,1,1,1,1
150.000000,1,864,1698,23.000000,1,1,1,1
150.000000,1,616,1944,23.000000,1,1,1,1
150.000000,1,1009,1578,26.000000,1,1,1,1
150.000000,1,798,2459,18.000000,1,1,1,1
150.000000,1,1094,2176,29.000000,0,1,-1,1
150.000000,1,644,2265,27.000000,1,1,1,1
150.000000,1,1148,2288,36.000000,1,2,2,1
150.000000,1,1136,2138,53.000000,0,1,-1,1
150.000000,1,1328,2456,29.000000,0,1,-1,1
150.000000,1,1045,1709,42.000000,1,2,2,1
150.000000,1,474,2093,32.000000,0,1,-1,1
150.000000,1,1753,975,32.000000,1,1,1,0
150.000000,1,731,1050,29.000000,1,3,3,1
140.000000,2,701,3045,48.000000,1,1,1,1
150.000000,1,788,1746,34.000000,1,1,1,1
150.000000,1,516,1727,32.000000,1,1,1,1
150.000000,1,774,943,22.000000,1,1,1,1
150.000000,1,703,2060,28.000000,1,1,1,1
150.000000,1,1452,2150,51.000000,1,2,2,1
150.000000,1,1337,1416,28.000000,1,3,3,1
150.000000,1,1463,2437,70.000000,0,1,-1,1
150.000000,1,1010,1739,28.000000,1,1,1,1
150.000000,1,833,1180,46.000000,1,1,1,1
150.000000,1,1172,2452,35.000000,0,1,-1,1
150.000000,1,345,1823,38.000000,0,1,-1,1
150.000000,1,696,1944,18.000000,1,1,1,1
150.000000,1,653,813,28.000000,1,1,1,1
150.000000,1,735,2036,31.000000,1,1,1,1
150.000000,1,397,1415,32.000000,1,1,1,1
150.000000,1,756,2130,43.000000,0,1,-1,1
150.000000,1,1336,2362,61.000000,1,3,3,1
150.000000,1,1157,1603,29.000000,1,1,1,1
150.000000,1,1112,2660,27.000000,1,3,3,1
150.000000,1,1268,2526,18.000000,1,1,1,1
150.000000,1,611,1930,29.000000,1,1,1,1
150.000000,1,934,1246,31.000000,1,1,1,1
150.000000,1,744,2229,27.000000,1,3,3,1
150.000000,1,1596,799,18.000000,1,1,1,0
150.000000,1,1315,1968,32.000000,1,1,1,1
150.000000,1,1429,1768,18.000000,1,1,1,1
150.000000,1,756,2233,26.000000,1,1,1,1
150.000000,1,740,2035,30.000000,1,1,1,1
150.000000,1,1356,2462,34.000000,0,1,-1,1
150.000000,1,1460,2454,27.000000,1,1,1,1
150.000000,1,488,1933,22.000000,1,1,1,1
150.000000,1,799,2081,66.000000,1,1,1,1
150.000000,1,1223,671,23.000000,1,1,1,0
150.000000,1,1846,1635,28.000000,1,3,3,0
150.000000,1,1126,2516,31.000000,1,1,1,1
150.000000,1,793,839,17.000000,1,1,1,1
150.000000,1,714,1286,23.000000,1,1,1,1
150.000000,1,685,2264,29.000000,1,1,1,1
150.000000,1,640,2328,29.000000,1,1,1,1
150.000000,1,920,2356,26.000000,1,3,3,1
150.000000,1,304,2190,18.000000,1,1,1,1
150.000000,1,722,2136,20.000000,1,1,1,1
150.000000,1,597,1920,18.000000,1,1,1,1
150.000000,1,423,1621,23.000000,1,1,1,1
150.000000,1,612,1750,18.000000,1,1,1,1
150.000000,1,944,2252,30.000000,1,2,2,1
150.000000,1,561,2295,29.000000,1,3,3,1
150.000000,1,828,2004,26.000000,0,1,-1,1
150.000000,1,245,2463,31.000000,1,1,1,1
150.000000,1,272,2084,24.000000,1,1,1,1
150.000000,1,344,2348,18.000000,1,1,1,1
150.000000,1,1151,2492,27.000000,1,3,3,1
150.000000,1,932,2134,24.000000,1,1,1,1
150.000000,1,848,1942,29.000000,1,1,1,1
150.000000,1,1149,1200,29.000000,1,1,1,1
150.000000,1,1189,1665,30.000000,1,1,1,1
150.000000,1,1360,2452,30.000000,0,1,-1,1
150.000000,1,1266,2484,30.000000,0,1,-1,1
86.000000,2,567,3426,27.000000,1,1,1,1
150.000000,1,964,1530,20.000000,1,1,1,1
150.000000,1,1178,1911,30.000000,1,1,1,1
150.000000,1,1354,2274,28.000000,1,3,3,1
150.000000,1,719,2537,25.000000,1,1,1,1
150.000000,1,1005,1408,50.000000,1,1,1,1
150.000000,1,573,1726,33.000000,1,3,3,1
150.000000,1,1287,1035,27.000000,1,1,1,0
150.000000,1,1268,2453,31.000000,1,2,2,1
150.000000,1,1705,1706,26.000000,1,1,1,1
150.000000,1,588,2472,36.000000,1,3,3,1
150.000000,1,1312,1907,32.000000,1,1,1,1
150.000000,1,836,1311,30.000000,1,2,2,1
150.000000,1,111,2440,31.000000,1,3,3,1
150.000000,1,1868,1235,29.000000,1,1,1,0
150.000000,1,495,2060,29.000000,1,3,3,1
150.000000,1,698,2303,30.000000,0,1,-1,1
150.000000,1,460,1998,28.000000,1,1,1,1
108.000000,2,364,4135,39.000000,1,1,1,1
150.000000,1,1161,2547,58.000000,1,3,3,1
150.000000,1,578,1379,33.000000,0,3,-3,1
150.000000,1,1143,2082,18.000000,1,1,1,1
150.000000,1,343,1694,38.000000,0,1,-1,1
150.000000,1,1523,902,29.000000,1,3,3,0
150.000000,1,1139,2164,40.000000,1,1,1,1
150.000000,1,1544,1723,31.000000,1,1,1,1
150.000000,1,616,1255,30.000000,1,1,1,1
150.000000,1,328,1891,33.000000,0,1,-1,1
150.000000,1,1316,2463,29.000000,1,2,2,1
150.000000,1,1152,2088,25.000000,1,1,1,1
150.000000,1,291,2334,27.000000,1,1,1,1
150.000000,1,434,2476,30.000000,1,1,1,1
150.000000,1,328,2512,32.000000,0,1,-1,1
150.000000,1,640,2357,25.000000,1,1,1,1
150.000000,1,979,997,41.000000,1,1,1,1
150.000000,1,1124,2456,26.000000,1,1,1,1
150.000000,1,1471,1853,36.000000,1,3,3,1
150.000000,1,908,1058,37.000000,1,1,1,1
150.000000,1,937,1682,42.000000,1,3,3,1
150.000000,1,1160,2458,31.000000,1,1,1,1
150.000000,1,284,2609,25.000000,1,1,1,1
150.000000,1,352,2186,30.000000,0,1,-1,1
150.000000,1,1599,922,29.000000,1,1,1,0
150.000000,1,871,2253,29.000000,1,3,3,1
150.000000,1,907,1653,25.000000,1,1,1,1
150.000000,1,528,2125,33.000000,0,1,-1,1
150.000000,1,509,1080,18.000000,1,1,1,1
150.000000,1,813,1927,31.000000,0,1,-1,1
150.000000,1,843,1688,31.000000,1,1,1,1
150.000000,1,1447,1869,25.000000,1,1,1,1
150.000000,1,836,1814,36.000000,0,1,-1,1
150.000000,1,1428,1234,35.000000,1,2,2,0
150.000000,1,588,1987,28.000000,1,1,1,1
150.000000,1,1349,2286,33.000000,1,3,3,1
150.000000,1,278,2616,30.000000,0,1,-1,1
150.000000,1,1120,2444,18.000000,1,1,1,1
150.000000,1,878,1133,52.000000,1,1,1,1
150.000000,1,1462,1299,31.000000,1,1,1,0
150.000000,1,944,2006,25.000000,1,1,1,1
150.000000,1,490,2190,18.000000,1,1,1,1
150.000000,1,912,2148,56.000000,1,1,1,1
150.000000,1,340,2138,29.000000,1,1,1,1
150.000000,1,1349,2465,34.000000,1,1,1,1
150.000000,1,1146,1213,25.000000,1,1,1,1
150.000000,1,1323,1628,29.000000,0,1,-1,1
150.000000,1,1163,1011,27.000000,1,1,1,0
150.000000,1,1467,2254,33.000000,1,1,1,1
150.000000,1,285,2352,34.000000,0,1,-1,1
150.000000,1,774,621,28.000000,1,1,1,0
150.000000,1,1562,1378,37.000000,1,3,3,0
150.000000,1,1206,2356,34.000000,1,1,1,1
150.000000,1,930,1456,18.000000,1,1,1,1
150.000000,1,1271,1672,27.000000,1,1,1,1
150.000000,1,1164,2641,34.000000,1,2,2,1
150.000000,1,598,1842,55.000000,0,1,-1,1
150.000000,1,1712,2038,18.000000,1,1,1,1
150.000000,1,753,2116,33.000000,0,1,-1,1
150.000000,1,1119,2657,62.000000,1,2,2,1
150.000000,1,1268,2359,29.000000,1,1,1,1
150.000000,1,1211,598,28.000000,1,1,1,0
150.000000,1,68,2697,31.000000,1,1,1,1
150.000000,1,666,1933,26.000000,1,1,1,1
150.000000,1,959,815,18.000000,1,1,1,0
150.000000,1,527,2369,32.000000,0,1,-1,1
150.000000,1,1315,1851,30.000000,1,1,1,1
150.000000,1,554,1864,31.000000,0,1,-1,1
150.000000,1,1160,2321,20.000000,1,1,1,1
150.000000,1,743,1164,29.000000,1,3,3,1
150.000000,1,1268,2652,55.000000,1,3,3,1
150.000000,1,298,2374,31.000000,0,1,-1,1
150.000000,1,1352,2457,32.000000,1,3,3,1
150.000000,1,1175,2319,26.000000,1,1,1,1
150.000000,1,511,2142,27.000000,1,3,3,1
150.000000,1,1668,1614,36.000000,1,3,3,0
150.000000,1,840,1888,40.000000,1,3,3,1
150.000000,1,814,1907,30.000000,1,2,2,1
150.000000,1,1428,1255,49.000000,1,3,3,0
150.000000,1,1268,2285,32.000000,0,1,-1,1
150.000000,1,904,775,49.000000,1,1,1,0
150.000000,1,1376,1977,31.000000,1,3,3,1
150.000000,1,1586,1022,32.000000,1,1,1,0
150.000000,1,377,1882,28.000000,1,1,1,1
150.000000,1,1468,2444,25.000000,1,1,1,1
150.000000,1,1483,1953,48.000000,1,3,3,1
150.000000,1,529,2679,37.000000,0,1,-1,1
150.000000,1,812,1338,56.000000,1,1,1,1
150.000000,1,954,2293,23.000000,1,3,3,1
150.000000,1,811,968,18.000000,1,1,1,1
150.000000,1,841,1554,25.000000,1,1,1,1
150.000000,1,1354,2289,26.000000,1,1,1,1
150.000000,1,836,1932,20.000000,1,1,1,1
150.000000,1,1265,2493,35.000000,1,1,1,1
150.000000,1,1234,750,30.000000,1,3,3,0
150.000000,1,529,2465,18.000000,1,1,1,1
150.000000,1,1224,414,25.000000,1,1,1,0
150.000000,1,584,2324,34.000000,1,1,1,1
150.000000,1,921,2052,25.000000,1,1,1,1
150.000000,1,371,2286,25.000000,1,1,1,1
150.000000,1,1462,1807,50.000000,1,3,3,1
150.000000,1,908,2245,28.000000,1,1,1,1
150.000000,1,876,2052,25.000000,1,1,1,1
150.000000,1,1276,2280,29.000000,1,1,1,1
150.000000,1,815,1836,44.000000,1,2,2,1
150.000000,1,1750,1153,28.000000,1,1,1,0
150.000000,1,896,2442,27.000000,1,1,1,1
150.000000,1,650,1172,29.000000,1,1,1,1
150.000000,1,604,2260,29.000000,1,2,2,1
150.000000,1,1820,1690,20.000000,1,1,1,0
150.000000,1,1421,1645,33.000000,1,1,1,1
150.000000,1,1268,1979,30.000000,1,3,3,1
150.000000,1,1313,1341,29.000000,1,1,1,1
150.000000,1,999,2272,34.000000,0,1,-1,1
150.000000,1,1242,1935,60.000000,0,1,-1,1
150.000000,1,424,2079,27.000000,1,1,1,1
150.000000,1,1066,1851,29.000000,0,1,-1,1
150.000000,1,1131,2542,30.000000,0,1,-1,1
150.000000,1,1152,2459,31.000000,0,1,-1,1
150.000000,1,526,2491,32.000000,0,1,-1,1
150.000000,1,581,1901,20.000000,1,1,1,1
150.000000,1,709,2341,29.000000,1,1,1,1
150.000000,1,870,1849,36.000000,0,1,-1,1
150.000000,1,894,1916,26.000000,1,3,3,1
150.000000,1,1528,2008,27.000000,1,1,1,1
150.000000,1,1281,725,32.000000,1,1,1,0
150.000000,1,553,2556,54.000000,0,1,-1,1
150.000000,1,390,2280,44.000000,0,1,-1,1
150.000000,1,680,2637,26.000000,1,1,1,1
150.000000,1,326,2369,31.000000,0,1,-1,1
150.000000,1,1394,1975,18.000000,1,1,1,1
150.000000,1,1302,1807,29.000000,1,1,1,1
150.000000,1,1328,2228,18.000000,1,1,1,1
150.000000,1,920,1470,29.000000,1,1,1,1
150.000000,1,626,1792,28.000000,1,1,1,1
150.000000,1,920,1391,31.000000,1,1,1,1
150.000000,1,634,2563,28.000000,0,1,-1,1
150.000000,1,1467,1311,26.000000,1,1,1,0
150.000000,1,1348,2448,58.000000,1,1,1,1
150.000000,1,763,2208,28.000000,1,1,1,1
150.000000,1,550,1824,49.000000,0,1,-1,1
150.000000,1,797,2203,30.000000,1,1,1,1
150.000000,1,396,1577,36.000000,1,1,1,1
150.000000,1,1504,2250,36.000000,1,2,2,1
150.000000,1,520,2540,18.000000,1,1,1,1
150.000000,1,1468,2436,52.000000,1,3,3,1
150.000000,1,718,2330,27.000000,1,1,1,1
150.000000,1,792,2163,31.000000,0,1,-1,1
150.000000,1,1760,1760,29.000000,1,1,1,1
150.000000,1,377,2169,29.000000,1,2,2,1
150.000000,1,701,2136,27.000000,1,1,1,1
150.000000,1,1164,2297,36.000000,0,1,-1,1
150.000000,1,1374,901,35.000000,1,2,2,0
150.000000,1,1963,819,29.000000,1,3,3,0
150.000000,1,1245,2303,33.000000,0,1,-1,1
150.000000,1,1055,2261,36.000000,0,1,-1,1
150.000000,1,1268,2357,20.000000,1,1,1,1
150.000000,1,682,1362,30.000000,1,1,1,1
150.000000,1,770,2356,31.000000,1,3,3,1
150.000000,1,818,2474,46.000000,0,1,-1,1
150.000000,1,819,2068,18.000000,1,1,1,1
150.000000,1,660,701,20.000000,1,1,1,1
150.000000,1,836,2319,34.000000,1,2,2,1
150.000000,1,863,2042,26.000000,1,1,1,1
150.000000,1,724,2313,59.000000,1,1,1,1
150.000000,1,398,2438,27.000000,1,1,1,1
150.000000,1,1316,1965,30.000000,1,1,1,1
150.000000,1,1418,1789,35.000000,0,1,-1,1
150.000000,1,1459,2338,47.000000,1,1,1,1
150.000000,1,712,2048,26.000000,1,1,1,1
150.000000,1,1150,2114,33.000000,0,1,-1,1
150.000000,1,540,2314,49.000000,1,1,1,1
150.000000,1,1295,2086,41.000000,1,1,1,1
150.000000,1,668,2232,25.000000,1,1,1,1
150.000000,1,1503,573,33.000000,1,1,1,0
128.000000,2,272,3402,18.000000,1,1,1,1
150.000000,1,636,2406,29.000000,1,1,1,1
150.000000,1,1620,634,26.000000,1,3,3,0
150.000000,1,1229,1580,49.000000,1,2,2,1
150.000000,1,1040,1532,25.000000,1,1,1,1
150.000000,1,458,2333,18.000000,1,1,1,1
150.000000,1,1290,2452,32.000000,0,1,-1,1
150.000000,1,1436,1906,31.000000,1,1,1,1
150.000000,1,977,1168,30.000000,1,2,2,1
150.000000,1,1464,1901,32.000000,1,1,1,1
150.000000,1,1468,1818,53.000000,1,1,1,1
88.000000,2,769,2738,29.000000,1,1,1,1
150.000000,1,116,2317,36.000000,1,1,1,1
150.000000,1,974,743,27.000000,1,1,1,0
150.000000,1,1520,1456,32.000000,1,1,1,0
150.000000,1,685,1723,30.000000,1,1,1,1
150.000000,1,756,2122,29.000000,1,1,1,1
150.000000,1,968,2252,37.000000,0,1,-1,1
150.000000,1,1184,2274,27.000000,1,3,3,1
150.000000,1,1096,729,28.000000,1,1,1,0
150.000000,1,566,2321,33.000000,1,3,3,1
150.000000,1,1156,955,18.000000,1,1,1,0
150.000000,1,809,1722,25.000000,1,1,1,1
150.000000,1,1186,2311,32.000000,1,2,2,1
150.000000,1,1472,1601,52.000000,1,1,1,1
150.000000,1,1035,1855,29.000000,1,1,1,1
150.000000,1,1091,2397,33.000000,1,1,1,1
150.000000,1,762,2158,29.000000,1,1,1,1
150.000000,1,1223,1118,41.000000,1,3,3,0
150.000000,1,397,2498,18.000000,1,1,1,1
150.000000,1,588,2460,34.000000,1,1,1,1
150.000000,1,1268,2388,31.000000,1,1,1,1
150.000000,1,201,2566,31.000000,1,1,1,1
150.000000,1,1268,2474,29.000000,0,1,-1,1
150.000000,1,68,2857,31.000000,0,1,-1,1
150.000000,1,930,2264,18.000000,1,1,1,1
150.000000,1,268,2558,31.000000,0,1,-1,1
150.000000,1,747,1404,29.000000,0,1,-1,1
150.000000,1,549,1021,25.000000,1,1,1,1
150.000000,1,1038,973,32.000000,1,3,3,0
150.000000,1,395,2352,28.000000,1,1,1,1
150.000000,1,1059,1581,31.000000,1,1,1,1
150.000000,1,1596,1684,27.000000,1,3,3,1
150.000000,1,600,1059,29.000000,0,1,-1,1
150.000000,1,1301,2154,25.000000,1,1,1,1
150.000000,1,693,1960,37.000000,1,1,1,1
150.000000,1,1090,1003,30.000000,1,1,1,0
150.000000,1,519,1228,28.000000,1,1,1,1
150.000000,1,910,1974,34.000000,1,1,1,1
150.000000,1,1489,1848,56.000000,1,1,1,1
150.000000,1,1449,2111,46.000000,0,1,-1,1
150.000000,1,964,2255,26.000000,1,1,1,1
150.000000,1,1268,2484,30.000000,1,1,1,1
150.000000,1,1104,2556,61.000000,0,1,-1,1
150.000000,1,1197,1723,28.000000,1,2,2,1
150.000000,1,1419,1405,57.000000,1,3,3,0
150.000000,1,1352,1972,32.000000,0,1,-1,1
150.000000,1,1344,2461,31.000000,0,1,-1,1
150.000000,1,1218,2169,33.000000,0,1,-1,1
150.000000,1,127,2659,33.000000,0,1,-1,1
150.000000,1,1629,968,31.000000,0,1,-1,0
150.000000,1,744,2296,26.000000,1,1,1,1
150.000000,1,597,2536,26.000000,1,1,1,1
150.000000,1,1420,1846,26.000000,1,3,3,1
150.000000,1,635,995,18.000000,1,1,1,1
150.000000,1,712,2092,33.000000,1,1,1,1
150.000000,1,520,2275,31.000000,0,1,-1,1
150.000000,1,440,1708,31.000000,1,1,1,1
150.000000,1,1258,1826,18.000000,1,1,1,1
150.000000,1,1240,1973,32.000000,0,1,-1,1
150.000000,1,1244,1536,18.000000,1,1,1,1
150.000000,1,749,2538,46.000000,1,1,1,1
150.000000,1,744,2323,18.000000,1,1,1,1
150.000000,1,518,1989,31.000000,1,1,1,1
150.000000,1,1280,2446,29.000000,1,3,3,1
150.000000,1,503,846,31.000000,1,3,3,1
150.000000,1,1466,2330,27.000000,1,1,1,1
150.000000,1,928,1560,20.000000,1,1,1,1
150.000000,1,502,2194,25.000000,1,1,1,1
150.000000,1,758,2480,44.000000,0,1,-1,1
150.000000,1,1053,2256,33.000000,0,1,-1,1
150.000000,1,1329,1753,31.000000,0,1,-1,1
150.000000,1,735,2161,30.000000,0,1,-1,1
150.000000,1,452,2323,35.000000,1,1,1,1
150.000000,1,536,1939,28.000000,1,1,1,1
150.000000,1,1468,2319,18.000000,1,1,1,1
150.000000,1,484,2416,27.000000,1,1,1,1
150.000000,1,672,1237,26.000000,1,1,1,1
150.000000,1,1698,211,20.000000,1,1,1,0
150.000000,1,865,1862,25.000000,1,1,1,1
150.000000,1,1269,2267,29.000000,1,1,1,1
150.000000,1,682,2522,25.000000,1,1,1,1
150.000000,1,1303,1704,34.000000,1,1,1,1
150.000000,1,653,1800,27.000000,1,3,3,1
150.000000,1,1274,2420,31.000000,1,1,1,1
150.000000,1,1345,2452,31.000000,1,3,3,1
150.000000,1,848,2461,29.000000,0,1,-1,1
150.000000,1,1552,2120,20.000000,1,1,1,1
150.000000,1,1469,2242,18.000000,1,1,1,1
150.000000,1,392,2124,27.000000,1,3,3,1
150.000000,1,1296,2344,29.000000,1,2,2,1
150.000000,1,227,2188,18.000000,1,1,1,1
150.000000,1,1331,1321,33.000000,1,1,1,0
150.000000,1,766,2246,34.000000,1,1,1,1
125.000000,2,3780,596,29.000000,1,1,1,0
150.000000,1,1357,1904,39.000000,1,2,2,1
150.000000,1,1460,2474,30.000000,0,1,-1,1
109.000000,2,284,3985,30.000000,0,1,-1,1
150.000000,1,803,1196,58.000000,1,1,1,1
150.000000,1,1598,524,20.000000,1,1,1,0
150.000000,1,1289,1021,32.000000,1,1,1,0
150.000000,1,1355,1262,55.000000,1,1,1,0
150.000000,1,1757,1498,45.000000,1,1,1,0
150.000000,1,1468,2452,29.000000,1,1,1,1
150.000000,1,1276,2365,57.000000,1,1,1,1
150.000000,1,819,2046,28.000000,1,3,3,1
150.000000,1,1121,1782,71.000000,1,1,1,1
150.000000,1,388,2366,52.000000,0,1,-1,1
150.000000,1,614,2216,31.000000,0,1,-1,1
150.000000,1,318,1956,40.000000,1,1,1,1
150.000000,1,1308,1423,28.000000,1,1,1,1
150.000000,1,1319,2209,25.000000,1,1,1,1
150.000000,1,475,1563,26.000000,1,1,1,1
150.000000,1,1268,2364,31.000000,1,1,1,1
150.000000,1,210,2072,45.000000,0,1,-1,1
150.000000,1,580,2322,30.000000,0,1,-1,1
150.000000,1,1367,2262,37.000000,0,1,-1,1
150.000000,1,776,1958,27.000000,1,3,3,1
150.000000,1,1264,2277,28.000000,1,1,1,1
150.000000,1,813,865,36.000000,1,1,1,1
150.000000,1,604,2061,18.000000,1,1,1,1
150.000000,1,962,921,35.000000,0,1,-1,0
150.000000,1,814,1943,30.000000,1,3,3,1
150.000000,1,486,2634,65.000000,0,1,-1,1
150.000000,1,787,2451,29.000000,0,1,-1,1
150.000000,1,546,2868,37.000000,0,1,-1,1
150.000000,1,645,1526,26.000000,1,1,1,1
150.000000,1,1068,2359,29.000000,1,1,1,1
150.000000,1,1163,934,45.000000,0,1,-1,0
150.000000,1,495,2254,23.000000,1,1,1,1
150.000000,1,290,1680,33.000000,0,1,-1,1
150.000000,1,740,1421,20.000000,1,1,1,1
150.000000,1,1121,1430,28.000000,1,1,1,1
150.000000,1,713,1597,29.000000,1,3,3,1
150.000000,1,433,2056,26.000000,1,1,1,1
150.000000,1,520,2343,31.000000,1,3,3,1
150.000000,1,931,744,25.000000,1,1,1,0
150.000000,1,1467,2319,32.000000,0,1,-1,1
150.000000,1,194,2235,28.000000,0,1,-1,1
150.000000,1,1268,2328,40.000000,0,1,-1,1
150.000000,1,949,2015,26.000000,1,1,1,1
150.000000,1,886,1602,29.000000,1,1,1,1
150.000000,1,1552,2274,30.000000,0,1,-1,1
150.000000,1,826,2020,18.000000,1,1,1,1
150.000000,1,1555,1027,27.000000,1,1,1,0
150.000000,1,1340,2072,30.000000,1,3,3,1
150.000000,1,1288,2446,31.000000,1,3,3,1
150.000000,1,1312,2433,37.000000,1,2,2,1
150.000000,1,753,1937,29.000000,1,1,1,1
150.000000,1,827,1422,25.000000,1,1,1,1
150.000000,1,794,1975,32.000000,1,3,3,1
150.000000,1,666,2250,31.000000,1,1,1,1
150.000000,1,1406,551,31.000000,1,1,1,0
150.000000,1,1413,1871,27.000000,1,1,1,1
150.000000,1,1434,2116,35.000000,1,1,1,1
150.000000,1,1181,2314,31.000000,1,1,1,1
150.000000,1,544,2516,33.000000,1,3,3,1
150.000000,1,780,2258,35.000000,1,2,2,1
150.000000,1,759,2117,28.000000,1,1,1,1
150.000000,1,1265,2509,33.000000,0,1,-1,1
150.000000,1,512,2308,29.000000,1,3,3,1
150.000000,1,707,1849,28.000000,1,3,3,1
150.000000,1,1446,1711,28.000000,1,1,1,1
150.000000,1,423,1901,42.000000,0,1,-1,1
150.000000,1,488,1931,37.000000,1,2,2,1
150.000000,1,692,1976,27.000000,1,3,3,1
150.000000,1,1178,1763,18.000000,1,1,1,1
150.000000,1,1183,2173,28.000000,1,1,1,1
150.000000,1,371,1906,30.000000,1,1,1,1
150.000000,1,485,1151,31.000000,1,2,2,1
150.000000,1,1268,2483,28.000000,1,1,1,1
150.000000,1,732,2471,30.000000,1,1,1,1
150.000000,1,1745,1035,28.000000,1,3,3,0
150.000000,1,600,2164,33.000000,1,1,1,1
150.000000,1,1668,2242,20.000000,1,1,1,1
150.000000,1,840,2140,35.000000,1,1,1,1
150.000000,1,555,2465,27.000000,1,3,3,1
150.000000,1,1148,964,34.000000,1,1,1,0
150.000000,1,864,1890,23.000000,1,1,1,1
150.000000,1,1298,1735,56.000000,0,1,-1,1
150.000000,1,1226,799,30.000000,1,1,1,0
150.000000,1,1164,2659,18.000000,1,1,1,1
150.000000,1,394,2443,29.000000,1,3,3,1
150.000000,1,1262,2265,40.000000,1,1,1,1
150.000000,1,1289,2339,56.000000,1,2,2,1
150.000000,1,660,2095,33.000000,0,1,-1,1
150.000000,1,292,2746,31.000000,1,1,1,1
150.000000,1,473,2435,33.000000,0,1,-1,1
150.000000,1,1267,2336,30.000000,0,1,-1,1
150.000000,1,632,2339,20.000000,1,1,1,1
150.000000,1,928,2344,27.000000,1,1,1,1
150.000000,1,1134,2677,33.000000,0,1,-1,1
150.000000,1,1111,1630,34.000000,1,1,1,1
150.000000,1,965,1488,27.000000,1,1,1,1
150.000000,1,1328,2456,30.000000,1,3,3,1
150.000000,1,413,1748,40.000000,1,2,2,1
150.000000,1,731,1295,25.000000,1,1,1,1
150.000000,1,844,1725,31.000000,1,2,2,1
150.000000,1,923,2465,31.000000,0,1,-1,1
150.000000,1,260,2568,37.000000,0,1,-1,1
150.000000,1,808,1364,27.000000,1,1,1,1
150.000000,1,1824,1829,44.000000,1,1,1,1
150.000000,1,1268,2348,27.000000,1,1,1,1
150.000000,1,1196,2454,18.000000,1,1,1,1
139.000000,2,685,3911,37.000000,0,1,-1,1
150.000000,1,724,2128,47.000000,1,3,3,1
150.000000,1,896,1896,31.000000,1,1,1,1
150.000000,1,1279,1840,28.000000,1,1,1,1
150.000000,1,1268,2347,36.000000,1,1,1,1
150.000000,1,1482,1980,31.000000,1,1,1,1
150.000000,1,738,2124,33.000000,0,1,-1,1
150.000000,1,582,2314,81.000000,1,1,1,1
150.000000,1,487,1887,47.000000,1,3,3,1
150.000000,1,1628,1742,39.000000,1,1,1,1
150.000000,1,692,2343,30.000000,0,1,-1,1
150.000000,1,366,2300,26.000000,1,3,3,1
150.000000,1,210,2250,29.000000,1,3,3,1
150.000000,1,1269,2479,29.000000,1,1,1,1
150.000000,1,551,2190,44.000000,1,2,2,1
150.000000,1,1577,985,28.000000,1,3,3,0
150.000000,1,904,2152,40.000000,1,1,1,1
150.000000,1,1155,2214,34.000000,0,1,-1,1
150.000000,1,359,1771,37.000000,1,2,2,1
150.000000,1,1344,2305,29.000000,1,1,1,1
150.000000,1,784,1415,25.000000,1,1,1,1
150.000000,1,814,2146,36.000000,0,1,-1,1
150.000000,1,1288,2345,36.000000,0,1,-1,1
150.000000,1,682,1819,33.000000,0,1,-1,1
150.000000,1,768,2117,31.000000,1,1,1,1
150.000000,1,1282,1038,48.000000,1,2,2,0
150.000000,1,616,2268,31.000000,0,1,-1,1
150.000000,1,430,2058,34.000000,1,1,1,1
150.000000,1,727,2308,37.000000,0,1,-1,1
150.000000,1,268,2448,31.000000,0,1,-1,1
150.000000,1,1566,656,18.000000,1,1,1,0
150.000000,1,1292,1030,25.000000,1,1,1,0
150.000000,1,563,1483,30.000000,1,1,1,1
150.000000,1,1832,1835,37.000000,1,2,2,1
150.000000,1,1387,2029,31.000000,0,1,-1,1
150.000000,1,609,2114,25.000000,1,1,1,1
150.000000,1,1247,1312,35.000000,1,1,1,1
150.000000,1,1088,2547,28.000000,1,1,1,1
150.000000,1,842,1842,29.000000,0,1,-1,1
150.000000,1,717,2147,24.000000,1,1,1,1
150.000000,1,1268,2454,49.000000,0,1,-1,1
150.000000,1,1268,2324,32.000000,1,3,3,1
150.000000,1,1347,2311,29.000000,0,1,-1,1
150.000000,1,1217,915,18.000000,1,1,1,0
150.000000,1,1460,2301,26.000000,1,1,1,1
150.000000,1,740,2218,25.000000,1,1,1,1
150.000000,1,1603,1921,30.000000,1,3,3,1
150.000000,1,1220,2272,51.000000,1,1,1,1
150.000000,1,1268,2171,31.000000,1,1,1,1
150.000000,1,1760,1635,25.000000,1,1,1,0
150.000000,1,1308,802,51.000000,1,3,3,0
150.000000,1,277,2393,48.000000,1,2,2,1
150.000000,1,684,905,28.000000,1,1,1,1
150.000000,1,1263,2378,38.000000,1,1,1,1
150.000000,1,1800,1552,31.000000,0,1,-1,0
150.000000,1,1280,2131,26.000000,1,1,1,1
150.000000,1,1284,2219,32.000000,1,3,3,1
150.000000,1,1184,1401,18.000000,1,1,1,1
150.000000,1,1122,2439,40.000000,1,1,1,1
150.000000,1,1298,2219,31.000000,1,1,1,1
150.000000,1,615,1857,35.000000,1,1,1,1
150.000000,1,777,1430,25.000000,1,1,1,1
150.000000,1,708,2041,28.000000,1,1,1,1
150.000000,1,1158,2479,32.000000,1,3,3,1
150.000000,1,668,2369,31.000000,0,1,-1,1
150.000000,1,652,1447,25.000000,1,1,1,1
150.000000,1,1241,1132,27.000000,1,3,3,0
150.000000,1,734,786,26.000000,1,1,1,1
150.000000,1,760,2266,41.000000,0,1,-1,1
150.000000,1,1520,1798,34.000000,0,1,-1,1
150.000000,1,871,1896,32.000000,0,1,-1,1
150.000000,1,1467,1221,36.000000,0,1,-1,0
150.000000,1,1084,2146,25.000000,1,1,1,1
150.000000,1,575,2512,37.000000,0,1,-1,1
150.000000,1,632,2324,51.000000,1,1,1,1
150.000000,1,1363,1521,31.000000,1,1,1,1
150.000000,1,1268,2678,40.000000,1,1,1,1
150.000000,1,914,1932,35.000000,1,1,1,1
150.000000,1,390,2030,39.000000,1,2,2,1
150.000000,1,1384,1925,18.000000,1,1,1,1
150.000000,1,1408,2146,32.000000,1,1,1,1
150.000000,1,1297,1133,33.000000,1,2,2,0
150.000000,1,768,2314,33.000000,0,1,-1,1
150.000000,1,516,2696,30.000000,0,1,-1,1
150.000000,1,880,1998,32.000000,1,2,2,1
150.000000,1,973,1836,18.000000,1,1,1,1
150.000000,1,944,1531,29.000000,1,1,1,1
150.000000,1,1668,1957,32.000000,1,2,2,1
150.000000,1,546,1905,54.000000,1,3,3,1
150.000000,1,1711,1841,27.000000,1,1,1,1
150.000000,1,607,1140,26.000000,1,3,3,1
150.000000,1,682,1369,32.000000,1,1,1,1
150.000000,1,800,2270,34.000000,1,1,1,1
150.000000,1,1468,2015,18.000000,1,1,1,1
150.000000,1,251,2329,30.000000,0,1,-1,1
150.000000,1,1468,2283,31.000000,0,1,-1,1
150.000000,1,781,2011,26.000000,1,1,1,1
150.000000,1,1036,952,47.000000,1,1,1,0
150.000000,1,1344,1888,29.000000,1,1,1,1
150.000000,1,372,1569,35.000000,1,3,3,1
150.000000,1,1341,1065,29.000000,1,1,1,0
150.000000,1,1376,948,36.000000,1,2,2,0
150.000000,1,889,1173,25.000000,1,1,1,1
150.000000,1,268,2746,31.000000,0,1,-1,1
150.000000,1,1044,1079,31.000000,1,1,1,1
150.000000,1,509,2056,29.000000,1,1,1,1
150.000000,1,1893,827,39.000000,1,1,1,0
150.000000,1,1268,2667,31.000000,1,1,1,1
150.000000,1,496,2335,40.000000,1,1,1,1
150.000000,1,635,2255,46.000000,1,3,3,1
150.000000,1,1141,2653,33.000000,1,1,1,1
150.000000,1,896,1377,37.000000,1,1,1,1
150.000000,1,1466,2201,31.000000,1,1,1,1
150.000000,1,1034,2248,29.000000,1,1,1,1
150.000000,1,950,1663,26.000000,1,1,1,1
150.000000,1,949,2247,63.000000,1,3,3,1
150.000000,1,1091,2671,30.000000,1,3,3,1
150.000000,1,792,2150,28.000000,1,2,2,1
150.000000,1,472,2302,25.000000,1,1,1,1
150.000000,1,1421,2263,48.000000,0,1,-1,1
150.000000,1,915,2262,32.000000,0,1,-1,1
150.000000,1,938,2052,27.000000,0,1,-1,1
150.000000,1,621,1628,27.000000,1,1,1,1
150.000000,1,573,1097,46.000000,1,3,3,1
150.000000,1,1077,1597,30.000000,1,1,1,1
150.000000,1,435,2294,28.000000,1,1,1,1
150.000000,1,1416,1695,39.000000,0,1,-1,1
150.000000,1,831,541,18.000000,1,1,1,0
150.000000,1,1327,1965,34.000000,1,3,3,1
150.000000,1,464,2252,33.000000,1,1,1,1
150.000000,1,1315,2245,29.000000,1,1,1,1
150.000000,1,429,1953,33.000000,1,3,3,1
150.000000,1,1556,635,27.000000,1,3,3,0
150.000000,1,1305,2467,36.000000,1,2,2,1
150.000000,1,1264,1880,30.000000,1,1,1,1
150.000000,1,721,2663,31.000000,0,1,-1,1
150.000000,1,934,1477,30.000000,0,1,-1,1
150.000000,1,916,2057,29.000000,1,3,3,1
150.000000,1,810,987,23.000000,1,3,3,1
150.000000,1,936,2047,29.000000,1,1,1,1
150.000000,1,1237,603,29.000000,1,1,1,0
150.000000,1,1468,2297,59.000000,0,1,-1,1
150.000000,1,741,993,30.000000,1,2,2,1
150.000000,1,513,1800,37.000000,1,1,1,1
150.000000,1,1036,1847,34.000000,1,3,3,1
150.000000,1,1354,2344,33.000000,0,1,-1,1
150.000000,1,392,2134,30.000000,1,1,1,1
150.000000,1,1280,1992,20.000000,1,1,1,1
150.000000,1,557,2156,25.000000,1,1,1,1
150.000000,1,606,1963,40.000000,1,2,2,1
150.000000,1,1268,2366,25.000000,1,1,1,1
109.000000,2,3449,718,18.000000,1,1,1,0
150.000000,1,609,2328,32.000000,1,1,1,1
150.000000,1,1290,1469,27.000000,1,1,1,1
150.000000,1,304,2076,30.000000,1,1,1,1
150.000000,1,1890,965,20.000000,1,1,1,0
150.000000,1,304,2452,34.000000,0,1,-1,1
150.000000,1,1314,2291,25.000000,1,1,1,1
150.000000,1,1559,2036,23.000000,1,3,3,1
150.000000,1,768,2259,25.000000,1,1,1,1
150.000000,1,974,1877,30.000000,1,3,3,1
150.000000,1,1378,1998,55.000000,1,3,3,1
150.000000,1,367,2221,18.000000,1,1,1,1
150.000000,1,778,1979,18.000000,1,1,1,1
150.000000,1,526,1617,35.000000,0,1,-1,1
150.000000,1,1391,1358,35.000000,0,1,-1,0
150.000000,1,561,2135,40.000000,0,1,-1,1
150.000000,1,408,2318,28.000000,1,1,1,1
150.000000,1,1103,2322,35.000000,1,1,1,1
150.000000,1,1068,2380,23.000000,1,1,1,1
150.000000,1,824,2242,33.000000,0,1,-1,1
150.000000,1,577,2315,31.000000,1,1,1,1
150.000000,1,1290,2432,20.000000,1,1,1,1
150.000000,1,1501,304,30.000000,1,1,1,0
150.000000,1,1020,1505,29.000000,1,3,3,1
150.000000,1,806,551,18.000000,1,1,1,0
150.000000,1,808,2258,30.000000,1,1,1,1
150.000000,1,1321,746,26.000000,1,1,1,0
150.000000,1,459,2185,26.000000,1,1,1,1
150.000000,1,511,2253,42.000000,1,1,1,1
150.000000,1,1169,594,31.000000,1,1,1,0
150.000000,1,855,1869,30.000000,0,1,-1,1
150.000000,1,583,2145,32.000000,0,1,-1,1
150.000000,1,1120,2254,25.000000,1,1,1,1
150.000000,1,1677,1382,29.000000,1,1,1,0
150.000000,1,138,2959,31.000000,1,3,3,1
150.000000,1,1220,657,30.000000,1,3,3,0
150.000000,1,540,2205,35.000000,0,1,-1,1
150.000000,1,1098,853,26.000000,1,1,1,0
150.000000,1,310,2012,32.000000,0,1,-1,1
150.000000,1,888,1070,30.000000,0,1,-1,1
150.000000,1,409,2451,35.000000,0,1,-1,1
150.000000,1,748,1384,31.000000,1,1,1,1
150.000000,1,1472,1381,36.000000,0,1,-1,0
150.000000,1,646,2263,27.000000,1,3,3,1
150.000000,1,820,1424,34.000000,1,2,2,1
150.000000,1,1354,2117,45.000000,1,1,1,1
150.000000,1,564,2492,33.000000,1,1,1,1
150.000000,1,440,2260,25.000000,1,1,1,1
150.000000,1,268,2160,28.000000,1,3,3,1
150.000000,1,1675,877,37.000000,1,3,3,0
150.000000,1,889,2051,20.000000,1,1,1,1
150.000000,1,760,1178,30.000000,1,3,3,1
150.000000,1,1799,222,27.000000,1,3,3,0
150.000000,1,422,2620,30.000000,1,3,3,1
150.000000,1,1122,2240,34.000000,1,1,1,1
150.000000,1,172,2069,30.000000,1,1,1,1
150.000000,1,1244,2275,34.000000,1,1,1,1
150.000000,1,723,1944,26.000000,1,1,1,1
150.000000,1,1464,1673,46.000000,1,3,3,1
150.000000,1,1356,2251,28.000000,1,2,2,1
150.000000,1,1056,1925,28.000000,1,3,3,1
150.000000,1,696,2092,33.000000,0,1,-1,1
150.000000,1,744,2210,53.000000,1,1,1,1
150.000000,1,1173,2324,20.000000,1,1,1,1
150.000000,1,1908,1398,27.000000,1,1,1,0
150.000000,1,551,2012,41.000000,1,3,3,1
150.000000,1,588,2180,18.000000,1,1,1,1
150.000000,1,548,2134,37.000000,0,1,-1,1
150.000000,1,1335,1457,30.000000,1,1,1,1
150.000000,1,1200,1360,29.000000,1,3,3,1
127.000000,2,2703,1121,31.000000,1,3,3,0
150.000000,1,857,1267,30.000000,1,2,2,1
150.000000,1,917,1547,33.000000,1,3,3,1
130.000000,2,3268,1340,22.000000,1,1,1,0
150.000000,1,566,682,18.000000,1,1,1,1
150.000000,1,988,2075,36.000000,1,1,1,1
150.000000,1,821,1369,26.000000,1,1,1,1
148.000000,2,2945,1050,23.000000,1,1,1,0
150.000000,1,772,1785,30.000000,1,3,3,1
150.000000,1,1325,2132,18.000000,1,1,1,1
150.000000,1,955,1174,25.000000,1,1,1,1
90.000000,2,3007,834,26.000000,1,3,3,0
150.000000,1,1318,1181,49.000000,1,1,1,0
150.000000,1,1776,1003,28.000000,1,1,1,0
150.000000,1,1312,1373,21.000000,1,1,1,1
150.000000,1,787,2040,32.000000,0,1,-1,1
150.000000,1,1067,2662,36.000000,0,1,-1,1
102.000000,2,3632,1044,28.000000,1,3,3,0
150.000000,1,1343,2260,42.000000,0,1,-1,1
150.000000,1,1199,828,29.000000,1,1,1,0
150.000000,1,762,804,18.000000,1,1,1,1
150.000000,1,376,2643,31.000000,1,1,1,1
150.000000,1,630,1502,34.000000,0,1,-1,1
107.000000,2,3690,848,25.000000,1,1,1,0
150.000000,1,1309,1607,27.000000,1,1,1,1
150.000000,1,912,1453,32.000000,1,1,1,1
150.000000,1,1149,2463,28.000000,1,1,1,1
150.000000,1,1126,2340,28.000000,1,1,1,1
150.000000,1,1277,1686,33.000000,1,2,2,1
73.000000,2,2366,925,28.000000,1,3,3,0
150.000000,1,1647,1439,30.000000,1,1,1,0
150.000000,1,1324,1058,30.000000,1,1,1,0
150.000000,1,1073,875,33.000000,1,3,3,0
150.000000,1,1277,2405,46.000000,0,1,-1,1
150.000000,1,1163,1333,22.000000,1,1,1,1
150.000000,1,1374,1473,20.000000,1,1,1,1
150.000000,1,1198,1438,36.000000,0,1,-1,1
150.000000,1,1260,2668,22.000000,1,1,1,1
109.000000,2,2415,1257,36.000000,1,1,1,0
150.000000,1,426,1972,29.000000,0,1,-1,1
150.000000,1,408,1367,32.000000,1,1,1,1
150.000000,1,757,1528,29.000000,1,1,1,1
150.000000,1,688,1428,35.000000,1,3,3,1
150.000000,1,1343,1302,31.000000,1,1,1,0
150.000000,1,1120,2321,23.000000,1,3,3,1
150.000000,1,1507,1100,29.000000,1,1,1,0
150.000000,1,634,1582,53.000000,1,3,3,1
150.000000,1,572,2660,36.000000,1,2,2,1
150.000000,1,1472,1132,26.000000,1,1,1,0
150.000000,1,211,1734,38.000000,1,1,1,1
150.000000,1,1814,945,27.000000,1,3,3,0
150.000000,1,736,1748,25.000000,1,1,1,1
150.000000,1,1397,1311,25.000000,1,1,1,0
150.000000,1,1491,1138,61.000000,1,1,1,0
150.000000,1,431,2667,34.000000,0,1,-1,1
150.000000,1,737,1902,25.000000,1,1,1,1
150.000000,1,1519,866,28.000000,1,3,3,0
150.000000,1,1460,2457,30.000000,0,1,-1,1
150.000000,1,1610,1368,31.000000,1,3,3,0
150.000000,1,1147,2410,30.000000,0,1,-1,1
150.000000,1,812,1186,26.000000,1,1,1,1
150.000000,1,596,2299,31.000000,1,3,3,1
120.000000,2,3304,1222,31.000000,1,3,3,0
125.000000,2,2920,1158,35.000000,1,1,1,0
70.000000,2,3382,1144,27.000000,1,3,3,0
150.000000,1,1166,1887,23.000000,1,1,1,1
133.000000,2,3569,1235,27.000000,1,3,3,0
150.000000,1,1350,2116,22.000000,1,1,1,1
150.000000,1,840,1066,27.000000,1,1,1,1
150.000000,1,1368,1295,39.000000,1,1,1,0
150.000000,1,1145,2453,33.000000,1,3,3,1
150.000000,1,1268,2647,26.000000,1,1,1,1
150.000000,1,324,1428,34.000000,1,1,1,1
150.000000,1,832,2266,34.000000,1,1,1,1
102.000000,2,3050,1028,31.000000,1,1,1,0
150.000000,1,1220,1240,30.000000,1,1,1,1
150.000000,1,777,848,36.000000,1,3,3,1
150.000000,1,1268,2534,32.000000,1,1,1,1
150.000000,1,431,1424,33.000000,0,1,-1,1
150.000000,1,948,1595,31.000000,0,1,-1,1
150.000000,1,2047,671,18.000000,1,1,1,0
150.000000,1,570,1473,30.000000,1,1,1,1
150.000000,1,709,1134,30.000000,1,3,3,1
150.000000,1,1136,1243,36.000000,0,1,-1,1
150.000000,1,1464,1788,29.000000,1,1,1,1
150.000000,1,1393,861,31.000000,1,1,1,0
150.000000,1,740,1780,31.000000,1,3,3,1
150.000000,1,567,1774,36.000000,0,1,-1,1
150.000000,1,1268,2651,43.000000,1,1,1,1
138.000000,2,3160,1019,30.000000,1,1,1,0
102.000000,2,2587,876,18.000000,1,1,1,0
150.000000,1,1004,2257,28.000000,1,1,1,1
150.000000,1,627,1769,31.000000,1,1,1,1
150.000000,1,1262,2649,31.000000,0,1,-1,1
150.000000,1,636,1912,25.000000,1,1,1,1
150.000000,1,1142,674,20.000000,1,1,1,0
91.000000,2,3027,1046,23.000000,1,1,1,0
150.000000,1,601,1505,28.000000,1,1,1,1
150.000000,1,1322,1202,34.000000,1,3,3,0
150.000000,1,266,1893,31.000000,1,3,3,1
150.000000,1,1354,2106,46.000000,1,1,1,1
150.000000,1,1268,2384,34.000000,1,1,1,1
150.000000,1,505,2149,31.000000,1,3,3,1
150.000000,1,1466,1371,33.000000,1,2,2,0
150.000000,1,491,1547,19.000000,1,1,1,1
150.000000,1,1465,1678,25.000000,1,1,1,1
150.000000,1,1268,2343,35.000000,1,1,1,1
150.000000,1,905,1376,36.000000,1,1,1,1
150.000000,1,754,1102,35.000000,1,3,3,1
150.000000,1,1259,2547,36.000000,0,1,-1,1
124.000000,2,3160,720,26.000000,1,3,3,0
150.000000,1,736,2662,33.000000,1,1,1,1
150.000000,1,552,2461,48.000000,0,1,-1,1
150.000000,1,1130,943,34.000000,1,1,1,0
150.000000,1,672,2341,33.000000,0,1,-1,1
150.000000,1,752,2648,35.000000,1,2,2,1
150.000000,1,1544,1895,34.000000,1,3,3,1
150.000000,1,481,1898,34.000000,1,3,3,1
150.000000,1,3694,1228,69.000000,1,1,1,0
150.000000,1,1175,909,25.000000,1,1,1,0
150.000000,1,1296,1512,35.000000,1,1,1,1
150.000000,1,1132,1034,61.000000,1,2,2,0
150.000000,1,1668,1128,63.000000,0,1,-1,0
150.000000,1,1161,1411,47.000000,1,3,3,1
113.000000,2,3741,888,30.000000,1,3,3,0
150.000000,1,1368,2060,26.000000,1,1,1,1
150.000000,1,440,2150,30.000000,0,1,-1,1
150.000000,1,1372,628,49.000000,1,3,3,0
150.000000,1,902,1227,18.000000,1,1,1,1
150.000000,1,1227,1828,25.000000,1,1,1,1
150.000000,1,587,1905,39.000000,1,3,3,1
150.000000,1,1268,2519,28.000000,1,1,1,1
150.000000,1,1668,1104,28.000000,1,1,1,0
136.000000,2,3572,900,18.000000,1,1,1,0
150.000000,1,1146,1262,30.000000,1,3,3,1
150.000000,1,1012,844,18.000000,1,1,1,0
150.000000,1,1501,912,32.000000,1,1,1,0
135.000000,2,2815,1077,20.000000,1,1,1,0
150.000000,1,1087,2474,36.000000,0,1,-1,1
150.000000,1,1312,1226,20.000000,1,1,1,0
150.000000,1,1811,994,33.000000,1,1,1,0
90.000000,2,3718,681,28.000000,1,3,3,0
150.000000,1,1672,826,31.000000,1,1,1,0
150.000000,1,1180,1897,30.000000,1,3,3,1
150.000000,1,1268,2647,32.000000,1,2,2,1
150.000000,1,816,1589,33.000000,1,2,2,1
150.000000,1,736,2655,29.000000,1,1,1,1
150.000000,1,1167,1236,27.000000,1,1,1,1
150.000000,1,1327,1252,30.000000,1,1,1,0
73.000000,2,2840,1143,41.000000,1,1,1,0
150.000000,1,960,1637,30.000000,1,1,1,1
150.000000,1,1379,1419,29.000000,1,1,1,1
150.000000,1,1343,1345,34.000000,1,2,2,1
150.000000,1,704,2556,31.000000,0,1,-1,1
150.000000,1,759,2540,30.000000,1,1,1,1
150.000000,1,788,1729,18.000000,1,1,1,1
101.000000,2,3507,924,32.000000,1,1,1,0
150.000000,1,937,838,25.000000,1,1,1,0
150.000000,1,886,954,18.000000,1,1,1,1
150.000000,1,720,1737,32.000000,1,1,1,1
150.000000,1,1951,1016,20.000000,1,1,1,0
150.000000,1,1144,2388,29.000000,1,1,1,1
150.000000,1,963,940,27.000000,1,1,1,0
150.000000,1,429,2056,33.000000,0,1,-1,1
150.000000,1,1564,88,25.000000,1,1,1,0
150.000000,1,1528,699,48.000000,1,2,2,0
150.000000,1,1267,2640,32.000000,1,3,3,1
150.000000,1,1251,1482,26.000000,1,1,1,1
150.000000,1,1087,1031,29.000000,1,3,3,0
150.000000,1,1346,1486,26.000000,1,1,1,1
132.000000,2,2417,1505,25.000000,1,1,1,0
150.000000,1,1387,1107,69.000000,1,1,1,0
150.000000,1,1558,1012,29.000000,1,1,1,0
150.000000,1,848,1704,26.000000,1,1,1,1
143.000000,2,3690,1134,30.000000,1,1,1,0
150.000000,1,1119,843,58.000000,1,3,3,0
150.000000,1,1374,1771,32.000000,1,1,1,1
150.000000,1,1191,1744,44.000000,1,1,1,1
150.000000,1,546,1848,31.000000,0,1,-1,1
150.000000,1,1700,1140,21.000000,1,1,1,0
150.000000,1,1562,1441,25.000000,1,1,1,0
150.000000,1,819,1998,27.000000,1,3,3,1
149.000000,2,599,2956,20.000000,1,1,1,1
150.000000,1,1304,2342,30.000000,1,1,1,1
116.000000,2,3369,1141,30.000000,1,3,3,0
66.000000,2,2336,1179,49.000000,1,3,3,0
150.000000,1,536,2430,22.000000,1,1,1,1
150.000000,1,1276,1673,18.000000,1,1,1,1
150.000000,1,1800,1249,30.000000,1,1,1,0
150.000000,1,1372,1155,28.000000,1,1,1,0
150.000000,1,1344,1138,40.000000,1,1,1,0
150.000000,1,1260,2136,42.000000,1,1,1,1
150.000000,1,1689,1380,47.000000,1,1,1,0
150.000000,1,1673,919,18.000000,1,1,1,0
150.000000,1,661,1517,34.000000,1,1,1,1
150.000000,1,875,899,30.000000,1,1,1,1
150.000000,1,1324,1340,41.000000,1,2,2,1
150.000000,1,1941,1043,48.000000,1,2,2,0
139.000000,2,3390,844,27.000000,1,3,3,0
150.000000,1,633,2493,35.000000,0,1,-1,1
150.000000,1,916,1308,30.000000,1,1,1,1
150.000000,1,591,1209,18.000000,1,1,1,1
117.000000,2,3015,1053,29.000000,1,1,1,0
150.000000,1,1268,2659,34.000000,1,1,1,1
150.000000,1,1266,1923,46.000000,1,1,1,1
74.000000,2,2749,1143,34.000000,1,2,2,0
150.000000,1,658,1887,27.000000,1,1,1,1
150.000000,1,1696,1746,23.000000,1,1,1,1
150.000000,1,1132,904,29.000000,1,1,1,0
150.000000,1,1267,1859,34.000000,1,1,1,1
150.000000,1,1256,2250,41.000000,0,1,-1,1
150.000000,1,1655,804,46.000000,1,2,2,0
150.000000,1,1808,1016,33.000000,1,1,1,0
150.000000,1,1331,930,29.000000,1,1,1,0
150.000000,1,662,1338,35.000000,0,1,-1,1
150.000000,1,736,2015,34.000000,1,3,3,1
150.000000,1,808,1315,29.000000,1,1,1,1
150.000000,1,556,2652,31.000000,1,3,3,1
150.000000,1,1267,2653,32.000000,1,1,1,1
150.000000,1,1263,2348,58.000000,0,1,-1,1
103.000000,2,2787,1295,28.000000,1,1,1,0
150.000000,1,948,1544,34.000000,0,1,-1,1
150.000000,1,1323,1734,30.000000,1,1,1,1
150.000000,1,630,1248,33.000000,1,1,1,1
150.000000,1,635,1546,48.000000,1,1,1,1
150.000000,1,1548,1233,23.000000,1,1,1,0
150.000000,1,1280,2442,27.000000,1,1,1,1
150.000000,1,1468,1376,33.000000,1,1,1,0
150.000000,1,1124,1539,45.000000,1,2,2,1
150.000000,1,1229,1159,28.000000,1,1,1,0
150.000000,1,1312,1549,38.000000,0,1,-1,1
150.000000,1,1336,1193,30.000000,1,1,1,0
150.000000,1,1113,1422,18.000000,1,1,1,1
129.000000,2,2701,1377,31.000000,1,1,1,0
103.000000,2,2952,1042,18.000000,1,1,1,0
111.000000,2,3525,703,20.000000,1,1,1,0
150.000000,1,1424,1371,18.000000,1,1,1,0
150.000000,1,1268,2382,28.000000,1,1,1,1
150.000000,1,655,2176,37.000000,0,1,-1,1
150.000000,1,1479,1458,30.000000,1,1,1,0
105.000000,2,2305,1343,48.000000,1,1,1,0
150.000000,1,732,1602,58.000000,1,1,1,1
150.000000,1,1382,1286,35.000000,1,2,2,0
150.000000,1,1228,1407,26.000000,1,1,1,1
150.000000,1,1746,931,31.000000,1,3,3,0
150.000000,1,1876,1074,28.000000,1,1,1,0
150.000000,1,1637,1236,36.000000,1,1,1,0
150.000000,1,654,2264,25.000000,1,1,1,1
150.000000,1,655,1495,48.000000,1,3,3,1
150.000000,1,1520,2120,31.000000,1,1,1,1
150.000000,1,1161,2303,29.000000,1,1,1,1
150.000000,1,314,1358,34.000000,1,2,2,1
150.000000,1,849,1110,33.000000,1,3,3,1
150.000000,1,1268,2559,28.000000,1,1,1,1
134.000000,2,3495,655,30.000000,1,3,3,0
150.000000,1,1261,1641,34.000000,0,1,-1,1
150.000000,1,1193,1256,18.000000,1,1,1,1
150.000000,1,1104,1614,27.000000,1,1,1,1
133.000000,2,2951,820,29.000000,1,1,1,0
150.000000,1,804,1684,27.000000,1,1,1,1
150.000000,1,1452,1428,36.000000,0,1,-1,0
150.000000,1,1293,1490,32.000000,1,2,2,1
129.000000,2,2768,888,33.000000,1,3,3,0
150.000000,1,1166,1792,34.000000,1,1,1,1
150.000000,1,745,1047,32.000000,1,3,3,1
150.000000,1,1252,2650,26.000000,1,1,1,1
150.000000,1,1407,989,29.000000,1,1,1,0
150.000000,1,1268,2479,36.000000,1,1,1,1
108.000000,2,3098,904,18.000000,1,1,1,0
150.000000,1,220,1462,47.000000,1,1,1,1
150.000000,1,1180,2453,41.000000,1,3,3,1
150.000000,1,886,823,20.000000,1,1,1,0
150.000000,1,1468,2364,25.000000,1,1,1,1
150.000000,1,848,896,29.000000,1,1,1,1
150.000000,1,1252,2537,25.000000,1,1,1,1
150.000000,1,658,1496,27.000000,1,1,1,1
150.000000,1,1284,1503,36.000000,0,1,-1,1
89.000000,2,2971,1039,25.000000,1,1,1,0
150.000000,1,1257,2047,18.000000,1,1,1,1
150.000000,1,565,787,21.000000,1,1,1,1
150.000000,1,948,1236,36.000000,1,1,1,1
150.000000,1,1529,1444,31.000000,1,1,1,0
150.000000,1,1357,1060,26.000000,1,1,1,0
150.000000,1,625,1061,18.000000,1,1,1,1
101.000000,2,3496,710,26.000000,1,3,3,0
150.000000,1,668,1511,80.000000,0,1,-1,1
150.000000,1,419,1132,32.000000,1,1,1,1
150.000000,1,1591,1445,33.000000,0,1,-1,0
145.000000,2,3349,820,25.000000,1,1,1,0
150.000000,1,1268,2674,35.000000,1,1,1,1
150.000000,1,448,1131,22.000000,1,1,1,1
150.000000,1,893,1791,35.000000,1,1,1,1
150.000000,1,656,875,38.000000,1,1,1,1
150.000000,1,766,1334,43.000000,1,1,1,1
112.000000,2,2567,1106,73.000000,1,1,1,0
150.000000,1,1476,1593,32.000000,1,1,1,1
121.000000,2,556,3176,35.000000,1,1,1,1
150.000000,1,640,2558,60.000000,1,1,1,1
150.000000,1,1476,1068,31.000000,1,3,3,0
150.000000,1,1152,2528,37.000000,1,2,2,1
136.000000,2,3437,1216,18.000000,1,1,1,0
150.000000,1,1866,1032,26.000000,1,3,3,0
150.000000,1,1421,865,35.000000,1,1,1,0
150.000000,1,677,2453,25.000000,1,1,1,1
150.000000,1,1160,2654,34.000000,1,1,1,1
150.000000,1,1267,2495,27.000000,1,3,3,1
150.000000,1,1468,1692,18.000000,1,1,1,1
150.000000,1,1160,745,31.000000,1,1,1,0
150.000000,1,1268,2425,52.000000,1,2,2,1
150.000000,1,1256,2348,21.000000,1,1,1,1
150.000000,1,872,1144,33.000000,1,3,3,1
150.000000,1,1304,1496,18.000000,1,1,1,1
150.000000,1,590,1960,36.000000,0,1,-1,1
150.000000,1,1255,1086,27.000000,1,1,1,0
150.000000,1,1391,1071,26.000000,1,3,3,0
150.000000,1,802,2452,30.000000,0,1,-1,1
150.000000,1,999,1485,30.000000,1,3,3,1
150.000000,1,1084,1915,39.000000,1,1,1,1
66.000000,2,3699,1123,25.000000,1,1,1,0
150.000000,1,1072,2546,27.000000,1,1,1,1
150.000000,1,2012,1224,29.000000,1,1,1,0
150.000000,1,1693,1088,18.000000,1,1,1,0
150.000000,1,750,2012,26.000000,1,1,1,1
150.000000,1,1175,1484,29.000000,1,1,1,1
150.000000,1,1460,2081,26.000000,1,3,3,1
150.000000,1,684,2673,40.000000,0,1,-1,1
90.000000,2,2715,726,34.000000,1,2,2,0
150.000000,1,1344,1382,31.000000,1,3,3,1
150.000000,1,1756,896,32.000000,1,1,1,0
150.000000,1,1217,1097,18.000000,1,1,1,0
150.000000,1,1168,2249,96.000000,1,1,1,1
150.000000,1,937,1293,34.000000,1,1,1,1
150.000000,1,1668,1127,28.000000,1,3,3,0
150.000000,1,1275,1757,23.000000,1,1,1,1
150.000000,1,1268,1800,32.000000,1,2,2,1
150.000000,1,513,2693,31.000000,0,1,-1,1
150.000000,1,1115,892,45.000000,1,1,1,0
150.000000,1,1189,1107,26.000000,1,3,3,0
150.000000,1,1883,1083,25.000000,1,1,1,0
150.000000,1,947,1396,31.000000,1,1,1,1
150.000000,1,968,956,30.000000,1,3,3,0
150.000000,1,540,1019,18.000000,1,1,1,1
150.000000,1,1466,1445,25.000000,1,1,1,0
150.000000,1,1078,2025,17.000000,1,1,1,1
150.000000,1,1691,1024,34.000000,1,3,3,0
150.000000,1,1684,2044,44.000000,1,1,1,1
150.000000,1,1841,802,34.000000,1,3,3,0
150.000000,1,785,1441,20.000000,1,1,1,1
150.000000,1,1264,2504,18.000000,1,1,1,1
150.000000,1,728,1182,27.000000,1,1,1,1
150.000000,1,1288,2170,44.000000,1,1,1,1
150.000000,1,1136,2670,32.000000,0,1,-1,1
150.000000,1,1181,1971,31.000000,1,1,1,1
150.000000,1,546,1495,23.000000,1,1,1,1
150.000000,1,1060,2081,27.000000,1,1,1,1
150.000000,1,414,1098,25.000000,1,1,1,1
150.000000,1,1376,1412,34.000000,1,1,1,1
150.000000,1,1136,2381,37.000000,1,1,1,1
150.000000,1,921,845,18.000000,1,1,1,0
150.000000,1,320,2116,29.000000,1,3,3,1
150.000000,1,1289,2336,22.000000,1,1,1,1
150.000000,1,888,916,26.000000,1,1,1,1
150.000000,1,1743,1187,30.000000,1,1,1,0
150.000000,1,1357,1776,32.000000,1,1,1,1
150.000000,1,1353,1145,27.000000,1,1,1,0
150.000000,1,1104,2666,36.000000,0,1,-1,1
150.000000,1,1342,1333,30.000000,1,3,3,0
150.000000,1,1295,1648,28.000000,1,3,3,1
105.000000,2,2932,934,30.000000,1,1,1,0
150.000000,1,716,959,25.000000,1,1,1,1
150.000000,1,335,1262,26.000000,1,1,1,1
150.000000,1,356,1860,18.000000,1,1,1,1
136.000000,2,3890,1028,27.000000,1,1,1,0
150.000000,1,1147,1714,31.000000,1,1,1,1
150.000000,1,1560,925,29.000000,1,1,1,0
150.000000,1,1264,1667,40.000000,0,1,-1,1
150.000000,1,1576,761,22.000000,1,1,1,0
150.000000,1,1263,911,20.000000,1,1,1,0
143.000000,2,2368,1264,36.000000,1,1,1,0
150.000000,1,1332,2270,27.000000,1,1,1,1
150.000000,1,1472,1324,18.000000,1,1,1,0
150.000000,1,359,1924,31.000000,1,2,2,1
150.000000,1,1469,690,27.000000,1,3,3,0
150.000000,1,1266,2650,45.000000,0,1,-1,1
150.000000,1,1134,2194,29.000000,1,1,1,1
150.000000,1,1300,2325,27.000000,1,1,1,1
150.000000,1,1265,1942,27.000000,1,3,3,1
150.000000,1,562,2258,54.000000,1,1,1,1
150.000000,1,1258,2382,30.000000,0,1,-1,1
91.000000,2,2483,1115,33.000000,1,3,3,0
150.000000,1,485,1238,29.000000,1,1,1,1
150.000000,1,603,2257,26.000000,1,1,1,1
150.000000,1,1194,2447,31.000000,1,2,2,1
150.000000,1,873,1081,42.000000,1,2,2,1
150.000000,1,1220,1750,30.000000,1,2,2,1
150.000000,1,1682,1269,29.000000,1,1,1,0
150.000000,1,1540,1423,38.000000,1,1,1,0
150.000000,1,1359,1437,31.000000,1,3,3,1
150.000000,1,342,2252,18.000000,1,1,1,1
150.000000,1,771,1921,31.000000,1,1,1,1
150.000000,1,431,2178,20.000000,1,1,1,1
150.000000,1,1271,1766,39.000000,1,1,1,1
150.000000,1,316,1902,29.000000,1,1,1,1
150.000000,1,1262,2655,30.000000,1,3,3,1
150.000000,1,1517,1071,31.000000,1,3,3,0
150.000000,1,1268,2322,35.000000,1,1,1,1
150.000000,1,1445,1036,33.000000,1,1,1,0
150.000000,1,697,1254,28.000000,0,1,-1,1
150.000000,1,1277,1656,25.000000,1,1,1,1
150.000000,1,1416,622,48.000000,1,1,1,0
150.000000,1,1659,1949,33.000000,1,3,3,1
150.000000,1,1146,1533,18.000000,1,1,1,1
150.000000,1,1152,1888,26.000000,1,1,1,1
150.000000,1,612,1192,29.000000,1,1,1,1
150.000000,1,629,1455,44.000000,1,1,1,1
150.000000,1,1894,1048,30.000000,1,1,1,0
150.000000,1,1753,1278,32.000000,1,1,1,0
150.000000,1,1408,1154,32.000000,1,3,3,0
150.000000,1,969,909,18.000000,1,1,1,0
150.000000,1,623,2245,48.000000,0,1,-1,1
69.000000,2,2718,1275,31.000000,1,1,1,0
150.000000,1,1222,709,25.000000,1,1,1,0
150.000000,1,1438,414,29.000000,1,1,1,0
150.000000,1,582,1576,32.000000,1,3,3,1
74.000000,2,2751,1036,31.000000,1,1,1,0
150.000000,1,1144,1195,20.000000,1,1,1,1
150.000000,1,582,2661,30.000000,0,1,-1,1
150.000000,1,1336,1212,29.000000,1,3,3,0
150.000000,1,1183,2501,30.000000,1,1,1,1
150.000000,1,767,1358,36.000000,1,1,1,1
150.000000,1,622,1317,28.000000,1,1,1,1
150.000000,1,742,2649,40.000000,0,1,-1,1
150.000000,1,1269,1638,33.000000,1,1,1,1
150.000000,1,1141,2457,25.000000,1,1,1,1
150.000000,1,432,1304,35.000000,0,1,-1,1
150.000000,1,1533,2250,31.000000,1,3,3,1
150.000000,1,1023,845,18.000000,1,1,1,0
150.000000,1,1014,726,17.000000,1,1,1,0
150.000000,1,784,2342,24.000000,1,1,1,1
150.000000,1,724,1417,32.000000,1,1,1,1
150.000000,1,879,1554,23.000000,1,3,3,1
150.000000,1,1390,1392,32.000000,1,1,1,1
150.000000,1,834,2220,30.000000,0,1,-1,1
84.000000,2,2782,931,33.000000,1,1,1,0
150.000000,1,1085,1941,30.000000,0,1,-1,1
150.000000,1,1905,726,28.000000,1,1,1,0
150.000000,1,688,2352,34.000000,0,1,-1,1
84.000000,2,3440,763,29.000000,1,1,1,0
150.000000,1,504,1797,36.000000,1,3,3,1
150.000000,1,1528,1522,27.000000,1,1,1,0
104.000000,2,3177,909,30.000000,1,3,3,0
150.000000,1,1107,1342,31.000000,1,1,1,1
150.000000,1,1668,1120,18.000000,1,1,1,0
150.000000,1,1965,763,31.000000,1,2,2,0
150.000000,1,464,2049,31.000000,1,1,1,1
150.000000,1,1257,1627,27.000000,1,1,1,1
126.000000,2,3247,613,18.000000,1,1,1,0
150.000000,1,996,1225,29.000000,1,3,3,1
150.000000,1,1275,1847,31.000000,0,1,-1,1
150.000000,1,893,1313,33.000000,1,3,3,1
150.000000,1,1466,1611,35.000000,1,3,3,1
150.000000,1,1079,885,25.000000,1,1,1,0
150.000000,1,1106,1220,35.000000,1,1,1,1
127.000000,2,3192,1016,27.000000,1,3,3,0
150.000000,1,1517,1240,31.000000,1,3,3,0
150.000000,1,1331,1554,20.000000,1,1,1,1
150.000000,1,1301,2245,30.000000,1,1,1,1
150.000000,1,1156,2526,40.000000,0,1,-1,1
150.000000,1,1377,1319,27.000000,1,3,3,0
141.000000,2,2681,1242,28.000000,1,1,1,0
150.000000,1,460,1952,18.000000,1,1,1,1
150.000000,1,1148,907,30.000000,1,3,3,0
150.000000,1,790,2055,25.000000,1,1,1,1
112.000000,2,3528,1064,25.000000,1,1,1,0
150.000000,1,447,2022,29.000000,1,1,1,1
150.000000,1,1360,2439,18.000000,1,1,1,1
150.000000,1,1456,885,30.000000,1,2,2,0
150.000000,1,1419,1201,46.000000,0,1,-1,0
150.000000,1,1144,2540,37.000000,1,1,1,1
150.000000,1,1272,2436,30.000000,1,1,1,1
150.000000,1,1304,1406,29.000000,1,1,1,1
150.000000,1,1712,844,26.000000,1,3,3,0
150.000000,1,550,2114,42.000000,0,1,-1,1
150.000000,1,1267,1673,27.000000,1,1,1,1
150.000000,1,1138,2171,30.000000,1,1,1,1
150.000000,1,1556,1436,31.000000,1,1,1,0
143.000000,2,3601,1031,20.000000,1,1,1,0
150.000000,1,1455,1109,33.000000,1,1,1,0
150.000000,1,1860,1255,32.000000,1,3,3,0
150.000000,1,1198,1243,30.000000,1,3,3,1
150.000000,1,905,2049,32.000000,1,1,1,1
150.000000,1,1346,918,32.000000,1,1,1,0
150.000000,1,1436,1158,21.000000,1,1,1,0
150.000000,1,819,980,23.000000,1,1,1,1
124.000000,2,3280,1102,23.000000,1,1,1,0
150.000000,1,1268,2617,33.000000,1,3,3,1
120.000000,2,3686,952,27.000000,1,1,1,0
150.000000,1,1267,2370,26.000000,1,3,3,1
105.000000,2,3379,1038,18.000000,1,1,1,0
150.000000,1,1331,1378,30.000000,1,1,1,1
127.000000,2,3154,726,30.000000,1,3,3,0
150.000000,1,692,1473,37.000000,0,1,-1,1
150.000000,1,1339,1058,23.000000,1,1,1,0
150.000000,1,927,2046,29.000000,1,3,3,1
150.000000,1,2208,845,43.000000,1,2,2,0
150.000000,1,1268,1637,31.000000,1,2,2,1
150.000000,1,1242,577,28.000000,1,1,1,0
150.000000,1,1268,2120,30.000000,1,3,3,1
150.000000,1,1337,1766,32.000000,1,1,1,1
150.000000,1,1357,2111,27.000000,1,1,1,1
108.000000,2,3254,475,27.000000,1,1,1,0
150.000000,1,1267,2660,31.000000,1,1,1,1
150.000000,1,1175,1033,33.000000,1,2,2,0
150.000000,1,1255,2673,34.000000,0,1,-1,1
150.000000,1,912,1886,26.000000,1,1,1,1
150.000000,1,1612,1886,32.000000,1,1,1,1
150.000000,1,2174,1019,84.000000,1,1,1,0
150.000000,1,1772,880,50.000000,1,3,3,0
150.000000,1,946,1115,31.000000,1,1,1,1
150.000000,1,704,2151,30.000000,1,1,1,1
150.000000,1,1400,1136,48.000000,1,3,3,0
145.000000,2,3544,1071,24.000000,1,1,1,0
150.000000,1,1627,1276,25.000000,1,1,1,0
113.000000,2,3094,1228,29.000000,1,3,3,0
150.000000,1,324,1553,18.000000,1,1,1,1
121.000000,2,2819,1247,43.000000,1,2,2,0
150.000000,1,1504,2080,39.000000,1,1,1,1
150.000000,1,1123,832,29.000000,1,1,1,0
150.000000,1,876,1236,39.000000,1,1,1,1
150.000000,1,526,1766,36.000000,1,3,3,1
150.000000,1,1120,1409,18.000000,1,1,1,1
150.000000,1,348,1227,26.000000,1,1,1,1
150.000000,1,1268,2659,29.000000,1,1,1,1
150.000000,1,774,2252,28.000000,1,3,3,1
150.000000,1,745,832,18.000000,1,1,1,1
136.000000,2,3590,753,28.000000,1,1,1,0
150.000000,1,658,1769,32.000000,1,1,1,1
150.000000,1,753,2319,40.000000,0,1,-1,1
150.000000,1,537,2242,42.000000,0,1,-1,1
150.000000,1,1876,1030,38.000000,1,1,1,0
150.000000,1,2029,1231,32.000000,1,1,1,0
147.000000,2,3497,1063,18.000000,1,1,1,0
150.000000,1,1478,2239,35.000000,1,2,2,1
150.000000,1,572,2648,45.000000,0,1,-1,1
150.000000,1,859,1497,27.000000,1,1,1,1
137.000000,2,3451,1238,30.000000,1,3,3,0
150.000000,1,1272,2313,27.000000,1,1,1,1
150.000000,1,621,1191,29.000000,1,1,1,1
150.000000,1,1319,1611,25.000000,1,1,1,1
150.000000,1,1268,2563,29.000000,1,1,1,1
150.000000,1,2037,200,20.000000,1,1,1,0
150.000000,1,704,1563,28.000000,1,1,1,1
116.000000,2,2915,857,32.000000,1,1,1,0
150.000000,1,1268,1543,57.000000,0,1,-1,1
144.000000,2,2274,1235,25.000000,1,1,1,0
150.000000,1,214,2205,28.000000,0,1,-1,1
150.000000,1,1473,693,20.000000,1,1,1,0
90.000000,2,3093,921,30.000000,1,1,1,0
150.000000,1,877,1947,30.000000,1,1,1,1
150.000000,1,1235,2144,34.000000,1,2,2,1
150.000000,1,773,1564,31.000000,1,3,3,1
150.000000,1,1088,2384,30.000000,1,1,1,1
150.000000,1,1285,2039,28.000000,1,1,1,1
131.000000,2,3779,537,27.000000,1,3,3,0
150.000000,1,1252,2517,20.000000,1,1,1,1
140.000000,2,3506,1055,30.000000,1,3,3,0
150.000000,1,1156,1461,27.000000,1,1,1,1
150.000000,1,1356,1544,31.000000,1,3,3,1
150.000000,1,1143,2557,34.000000,1,1,1,1
150.000000,1,1268,2340,31.000000,1,1,1,1
150.000000,1,1352,1312,18.000000,1,1,1,0
150.000000,1,1353,1453,33.000000,0,1,-1,1
150.000000,1,1341,1651,29.000000,1,1,1,1
150.000000,1,1488,1311,47.000000,1,2,2,0
150.000000,1,1349,2172,28.000000,0,1,-1,1
150.000000,1,1273,1424,43.000000,0,1,-1,1
150.000000,1,2199,864,27.000000,1,1,1,0
115.000000,2,2489,1373,39.000000,1,2,2,0
150.000000,1,1096,2662,26.000000,1,1,1,1
150.000000,1,1132,2652,31.000000,1,3,3,1
150.000000,1,1180,1480,33.000000,1,1,1,1
150.000000,1,1254,2652,25.000000,1,1,1,1
150.000000,1,1725,1336,30.000000,1,1,1,0
120.000000,2,3064,516,20.000000,1,1,1,0
150.000000,1,1480,1128,25.000000,1,1,1,0
150.000000,1,1308,1353,46.000000,1,1,1,1
150.000000,1,1260,2375,35.000000,1,1,1,1
114.000000,2,2775,1072,26.000000,1,1,1,0
146.000000,2,3883,1014,26.000000,1,3,3,0
150.000000,1,1177,2455,25.000000,1,1,1,1
150.000000,1,544,1515,39.000000,1,1,1,1
90.000000,2,3192,1047,21.000000,1,1,1,0
150.000000,1,598,1566,26.000000,1,1,1,1
135.000000,2,3583,1035,20.000000,1,1,1,0
150.000000,1,2227,1044,25.000000,1,1,1,0
150.000000,1,1292,2248,45.000000,1,2,2,1
150.000000,1,953,1449,26.000000,1,1,1,1
150.000000,1,912,903,31.000000,1,3,3,0
150.000000,1,840,2131,27.000000,1,1,1,1
150.000000,1,1295,2458,30.000000,1,3,3,1
120.000000,2,3564,683,36.000000,1,3,3,0
150.000000,1,1274,1520,28.000000,1,3,3,1
139.000000,2,2880,1108,27.000000,1,1,1,0
150.000000,1,1432,1256,26.000000,1,1,1,0
150.000000,1,1031,1292,41.000000,1,2,2,1
150.000000,1,732,1928,27.000000,1,3,3,1
150.000000,1,626,1184,52.000000,1,1,1,1
150.000000,1,1260,2387,37.000000,0,1,-1,1
150.000000,1,1159,2664,31.000000,0,1,-1,1
135.000000,2,2945,886,31.000000,1,1,1,0
102.000000,2,2759,1003,29.000000,1,1,1,0
150.000000,1,1252,2680,36.000000,0,1,-1,1
150.000000,1,864,1070,29.000000,1,3,3,1
149.000000,2,3489,816,18.000000,1,1,1,0
122.000000,2,2951,1028,33.000000,1,3,3,0
150.000000,1,678,1334,46.000000,1,2,2,1
150.000000,1,1129,2644,30.000000,1,2,2,1
130.000000,2,560,3569,49.000000,0,1,-1,1
150.000000,1,1441,1376,31.000000,1,3,3,0
150.000000,1,710,1286,33.000000,1,3,3,1
150.000000,1,500,2402,21.000000,1,1,1,1
150.000000,1,544,2706,31.000000,1,3,3,1
150.000000,1,742,1218,28.000000,1,1,1,1
150.000000,1,1268,2635,48.000000,1,1,1,1
150.000000,1,704,1371,28.000000,1,1,1,1
150.000000,1,1833,672,30.000000,1,1,1,0
150.000000,1,1268,2656,18.000000,1,1,1,1
109.000000,2,3642,1034,20.000000,1,1,1,0
150.000000,1,1160,1239,45.000000,1,1,1,1
150.000000,1,1485,888,27.000000,1,1,1,0
150.000000,1,707,1140,40.000000,1,1,1,1
150.000000,1,1436,1728,30.000000,1,3,3,1
150.000000,1,1277,2184,30.000000,1,1,1,1
150.000000,1,640,1849,33.000000,1,1,1,1
150.000000,1,844,1344,26.000000,1,1,1,1
98.000000,2,2636,1058,26.000000,1,1,1,0
150.000000,1,1144,1565,30.000000,1,1,1,1
150.000000,1,1053,1221,34.000000,1,3,3,1
150.000000,1,1274,1634,26.000000,1,1,1,1
150.000000,1,607,2313,36.000000,0,1,-1,1
150.000000,1,1068,1661,37.000000,1,1,1,1
150.000000,1,1251,2533,34.000000,0,1,-1,1
150.000000,1,792,1233,18.000000,1,1,1,1
150.000000,1,1487,1287,40.000000,0,1,-1,0
150.000000,1,1668,875,30.000000,1,3,3,0
150.000000,1,344,1890,20.000000,1,1,1,1
150.000000,1,1430,1230,48.000000,1,1,1,0
150.000000,1,328,1244,48.000000,0,1,-1,1
150.000000,1,773,1222,29.000000,1,1,1,1
150.000000,1,1268,2166,23.000000,1,1,1,1
150.000000,1,1268,2527,31.000000,1,1,1,1
150.000000,1,672,1518,18.000000,1,1,1,1
150.000000,1,856,1900,38.000000,0,1,-1,1
150.000000,1,1198,1562,25.000000,1,1,1,1
150.000000,1,1256,2644,33.000000,1,1,1,1
150.000000,1,964,1930,29.000000,1,1,1,1
150.000000,1,2959,1075,32.000000,1,2,2,0
150.000000,1,1434,1740,25.000000,1,1,1,1
150.000000,1,1060,2413,20.000000,1,1,1,1
150.000000,1,1195,1709,44.000000,1,1,1,1
150.000000,1,1271,1747,26.000000,1,1,1,1
150.000000,1,1268,2349,36.000000,1,3,3,1
150.000000,1,1377,1019,28.000000,1,1,1,0
150.000000,1,834,2030,32.000000,1,1,1,1
150.000000,1,1183,963,35.000000,1,1,1,0
104.000000,2,3136,752,28.000000,1,3,3,0
150.000000,1,1466,1652,31.000000,1,3,3,1
150.000000,1,1278,2467,32.000000,1,3,3,1
150.000000,1,674,759,30.000000,1,1,1,1
150.000000,1,420,1988,22.000000,1,1,1,1
122.000000,2,3202,1293,18.000000,1,1,1,0
108.000000,2,3492,1356,30.000000,1,3,3,0
150.000000,1,1765,1113,25.000000,1,1,1,0
150.000000,1,1268,2653,46.000000,0,1,-1,1
150.000000,1,1189,1064,22.000000,1,1,1,0
150.000000,1,1131,2147,47.000000,0,1,-1,1
150.000000,1,1112,1070,46.000000,1,1,1,0
126.000000,2,2944,923,30.000000,1,2,2,0
150.000000,1,830,1441,25.000000,1,1,1,1
150.000000,1,502,1627,33.000000,1,2,2,1
150.000000,1,2078,1569,25.000000,1,1,1,0
150.000000,1,474,2650,27.000000,1,3,3,1
150.000000,1,935,1989,37.000000,1,3,3,1
150.000000,1,457,1286,20.000000,1,1,1,1
150.000000,1,813,2084,17.000000,1,1,1,1
150.000000,1,1882,1247,25.000000,1,1,1,0
150.000000,1,815,1174,33.000000,1,3,3,1
130.000000,2,765,2908,45.000000,1,3,3,1
150.000000,1,1298,1915,51.000000,0,1,-1,1
150.000000,1,1101,2539,30.000000,0,1,-1,1
150.000000,1,1267,2367,25.000000,1,1,1,1
150.000000,1,711,1999,27.000000,1,3,3,1
143.000000,2,2874,1223,30.000000,1,3,3,0
150.000000,1,597,1661,33.000000,1,1,1,1
150.000000,1,612,1651,39.000000,1,1,1,1
120.000000,2,3510,915,29.000000,1,1,1,0
150.000000,1,340,1632,26.000000,1,1,1,1
150.000000,1,1047,2025,30.000000,1,3,3,1
150.000000,1,753,1187,31.000000,1,3,3,1
150.000000,1,1332,1695,40.000000,1,1,1,1
135.000000,2,3280,959,31.000000,1,1,1,0
150.000000,1,1385,700,31.000000,1,1,1,0
150.000000,1,714,1529,28.000000,1,1,1,1
150.000000,1,1146,2510,22.000000,1,1,1,1
150.000000,1,1559,1440,33.000000,0,1,-1,0
100.000000,2,2738,1288,30.000000,1,1,1,0
150.000000,1,1304,2459,28.000000,1,2,2,1
150.000000,1,1260,2665,44.000000,1,3,3,1
126.000000,2,2876,1144,35.000000,1,1,1,0
150.000000,1,804,1175,35.000000,0,1,-1,1
150.000000,1,384,2274,22.000000,1,1,1,1
150.000000,1,1128,2438,35.000000,1,1,1,1
150.000000,1,3888,1020,31.000000,1,2,2,0
150.000000,1,1542,2101,32.000000,1,1,1,1
106.000000,2,2897,1049,26.000000,1,1,1,0
150.000000,1,1328,1432,29.000000,1,1,1,1
150.000000,1,1268,2639,35.000000,1,3,3,1
150.000000,1,1268,2393,35.000000,1,3,3,1
150.000000,1,1320,701,32.000000,1,1,1,0
99.000000,2,3007,1053,69.000000,1,3,3,0
150.000000,1,1160,2506,32.000000,1,3,3,1
150.000000,1,1888,1129,26.000000,1,1,1,0
150.000000,1,1286,1409,26.000000,1,1,1,1
150.000000,1,1066,802,27.000000,1,1,1,0
150.000000,1,1875,1223,30.000000,1,2,2,0
84.000000,2,2553,1274,32.000000,1,3,3,0
150.000000,1,1476,1265,30.000000,1,3,3,0
150.000000,1,293,1884,26.000000,1,1,1,1
150.000000,1,550,2411,21.000000,1,1,1,1
150.000000,1,656,2680,28.000000,1,1,1,1
141.000000,2,3499,1048,39.000000,1,1,1,0
145.000000,2,2921,919,45.000000,1,1,1,0
95.000000,2,3346,1337,54.000000,1,1,1,0
150.000000,1,1091,836,33.000000,1,3,3,0
150.000000,1,1267,2655,36.000000,0,1,-1,1
104.000000,2,2811,978,20.000000,1,1,1,0
150.000000,1,1202,2220,29.000000,1,1,1,1
150.000000,1,1391,932,37.000000,1,1,1,0
150.000000,1,1293,1464,47.000000,0,1,-1,1
150.000000,1,1330,914,26.000000,1,1,1,0
68.000000,2,2822,910,20.000000,1,1,1,0
150.000000,1,1415,1973,30.000000,1,3,3,1
130.000000,2,3131,1135,62.000000,1,3,3,0
150.000000,1,1296,1286,50.000000,1,1,1,0
150.000000,1,1668,1210,23.000000,1,1,1,0
148.000000,2,3300,1047,44.000000,1,1,1,0
150.000000,1,684,1786,29.000000,1,1,1,1
150.000000,1,1700,1189,31.000000,1,3,3,0
150.000000,1,435,1419,31.000000,1,1,1,1
150.000000,1,1265,2657,31.000000,1,3,3,1
150.000000,1,1723,908,45.000000,1,1,1,0
150.000000,1,1334,1615,23.000000,1,1,1,1
122.000000,2,3386,652,20.000000,1,1,1,0
150.000000,1,1540,1215,32.000000,1,3,3,0
150.000000,1,843,946,31.000000,1,1,1,1
150.000000,1,1154,1010,25.000000,1,1,1,0
150.000000,1,665,2211,28.000000,1,1,1,1
150.000000,1,1606,979,54.000000,1,2,2,0
150.000000,1,808,1434,30.000000,1,1,1,1
83.000000,2,3263,905,28.000000,1,1,1,0
150.000000,1,1290,1676,36.000000,0,1,-1,1
150.000000,1,1268,2471,26.000000,1,1,1,1
150.000000,1,1363,2021,18.000000,1,1,1,1
150.000000,1,1130,2661,31.000000,1,3,3,1
150.000000,1,1348,2428,18.000000,1,1,1,1
150.000000,1,1261,2252,26.000000,1,1,1,1
150.000000,1,1231,1569,26.000000,1,1,1,1
150.000000,1,1268,1848,29.000000,1,1,1,1
111.000000,2,2898,506,25.000000,1,1,1,0
150.000000,1,1728,952,27.000000,1,1,1,0
112.000000,2,3235,1032,27.000000,1,1,1,0
150.000000,1,559,2308,46.000000,1,1,1,1
150.000000,1,857,1165,28.000000,1,3,3,1
136.000000,2,3654,395,29.000000,1,1,1,0
150.000000,1,1268,2445,36.000000,1,1,1,1
150.000000,1,1268,2308,28.000000,1,1,1,1
138.000000,2,2966,1042,57.000000,1,1,1,0
150.000000,1,1403,835,29.000000,1,2,2,0
150.000000,1,1473,1327,35.000000,1,3,3,0
150.000000,1,757,1819,34.000000,1,1,1,1
150.000000,1,1081,1635,31.000000,1,1,1,1
150.000000,1,1702,957,28.000000,1,1,1,0
150.000000,1,1084,2384,18.000000,1,1,1,1
150.000000,1,1169,628,31.000000,1,2,2,0
145.000000,2,3362,1129,33.000000,1,3,3,0
150.000000,1,744,2648,32.000000,1,1,1,1
150.000000,1,1686,869,23.000000,1,1,1,0
150.000000,1,806,1073,18.000000,1,1,1,1
150.000000,1,711,1139,30.000000,1,1,1,1
150.000000,1,1158,1428,30.000000,1,1,1,1
150.000000,1,1192,1728,27.000000,1,1,1,1
150.000000,1,1979,806,31.000000,1,3,3,0
150.000000,1,1424,1188,34.000000,1,3,3,0
150.000000,1,1137,2655,30.000000,1,3,3,1
150.000000,1,1096,2352,32.000000,0,1,-1,1
135.000000,2,3394,1020,28.000000,1,1,1,0
150.000000,1,1263,1574,47.000000,1,3,3,1
150.000000,1,1179,1964,18.000000,1,1,1,1
150.000000,1,1268,2647,25.000000,1,1,1,1
150.000000,1,1252,2498,33.000000,1,1,1,1
150.000000,1,1539,1303,27.000000,1,3,3,0
150.000000,1,1263,2516,20.000000,1,1,1,1
150.000000,1,1100,1415,35.000000,1,1,1,1
150.000000,1,1555,785,51.000000,1,2,2,0
150.000000,1,327,1411,18.000000,1,1,1,1
150.000000,1,552,1929,41.000000,1,1,1,1
150.000000,1,1377,1319,18.000000,1,1,1,0
150.000000,1,763,2330,25.000000,1,1,1,1
150.000000,1,743,2408,40.000000,1,3,3,1
150.000000,1,1824,1124,32.000000,1,3,3,0
150.000000,1,1520,2006,29.000000,1,1,1,1
150.000000,1,1372,1856,30.000000,1,3,3,1
150.000000,1,880,2255,30.000000,1,3,3,1
150.000000,1,1385,1049,25.000000,1,1,1,0
150.000000,1,736,1101,19.000000,1,1,1,1
150.000000,1,959,1838,30.000000,1,3,3,1
150.000000,1,1172,1489,28.000000,1,3,3,1
150.000000,1,880,1019,27.000000,1,3,3,1
150.000000,1,516,1713,42.000000,0,1,-1,1
150.000000,1,764,1938,35.000000,1,3,3,1
150.000000,1,1517,676,34.000000,1,3,3,0
132.000000,2,2585,1321,45.000000,0,1,-1,0
150.000000,1,1150,2654,40.000000,0,1,-1,1
82.000000,2,2848,436,27.000000,1,1,1,0
150.000000,1,1058,1117,33.000000,1,1,1,1
150.000000,1,1198,1848,32.000000,1,1,1,1
150.000000,1,909,1788,18.000000,1,1,1,1
150.000000,1,981,1835,34.000000,0,1,-1,1
150.000000,1,797,1502,31.000000,1,1,1,1
150.000000,1,1419,2087,27.000000,1,3,3,1
88.000000,2,3281,1038,32.000000,1,1,1,0
110.000000,2,3247,1043,30.000000,1,1,1,0
150.000000,1,1239,1370,45.000000,1,1,1,1
150.000000,1,1316,2327,25.000000,1,1,1,1
150.000000,1,1160,2186,35.000000,1,1,1,1
150.000000,1,1452,952,30.000000,1,1,1,0
150.000000,1,711,2297,49.000000,1,1,1,1
120.000000,2,3194,1034,38.000000,1,1,1,0
150.000000,1,1068,2472,60.000000,1,2,2,1
136.000000,2,3897,903,29.000000,1,1,1,0
150.000000,1,1356,1799,29.000000,1,3,3,1
150.000000,1,1261,1809,31.000000,1,1,1,1
150.000000,1,1818,493,18.000000,1,1,1,0
150.000000,1,1264,2681,28.000000,1,1,1,1
150.000000,1,1397,1938,56.000000,1,3,3,1
150.000000,1,1232,1220,28.000000,1,1,1,0
150.000000,1,686,1805,28.000000,1,1,1,1
115.000000,2,2875,692,29.000000,1,1,1,0
150.000000,1,1268,2657,28.000000,1,3,3,1
150.000000,1,1359,1466,26.000000,1,1,1,1
142.000000,2,2630,769,32.000000,1,3,3,0
150.000000,1,267,1844,28.000000,1,1,1,1
150.000000,1,1268,2649,20.000000,1,1,1,1
150.000000,1,1256,2529,48.000000,1,1,1,1
150.000000,1,1268,2663,40.000000,0,1,-1,1
150.000000,1,740,1897,30.000000,1,1,1,1
150.000000,1,330,1616,30.000000,1,1,1,1
150.000000,1,1139,1003,25.000000,1,1,1,0
150.000000,1,1100,2285,31.000000,1,2,2,1
150.000000,1,510,1248,49.000000,1,2,2,1
150.000000,1,1268,2664,34.000000,1,3,3,1
150.000000,1,395,2143,31.000000,1,1,1,1
150.000000,1,1468,1775,32.000000,1,3,3,1
150.000000,1,1287,1269,18.000000,1,1,1,0
150.000000,1,752,1920,28.000000,0,1,-1,1
150.000000,1,1378,2001,18.000000,1,1,1,1
106.000000,2,2950,874,31.000000,1,3,3,0
150.000000,1,1268,2637,33.000000,1,1,1,1
150.000000,1,811,741,31.000000,1,3,3,0
150.000000,1,1267,1053,33.000000,1,1,1,0
150.000000,1,862,909,33.000000,1,1,1,1
150.000000,1,1267,2318,28.000000,1,3,3,1
150.000000,1,676,1981,40.000000,1,1,1,1
150.000000,1,1000,924,30.000000,1,3,3,0
150.000000,1,405,2246,18.000000,1,1,1,1
150.000000,1,1273,695,65.000000,1,1,1,0
150.000000,1,888,1239,28.000000,1,3,3,1
150.000000,1,842,1482,18.000000,1,1,1,1
150.000000,1,1152,1517,27.000000,1,3,3,1
150.000000,1,776,2105,18.000000,1,1,1,1
150.000000,1,465,1078,25.000000,1,1,1,1
150.000000,1,1152,1805,62.000000,1,3,3,1
137.000000,2,3603,1030,31.000000,1,3,3,0
150.000000,1,1248,2381,29.000000,0,1,-1,1
150.000000,1,1281,1429,28.000000,1,2,2,1
150.000000,1,1143,2329,35.000000,1,2,2,1
108.000000,2,2485,1054,28.000000,1,1,1,0
150.000000,1,1136,2497,32.000000,1,1,1,1
150.000000,1,1260,2660,33.000000,1,2,2,1
150.000000,1,680,912,21.000000,1,1,1,1
150.000000,1,1120,2664,29.000000,0,1,-1,1
150.000000,1,1260,2678,31.000000,0,1,-1,1
150.000000,1,1382,1485,31.000000,1,3,3,1
116.000000,2,3222,1054,31.000000,1,1,1,0
150.000000,1,1136,2644,27.000000,1,3,3,1
150.000000,1,278,1516,31.000000,0,1,-1,1
150.000000,1,1452,1028,25.000000,1,3,3,0
150.000000,1,1260,1476,26.000000,1,1,1,1
150.000000,1,1132,2166,32.000000,1,2,2,1
150.000000,1,732,2115,28.000000,1,1,1,1
150.000000,1,536,2120,40.000000,0,1,-1,1
150.000000,1,1267,2526,25.000000,1,1,1,1
150.000000,1,745,1254,20.000000,1,1,1,1
150.000000,1,1560,1348,20.000000,1,1,1,0
150.000000,1,770,1336,45.000000,1,1,1,1
144.000000,2,3506,846,33.000000,1,3,3,0
150.000000,1,868,1284,18.000000,1,1,1,1
150.000000,1,740,2544,31.000000,1,1,1,1
150.000000,1,1268,2005,38.000000,1,1,1,1
150.000000,1,930,1404,31.000000,1,1,1,1
150.000000,1,1360,2070,35.000000,1,2,2,1
150.000000,1,1329,1555,18.000000,1,1,1,1
150.000000,1,1268,2651,23.000000,1,1,1,1
150.000000,1,1681,1701,18.000000,1,1,1,1
136.000000,2,3297,1049,31.000000,1,1,1,0
150.000000,1,1268,2629,18.000000,1,1,1,1
132.000000,2,3683,1220,18.000000,1,1,1,0
150.000000,1,1352,1348,27.000000,1,1,1,0
150.000000,1,1268,2645,33.000000,1,1,1,1
150.000000,1,1520,1728,18.000000,1,1,1,1
150.000000,1,740,1362,28.000000,1,1,1,1
150.000000,1,578,1432,27.000000,1,1,1,1
150.000000,1,620,2668,50.000000,0,1,-1,1
121.000000,2,3442,916,30.000000,1,1,1,0
109.000000,2,3677,920,18.000000,1,1,1,0
150.000000,1,1263,2396,45.000000,0,1,-1,1
150.000000,1,1475,932,18.000000,1,1,1,0
150.000000,1,504,1799,39.000000,1,3,3,1
150.000000,1,718,1624,27.000000,1,1,1,1
150.000000,1,769,1270,31.000000,1,1,1,1
91.000000,2,3691,1046,18.000000,1,1,1,0
150.000000,1,1370,1516,30.000000,1,3,3,1
150.000000,1,1185,1626,27.000000,1,1,1,1
150.000000,1,1271,2443,32.000000,1,1,1,1
150.000000,1,737,2284,25.000000,1,1,1,1
150.000000,1,1133,1157,71.000000,1,3,3,1
150.000000,1,1265,2473,48.000000,0,1,-1,1
150.000000,1,1370,1552,32.000000,1,3,3,1
150.000000,1,1624,1284,18.000000,1,1,1,0
150.000000,1,599,2225,28.000000,1,1,1,1
92.000000,2,3504,983,32.000000,1,1,1,0
150.000000,1,1597,1008,34.000000,1,2,2,0
150.000000,1,541,2324,28.000000,1,3,3,1
150.000000,1,833,1955,33.000000,1,1,1,1
150.000000,1,659,1357,29.000000,1,1,1,1
81.000000,2,3420,1064,31.000000,1,1,1,0
150.000000,1,1276,1571,21.000000,1,1,1,1
111.000000,2,2522,898,18.000000,1,1,1,0
150.000000,1,1335,1592,32.000000,1,3,3,1
150.000000,1,1422,1217,18.000000,1,1,1,0
150.000000,1,1662,863,31.000000,1,1,1,0
150.000000,1,1262,1710,32.000000,1,1,1,1
119.000000,2,3652,1021,20.000000,1,1,1,0
150.000000,1,1013,2111,27.000000,1,1,1,1
150.000000,1,634,1400,29.000000,1,1,1,1
150.000000,1,1143,2341,36.000000,0,1,-1,1
150.000000,1,1246,1130,26.000000,1,1,1,0
150.000000,1,569,1341,27.000000,1,1,1,1
150.000000,1,778,1769,25.000000,1,1,1,1
141.000000,2,3686,680,18.000000,1,1,1,0
150.000000,1,1234,1295,35.000000,1,3,3,1
150.000000,1,1486,1837,30.000000,0,1,-1,1
150.000000,1,1159,1592,26.000000,1,1,1,1
150.000000,1,480,1315,34.000000,1,1,1,1
127.000000,2,3492,1230,30.000000,1,1,1,0
150.000000,1,1443,1098,20.000000,1,1,1,0
150.000000,1,800,1208,26.000000,1,1,1,1
150.000000,1,1590,646,31.000000,1,3,3,0
150.000000,1,1623,1081,27.000000,1,1,1,0
