0,player,node,groups,units,health
15.000000,1,7,[20;20;20;20;20;20],[159;160;161;162;163;165],[0.8;0.8;0.8;0.6;0.8;0.6]
15.000000,0,7,[5;5;5;5;5;5],[34;35;36;37;40;41],[0.8;0.6;0.8;0.6;0.8;0.8]
16.000000,1,7,[20;20;20;20;20;20],[159;160;161;162;163;165],[0.6;0.6;0.4;0.4;0.4;0.4]
16.000000,0,7,[5;5;5;5],[36;37;38;39],[0.2;0.2;0.6;0.8]
19.000000,1,4,[20;20;20;20;20;20],[158;159;160;162;163;164],[0.2;0.0;0.2;0.0;0.2;0.4]
19.000000,0,4,[2;2;2;11;11;11],[12;15;16;83;84;85],[0.92;0.92;0.92;0.92;0.84;0.84]
20.000000,1,4,[20;20;20;20;20;20],[158;160;161;163;164;165],[0.0;0.0;0.0;0.0;0.0;0.0]
20.000000,0,4,[11;11;11;11],[83;84;86;87],[0.84;0.76;0.92;0.76]
27.000000,1,6,[18;18;18],[142;146;148],[2.4;2.6;2.4]
27.000000,0,6,[8;8;8;8;8],[58;59;60;62;65],[0.8;0.8;0.9;0.9;0.8]
28.000000,1,6,[18;18;18;18;18;18],[143;144;145;146;148;149],[2.8;2.6;2.8;2.4;2.0;2.8]
28.000000,0,6,[8;8;8;8;8;8],[59;61;62;63;64;65],[0.7;0.8;0.8;0.9;0.8;0.7]
29.000000,1,6,[18;18;18;18;18],[142;143;145;148;149],[2.2;2.6;2.2;1.6;2.6]
29.000000,0,6,[8;8;8;8;8],[58;61;62;63;65],[0.7;0.7;0.7;0.5;0.6]
29.000000,1,7,[22;22;22;22;22;22],[176;177;178;179;180;181],[1.8;1.8;1.8;1.6;1.6;1.8]
29.000000,0,7,[2;2;2;2],[10;12;16;17],[0.963636;0.883636;0.883636;0.818182]
30.000000,1,7,[22;22;22;22;22],[174;175;178;179;180],[1.6;1.8;1.6;1.0;1.4]
30.000000,0,7,[2;2;2;2;2],[10;13;14;15;16],[0.890909;0.963636;0.890909;0.883636;0.847273]
31.000000,1,7,[22;22;22;22;22],[176;177;178;179;181],[1.6;1.2;1.4;0.6;1.6]
31.000000,0,7,[2;2;2;2;2],[10;12;13;14;16],[0.781818;0.810909;0.927273;0.854545;0.810909]
31.000000,1,10,[14;14;14;13;13;13],[111;113;114;102;103;104],[0.96;0.96;0.96;1.828571;1.942857;1.942857]
31.000000,0,10,[6;6;6;6;6;6;6],[42;43;44;45;47;48;49],[2.4;2.6;2.9;2.6;2.9;2.7;2.5]
32.000000,1,10,[14;14;14;13;13;13;13],[110;111;112;103;106;107;108],[0.92;0.92;0.96;1.885714;1.942857;1.942857;1.942857]
32.000000,0,10,[6;6;6;6;6;6;6],[42;44;45;46;47;48;49],[2.2;2.4;2.3;2.4;2.8;2.4;2.1]
33.000000,1,10,[14;14;13;13;13;13],[112;114;102;103;108;109],[0.88;0.88;1.771429;1.828571;1.885714;1.942857]
33.000000,0,10,[6;6;6;6;6;6;6],[42;43;44;45;46;47;49],[1.9;2.5;2.1;1.8;2.0;2.2;1.9]
34.000000,1,9,[18;18;18;18],[142;146;147;148],[1.694737;2.273684;2.873684;1.347368]
34.000000,0,9,[8;8;8;8;8],[58;59;60;62;65],[0.6;0.6;0.7;0.5;0.4]
34.000000,1,10,[14;14;14;14;13;13],[110;111;114;115;107;109],[0.88;0.84;0.84;0.96;1.828571;1.885714]
34.000000,0,10,[6;6;6;6;6;6],[42;43;44;45;48;49],[1.5;1.9;1.6;1.5;2.2;1.5]
35.000000,1,9,[18;18;18;18;18;18],[143;144;145;146;147;149],[2.473684;2.473684;2.073684;2.147368;2.747368;2.221053]
35.000000,0,9,[8;8;8;8;8;8],[58;59;60;61;62;63],[0.5;0.5;0.6;0.6;0.2;0.4]
36.000000,1,5,[19;19;19;19;19],[151;152;155;156;157],[1.8;1.8;1.4;1.6;1.8]
36.000000,0,5,[5;5;5;5],[34;35;40;41],[0.6;0.3;0.7;0.6]
36.000000,1,8,[17;17;17;17],[137;138;140;141],[0.92;0.92;0.96;0.88]
36.000000,0,8,[9;9;9;9;9],[67;68;69;70;72],[2.6;2.8;2.6;2.8;2.6]
41.000000,1,8,[24;24;24;24;24;24;24;24],[190;192;193;194;198;199;200;201],[2.733333;2.733333;2.8;2.533333;2.866667;2.866667;2.933333;2.933333]
41.000000,0,8,[9;9;9;8;8;8;8;8],[68;70;72;58;59;62;64;65],[2.7;2.6;2.5;0.4;0.4;0.1;0.5;0.2]
42.000000,1,8,[24;24;24;24;24;24;24;24;24],[190;192;194;195;196;197;199;200;201],[2.666667;2.533333;2.4;2.733333;2.466667;2.866667;2.8;2.8;2.866667]
42.000000,0,8,[9;9;9;9;9;8;8;8;8],[67;69;70;71;73;58;61;64;65],[2.5;2.5;2.5;2.9;2.9;0.3;0.3;0.4;0.0]
43.000000,1,8,[24;24;24;24;24;24],[190;192;193;195;198;201],[2.6;2.4;2.666667;2.666667;2.8;2.8]
43.000000,0,8,[9;9;9;9;9;9],[66;67;68;69;72;73],[2.8;2.1;2.5;2.4;2.3;2.8]
45.000000,1,9,[17;19;19;19],[134;153;154;157],[0.854545;1.786667;1.786667;1.693333]
45.000000,0,9,[8;8;8;8;8;8;8],[58;59;60;61;62;63;64],[0.0;0.3;0.4;0.0;0.0;0.0;0.1]
45.000000,1,10,[14;14;14;14;23;15;15],[111;113;115;117;182;121;123],[0.76;0.92;0.92;0.96;0.96;2.933333;2.933333]
45.000000,0,10,[6;6;6;6;6;6;6;6],[42;43;44;45;46;47;48;49],[0.6;1.4;1.3;1.4;1.0;2.0;1.6;1.1]
46.000000,1,9,[17;17;17],[136;137;139],[0.927273;0.847273;0.927273]
46.000000,0,9,[8;8;8],[59;60;64],[0.0;0.0;0.0]
46.000000,1,10,[14;14;14;15;15],[113;115;117;118;120],[0.84;0.88;0.92;2.866667;2.866667]
46.000000,0,10,[6;6;6;6;6;6;6;6],[42;43;44;45;46;47;48;49],[0.0;1.0;0.5;1.0;0.3;1.6;1.3;0.7]
47.000000,1,10,[14;14;14;23;23],[113;114;115;185;188],[0.8;0.8;0.84;0.96;0.88]
47.000000,0,10,[6;6;6;6;6;6],[44;45;46;47;48;49],[0.3;0.6;0.0;0.8;0.5;0.3]
48.000000,1,9,[17;17;17;24;24;24;24;24],[134;135;138;191;193;195;197;199],[0.818182;0.963636;0.883636;2.936842;2.603509;2.603509;2.803509;2.736842]
48.000000,0,9,[9;9;9;9;9;9;9],[66;67;69;70;71;72;73],[2.5;1.3;2.1;1.9;2.7;1.8;2.7]
48.000000,1,10,[14;14;14;14;14],[110;113;114;116;117],[0.84;0.76;0.76;0.92;0.88]
48.000000,0,10,[6;6;6;6;6;6],[43;44;45;47;48;49],[0.6;0.0;0.2;0.0;0.0;0.0]
49.000000,1,3,[21;21;21;21;21;21;21;21],[166;167;168;169;170;171;172;173],[2.8;2.5;2.6;2.8;2.8;2.1;2.2;2.2]
49.000000,0,3,[11;11;11;1;2;2;2;2],[82;84;89;3;10;12;13;17],[0.963636;0.723636;0.963636;1.946667;0.745455;0.774545;0.890909;0.781818]
49.000000,1,10,[14;14],[111;114],[0.72;0.72]
49.000000,0,10,[6;6],[43;45],[0.0;0.0]
50.000000,1,3,[21;21;21;21;21;21;21;21],[166;167;168;169;170;171;172;173],[2.5;2.0;1.7;1.9;2.4;1.7;1.8;2.0]
50.000000,0,3,[11;11;1;2;2;2;2],[82;89;3;13;14;15;16],[0.927273;0.927273;1.893333;0.854545;0.818182;0.810909;0.774545]
51.000000,1,3,[21;21;21;21;21;21;21;21],[166;167;168;169;170;171;172;173],[1.7;1.9;1.6;1.8;2.0;1.5;1.5;1.6]
51.000000,0,3,[11;11;11;1;1;1],[82;86;88;3;5;8],[0.890909;0.847273;0.927273;1.84;1.946667;1.946667]
54.000000,1,4,[13;13;13;13],[105;106;107;109],[1.6;1.142857;1.628571;1.685714]
54.000000,0,4,[2;2;2;2;2],[10;11;12;13;16],[0.705455;0.92;0.734545;0.814545;0.654545]
54.000000,1,7,[23;23;23;23;23],[182;183;184;185;186],[0.86;0.6;0.9;0.86;0.9]
54.000000,0,7,[4;4;4;4;4],[27;29;30;31;32],[1.6;1.6;1.6;1.8;1.8]
55.000000,1,4,[13;13;13;13;13],[104;105;106;107;108],[1.742857;1.0;0.942857;1.228571;1.685714]
55.000000,0,4,[2;2;2;2;2;2;2],[11;12;13;14;15;16;17],[0.88;0.694545;0.774545;0.738182;0.770909;0.614545;0.741818]
55.000000,1,5,[18;18;18;18],[146;147;148;149],[1.947368;2.647368;1.147368;1.921053]
55.000000,0,5,[9;9;9;9;9],[67;68;69;71;73],[1.236842;2.436842;1.973684;2.573684;2.573684]
55.000000,1,7,[23;23;23;23;23;23;23],[182;184;185;186;187;188;189],[0.46;0.7;0.46;0.2;0.6;0.68;0.9]
55.000000,0,7,[4;4;11;11;11],[26;29;87;88;89],[1.8;1.2;0.36;0.727273;0.527273]
56.000000,1,4,[13;13;13;21;21],[103;104;109;166;168],[1.628571;1.542857;1.285714;1.3;1.2]
56.000000,0,4,[2;2;2;2;2;2;2],[10;11;12;14;15;16;17],[0.545455;0.76;0.654545;0.698182;0.690909;0.494545;0.661818]
56.000000,1,5,[18;18;18;18;18],[142;143;144;145;146],[1.594737;2.373684;2.173684;1.873684;1.847368]
56.000000,0,5,[9;9;9;9;9],[68;69;71;72;73],[2.373684;1.910526;2.447368;1.673684;2.447368]
56.000000,1,7,[23;23;23;23;23],[182;184;186;188;189],[0.36;0.6;0.1;0.48;0.6]
56.000000,0,7,[4;4;4;4;4],[27;29;30;32;33],[1.2;0.8;1.4;1.4;1.8]
57.000000,1,4,[13;13;13;21;21;21],[105;107;108;166;167;173],[0.8;1.028571;1.485714;0.9;1.7;1.2]
57.000000,0,4,[2;2;2;2;2;2;2;2],[10;11;12;13;14;15;16;17],[0.465455;0.68;0.614545;0.694545;0.618182;0.570909;0.454545;0.541818]
57.000000,1,5,[18;18;18;18;18],[142;144;146;147;149],[1.494737;1.973684;1.647368;2.447368;1.821053]
57.000000,0,5,[9;9;9;9;9],[66;68;69;72;73],[2.436842;2.310526;1.784211;1.484211;2.384211]
57.000000,1,7,[23;23;23;23;23],[183;184;185;187;188],[0.4;0.4;0.26;0.5;0.38]
57.000000,0,7,[4;4;4;4;4],[26;27;28;31;33],[1.2;1.0;1.8;1.6;1.4]
58.000000,1,4,[21;21;21;21;21;21;21],[167;168;169;170;171;172;173],[1.1;1.0;1.4;1.8;0.9;0.5;1.0]
58.000000,0,4,[2;2;2;2;11;11],[11;12;15;17;82;84],[0.64;0.494545;0.530909;0.501818;0.850909;0.683636]
58.000000,1,5,[18;18;18;18],[142;143;146;147],[1.294737;2.173684;1.347368;2.347368]
58.000000,0,5,[9;9;9;9],[68;70;71;73],[2.247368;1.647368;2.384211;2.257895]
58.000000,1,7,[23;23;23;23;23],[182;183;184;186;189],[0.16;0.2;0.2;0.0;0.5]
58.000000,0,7,[4;4;4;4],[27;28;29;31],[0.4;1.4;0.4;1.4]
59.000000,1,4,[21;21;21;21;21;21;21;21],[166;167;168;169;170;171;172;173],[0.7;0.9;0.6;0.2;1.2;0.7;0.3;0.8]
59.000000,0,4,[2;2;2;2;2;11;11],[11;12;13;14;17;84;86],[0.56;0.454545;0.654545;0.578182;0.461818;0.643636;0.807273]
59.000000,1,5,[18;18;18;18;18;18],[143;144;145;146;147;149],[1.873684;1.873684;1.773684;1.247368;2.247368;1.721053]
59.000000,0,5,[1;1;1;1],[2;3;8;9],[1.893333;1.68;1.893333;1.893333]
60.000000,1,4,[21;21;21;21;21],[167;168;169;170;172],[0.7;0.0;0.0;1.0;0.1]
60.000000,0,4,[11;11;11;11],[83;85;86;87],[0.72;0.8;0.727273;0.28]
60.000000,1,5,[18;18;18;18;18;18],[142;143;144;145;147;148],[1.194737;1.673684;1.773684;1.673684;2.147368;0.947368]
60.000000,0,5,[1;1;1;1;1;1],[2;4;5;7;8;9],[1.84;1.946667;1.84;1.946667;1.786667;1.84]
61.000000,1,4,[21;21;21;21],[166;170;172;173],[0.3;0.6;0.0;0.6]
61.000000,0,4,[11;11;11;11],[84;86;88;89],[0.603636;0.647273;0.647273;0.487273]
61.000000,1,5,[18;18;18;18;18;18;18],[142;143;144;146;147;148;149],[0.494737;1.373684;1.373684;0.947368;1.947368;0.747368;1.421053]
61.000000,0,5,[1;1;1;1;5;5;5;5],[2;3;5;6;34;39;40;41],[1.786667;1.626667;1.786667;1.946667;0.563636;0.763636;0.663636;0.563636]
62.000000,1,4,[21;21;21;21],[166;170;171;173],[0.1;0.0;0.3;0.4]
62.000000,0,4,[11;11;11;11;11],[82;83;85;87;88],[0.810909;0.68;0.76;0.24;0.607273]
62.000000,1,5,[18;18;18;18;18;18;18;18],[142;143;144;145;146;147;148;149],[0.0;1.173684;0.973684;1.273684;0.647368;1.347368;0.647368;0.921053]
62.000000,0,5,[1;1;1;5;10;10;10],[4;6;8;38;75;79;80],[1.893333;1.893333;1.733333;0.563636;1.946667;1.946667;1.893333]
63.000000,1,5,[18;18;18;18;18;18;18],[143;144;145;146;147;148;149],[0.873684;0.873684;0.973684;0.547368;1.047368;0.547368;0.521053]
63.000000,0,5,[1;1;1;1;1;10;10],[2;4;5;6;8;77;81],[1.733333;1.84;1.733333;1.84;1.68;1.946667;1.946667]
64.000000,1,5,[18;18;18;18;18],[143;144;145;147;149],[0.473684;0.773684;0.773684;0.547368;0.121053]
64.000000,0,5,[1;1;1;10;10],[4;7;8;75;79],[1.786667;1.84;1.626667;1.84;1.893333]
67.000000,1,3,[21;21;21;21],[166;167;171;173],[0.0;0.5;0.1;0.1]
67.000000,0,3,[4;4],[26;32],[1.146667;1.24]
68.000000,1,2,[13;13;13;13;13;13],[102;103;104;107;108;109],[1.571429;1.428571;1.342857;0.628571;1.285714;0.885714]
68.000000,0,2,[5;5;5;5;5],[34;36;37;39;41],[0.483636;0.12;0.16;0.723636;0.483636]
69.000000,1,2,[13;13;13;13],[102;106;108;109],[1.371429;0.342857;0.685714;0.685714]
69.000000,0,2,[5;5;5;5;5],[34;35;36;37;40],[0.363636;0.26;0.04;0.12;0.623636]
69.000000,1,9,[14;14;14;14;14;14],[112;113;114;115;116;117],[0.807273;0.614545;0.574545;0.767273;0.847273;0.807273]
69.000000,0,9,[2;2;2;2;2],[12;13;15;16;17],[0.254545;0.454545;0.0;0.054545;0.261818]
70.000000,1,6,[19;19;19;19;19;19],[151;152;154;155;156;157],[1.746667;1.746667;1.733333;1.346667;1.493333;1.586667]
70.000000,0,6,[9;9;9;9;9],[67;68;70;71;73],[1.036842;2.047368;1.447368;2.284211;2.157895]
70.000000,1,9,[14;14;14;14;14;14],[110;112;113;115;116;117],[0.767273;0.734545;0.469091;0.694545;0.774545;0.734545]
70.000000,0,9,[2;2;2;2;2],[11;12;13;14;16],[0.36;0.0;0.254545;0.0;0.0]
71.000000,1,7,[23;23;23;22;22;22;22],[182;183;187;175;178;179;181],[0.06;0.1;0.3;1.7;1.3;0.5;1.5]
71.000000,0,7,[7;7;7;7;7;7],[51;52;53;54;55;56],[1.6;1.8;1.6;1.8;1.4;1.6]
72.000000,1,7,[23;23;23;23],[182;183;185;189],[0.0;0.0;0.16;0.3]
72.000000,0,7,[7;7;7;7;7],[52;53;54;56;57],[1.6;1.0;1.6;1.4;1.8]
74.000000,1,5,[13;13;13;13],[102;103;105;107],[1.171429;1.228571;0.6;0.428571]
74.000000,0,5,[2;2;2;2],[10;11;13;17],[0.429091;0.287273;0.145455;0.189091]
75.000000,1,5,[13;13],[102;109],[0.771429;0.285714]
75.000000,0,5,[2;2;2],[10;11;17],[0.32;0.250909;0.043636]
75.000000,1,7,[21;21;21],[167;171;173],[0.3;0.0;0.0]
75.000000,0,7,[7;7],[53;57],[0.8;1.7]
76.000000,1,5,[14;14;14;14],[111;113;114;117],[0.52;0.269091;0.374545;0.534545]
76.000000,0,5,[2;2;2;2],[10;11;13;17],[0.101818;0.105455;0.0;0.0]
77.000000,1,5,[14;14],[112;113],[0.534545;0.069091]
77.000000,0,5,[2;2],[10;11],[0.0;0.0]
79.000000,1,5,[14;14;14;14;14;18;18],[110;112;113;114;117;148;149],[0.567273;0.334545;0.0;0.0;0.334545;0.347368;0.0]
79.000000,0,5,[11;11;11;11;11],[82;83;85;86;88],[0.701818;0.461818;0.578182;0.501818;0.425455]
80.000000,1,2,[13;13;13;13;13;13;13;13],[102;103;104;105;106;107;108;109],[0.471429;1.028571;1.242857;0.5;0.142857;0.328571;0.585714;0.185714]
80.000000,0,2,[12;12;12;12;12;12;12],[91;92;94;95;96;98;101],[2.933333;2.866667;2.933333;2.933333;2.933333;2.933333;2.933333]
80.000000,1,5,[14;14;14;14;18;18],[110;111;115;117;144;147],[0.367273;0.0;0.494545;0.134545;0.573684;0.347368]
80.000000,0,5,[11;11;11;11;11;11],[83;85;86;87;88;89],[0.389091;0.505455;0.429091;0.094545;0.243636;0.378182]
81.000000,1,2,[13;13;13;13;13;13;13],[103;104;105;106;107;108;109],[0.628571;1.142857;0.4;0.042857;0.128571;0.385714;0.085714]
81.000000,0,2,[12;12;12;12;12;12],[90;93;95;96;98;100],[2.933333;2.933333;2.866667;2.733333;2.866667;2.933333]
81.000000,1,4,[21],[167],[0.0]
81.000000,0,4,[10],[80],[1.83619]
81.000000,1,5,[14;14;18;18;18;18],[110;115;143;144;145;148],[0.0;0.294545;0.273684;0.373684;0.573684;0.147368]
81.000000,0,5,[11;11;11;11;11;11;11],[82;83;84;85;86;87;89],[0.665455;0.316364;0.458182;0.432727;0.356364;0.0;0.341818]
82.000000,1,5,[18;19;19;19;19;19],[148;150;152;153;155;157],[0.0;1.6;1.546667;1.586667;1.146667;1.386667]
82.000000,0,5,[11;11;11;11;11;11],[82;83;84;85;86;89],[0.52;0.243636;0.421818;0.323636;0.247273;0.305455]
83.000000,1,5,[18;18;18;18],[143;145;146;147],[0.073684;0.0;0.347368;0.147368]
83.000000,0,5,[11;11;11;11;11],[82;83;84;85;88],[0.483636;0.207273;0.385455;0.287273;0.207273]
85.000000,1,9,[14;14;14;14],[112;115;116;117],[0.298182;0.185455;0.738182;0.025455]
85.000000,0,9,[7;7;7],[50;53;55],[1.8;0.4;1.2]
86.000000,1,8,[17;17;17;17],[135;137;139;140],[0.883636;0.687273;0.687273;0.88]
86.000000,0,8,[11;11;11;11;11;11],[83;84;85;86;88;89],[0.007273;0.185455;0.0;0.047273;0.0;0.105455]
87.000000,1,8,[17;17;17;17],[136;138;139;141],[0.767273;0.803636;0.607273;0.8]
87.000000,0,8,[11;11;11;11],[82;83;84;86],[0.083636;0.0;0.0;0.0]
88.000000,1,8,[17;18],[136;147],[0.687273;0.014035]
88.000000,0,8,[11;11],[82;89],[0.0;0.0]
89.000000,1,3,[23;23;23;23],[184;185;187;189],[0.1;0.0;0.2;0.0]
89.000000,0,3,[10;10],[75;81],[1.626667;1.626667]
89.000000,1,5,[14;14;14;14],[112;115;116;117],[0.198182;0.085455;0.438182;0.0]
89.000000,0,5,[1;1;1],[5;6;8],[1.626667;1.626667;1.52]
93.000000,1,3,[23;23;23],[184;187;188],[0.0;0.0;0.28]
93.000000,0,3,[9;9;9],[66;67;68],[2.310526;0.910526;1.921053]
95.000000,1,3,[22;22;22;22;22;22],[174;175;176;177;179;180],[1.5;1.5;1.4;1.1;0.4;1.3]
95.000000,0,3,[9;9;9;9;9],[66;67;68;72;73],[2.247368;0.721053;1.857895;1.421053;2.031579]
96.000000,1,2,[23],[188],[0.0]
96.000000,0,2,[12],[98],[2.733333]
96.000000,1,3,[22;22;22;22;22;22;22],[174;175;177;178;179;180;181],[1.3;1.3;1.0;1.1;0.2;0.9;1.2]
96.000000,0,3,[9;9;9;9;4;4;4;4],[67;70;72;73;27;29;31;32],[0.657895;1.384211;1.357895;1.968421;0.346667;0.346667;1.346667;1.186667]
97.000000,1,3,[22;22;22;22;22],[175;176;177;179;180],[1.2;1.3;0.9;0.0;0.7]
97.000000,0,3,[9;9;9;9;9],[67;68;70;71;72],[0.468421;1.794737;1.321053;2.157895;1.294737]
107.000000,1,9,[19;19;19],[150;152;155],[1.5;1.246667;0.746667]
107.000000,0,9,[1;1;1;1],[2;5;6;7],[1.633333;1.426667;1.226667;1.74]
112.000000,1,2,[22;22;22;22;22;22],[175;176;177;178;180;181],[1.1;1.2;0.8;0.9;0.5;1.1]
112.000000,0,2,[9;9;9;9;9],[66;67;68;71;73],[2.180702;0.401754;1.661404;2.024561;1.901754]
112.000000,1,10,[17;17;17;17;17;17],[134;135;137;138;139;140],[0.778182;0.843636;0.647273;0.723636;0.527273;0.84]
112.000000,0,10,[1;1;1;1;1;1],[2;3;4;6;8;9],[1.433333;1.426667;1.586667;1.026667;0.92;1.64]
113.000000,1,2,[22;22;22;22;22;22],[174;175;176;177;178;180],[1.1;1.0;1.0;0.7;0.8;0.4]
113.000000,0,2,[9;9;9;9],[66;70;72;73],[2.047368;1.187719;1.22807;1.768421]
113.000000,1,10,[17;17;17;17;17],[134;135;138;139;140],[0.698182;0.803636;0.683636;0.407273;0.8]
113.000000,0,10,[1;1;1;1;1],[3;4;5;6;7],[1.026667;1.186667;1.026667;0.826667;1.54]
114.000000,1,2,[22;22;22;22],[175;176;178;181],[0.8;0.7;0.7;0.9]
114.000000,0,2,[9;9;9;9;9],[66;68;69;70;72],[1.980702;1.461404;1.717544;1.121053;1.161404]
114.000000,1,10,[17;17;17],[134;136;140],[0.578182;0.607273;0.68]
114.000000,0,10,[1;1;1;1;1],[3;5;6;7;8],[0.626667;0.626667;0.626667;1.14;0.72]
115.000000,1,8,[14;14;14],[112;115;116],[0.078182;0.0;0.358182]
115.000000,0,8,[7;7;7],[52;54;56],[1.4;1.4;1.2]
122.000000,1,7,[16;16;16;16],[126;127;128;132],[1.893333;1.946667;1.786667;1.946667]
122.000000,0,7,[1;1;1;1],[2;4;8;9],[1.033333;1.086667;0.62;1.44]
123.000000,1,7,[16;16;16;16;16],[126;128;130;132;133],[1.84;1.68;1.946667;1.84;1.893333]
123.000000,0,7,[10;10;10;10;10],[74;75;78;80;81],[1.9;1.526667;1.9;1.63619;1.326667]
124.000000,1,7,[16;16;16;16;16],[126;127;128;130;133],[1.733333;1.84;1.626667;1.84;1.84]
124.000000,0,7,[10;10;10;10;10;10;10],[74;75;76;77;78;79;81],[1.8;1.426667;1.9;1.846667;1.7;1.793333;1.226667]
125.000000,1,7,[16;16;16;16],[126;129;131;133],[1.626667;1.946667;1.84;1.733333]
125.000000,0,7,[10;10;10;10;10;10],[75;76;78;79;80;81],[1.226667;1.8;1.6;1.593333;1.53619;1.126667]
126.000000,1,7,[16;16;16;16;16],[126;128;129;130;131],[1.466667;1.573333;1.84;1.786667;1.786667]
126.000000,0,7,[10;10;10;10;10],[74;76;77;78;80],[1.6;1.7;1.646667;1.4;1.43619]
127.000000,1,3,[22;22;22;22;22;22;22],[174;175;176;177;178;180;181],[0.7;0.6;0.3;0.5;0.5;0.1;0.6]
127.000000,0,3,[3;3;3;12;12;12],[18;19;24;90;96;99],[2.936842;2.936842;2.873684;2.870175;2.670175;2.936842]
127.000000,1,7,[16;16;16;16;16],[126;127;129;130;132],[1.413333;1.733333;1.786667;1.733333;1.68]
127.000000,0,7,[4;4;4;4;4;4],[26;27;30;31;32;33],[1.046667;0.146667;1.3;1.246667;0.986667;1.3]
128.000000,1,3,[22;22;22;22;22;22;22],[174;175;176;177;178;180;181],[0.4;0.3;0.2;0.4;0.0;0.0;0.2]
128.000000,0,3,[3;3;3;3;3;12;12],[18;19;22;23;25;92;94],[2.873684;2.873684;2.936842;2.936842;2.936842;2.803509;2.870175]
128.000000,1,10,[24;24;24;24;24],[190;191;193;194;199],[2.533333;2.870175;2.536842;2.133333;2.670175]
128.000000,0,10,[1;1;1;1;1;1],[2;3;4;5;8;9],[0.633333;0.426667;0.886667;0.526667;0.52;1.24]
129.000000,1,3,[22;22;22;22],[174;175;176;181],[0.0;0.0;0.0;0.0]
129.000000,0,3,[3;3;3;12],[18;19;20;94],[2.810526;2.810526;2.873684;2.807018]
129.000000,1,10,[24;24;24;24;24;24],[190;193;196;198;200;201],[2.466667;2.470175;2.333333;2.666667;2.733333;2.733333]
129.000000,0,10,[1;1;1;1;1;1;1],[3;4;5;6;7;8;9],[0.326667;0.686667;0.326667;0.426667;1.04;0.22;1.14]
130.000000,1,2,[19;19;19;19;19;14;14],[150;152;153;156;157;112;116],[1.1;0.946667;0.886667;1.093333;1.186667;0.0;0.258182]
130.000000,0,2,[5;5;9;9;9;9;9],[34;39;67;68;69;71;72],[0.323636;0.643636;0.268421;1.394737;1.517544;1.957895;1.02807]
130.000000,1,3,[22],[177],[0.0]
130.000000,0,3,[3],[21],[2.936842]
130.000000,1,10,[24;24;24;24;24;24],[190;191;192;197;198;199],[2.4;2.803509;2.266667;2.736842;2.533333;2.603509]
130.000000,0,10,[1;1;1;1;1;1],[3;4;5;6;8;9],[0.026667;0.486667;0.126667;0.226667;0.02;1.04]
131.000000,1,2,[19;19;19;19;19;19;19],[150;151;152;153;154;156;157],[1.0;1.646667;0.846667;0.786667;1.533333;0.993333;1.086667]
131.000000,0,2,[9;9;9;9;9;9],[66;68;69;70;72;73],[1.780702;1.32807;1.450877;0.987719;0.894737;1.701754]
132.000000,1,2,[19;19;19;14],[152;153;157;116],[0.646667;0.486667;0.986667;0.058182]
132.000000,0,2,[9;9;9;9;9;9;9],[66;67;68;70;71;72;73],[1.714035;0.201754;1.261404;0.854386;1.824561;0.82807;1.568421]
133.000000,1,2,[19;19;19;19;19;14],[150;151;152;154;155;116],[0.9;1.446667;0.546667;1.433333;0.646667;0.0]
133.000000,0,2,[9;9;9;9;9;9],[66;68;69;71;72;73],[1.514035;1.194737;1.384211;1.691228;0.761404;1.435088]
134.000000,1,2,[19;19;19;19;19],[150;151;154;156;157],[0.7;1.346667;1.133333;0.893333;0.886667]
134.000000,0,2,[9;9;9;9;9],[66;67;70;71;72],[1.314035;0.135088;0.787719;1.624561;0.62807]
134.000000,1,4,[13;13;13;13;13],[102;104;106;107;109],[0.171429;1.042857;0.0;0.028571;0.0]
134.000000,0,4,[10;10;10;10;10;10],[74;76;77;78;80;81],[1.542857;1.585714;1.589524;1.285714;1.379048;1.069524]
135.000000,1,2,[19;19;19;19;19],[150;151;153;155;157],[0.5;1.146667;0.386667;0.446667;0.786667]
135.000000,0,2,[9;9;9;9;9;9],[66;67;69;70;72;73],[1.247368;0.068421;1.317544;0.721053;0.494737;1.301754]
135.000000,1,4,[13;13;13;13;13],[102;104;105;107;108],[0.0;0.842857;0.3;0.0;0.185714]
135.000000,0,4,[10;10;10;10;10],[76;77;78;79;81],[1.528571;1.532381;1.228571;1.479048;1.012381]
136.000000,1,2,[19;19;19;19],[151;152;153;157],[0.946667;0.346667;0.086667;0.686667]
136.000000,0,2,[9;9;9;9;9;9],[66;68;69;70;71;73],[1.180702;1.12807;1.250877;0.587719;1.491228;1.235088]
136.000000,1,4,[13;13;13;13],[103;104;105;108],[0.328571;0.742857;0.0;0.085714]
136.000000,0,4,[10;10],[75;79],[1.112381;1.364762]
136.000000,1,7,[18;18;18;18],[143;144;146;147],[0.0;0.310526;0.157895;0.0]
136.000000,0,7,[12;12;12;12],[91;92;95;98],[2.833333;2.703509;2.766667;2.633333]
137.000000,1,2,[19;19;19;19;19;19],[150;151;153;154;155;157],[0.4;0.846667;0.0;0.833333;0.346667;0.586667]
137.000000,0,2,[9;9;9;9;9],[67;68;69;70;72],[0.001754;0.92807;1.117544;0.521053;0.42807]
137.000000,1,4,[13;13;13],[103;104;108],[0.0;0.642857;0.0]
137.000000,0,4,[10;10],[74;77],[1.485714;1.418095]
137.000000,1,7,[18;18],[144;146],[0.0;0.0]
137.000000,0,7,[12;12],[95;100],[2.666667;2.833333]
138.000000,1,2,[19;19;19;19;19],[151;154;155;156;157],[0.646667;0.633333;0.246667;0.693333;0.486667]
138.000000,0,2,[9;9;9;9],[66;68;72;73],[0.980702;0.861404;0.294737;1.168421]
138.000000,1,4,[13],[104],[0.0]
138.000000,0,4,[10],[75],[1.055238]
139.000000,1,2,[19;19;19;19],[150;152;155;156],[0.2;0.046667;0.046667;0.593333]
139.000000,0,2,[9;9;9;9;9],[66;67;68;71;72],[0.847368;0.0;0.794737;1.424561;0.22807]
140.000000,1,2,[19;19;19;19;19],[150;151;152;154;157],[0.1;0.546667;0.0;0.433333;0.386667]
140.000000,0,2,[9;9;9;9;9],[68;69;70;71;72],[0.661404;0.984211;0.454386;1.357895;0.161404]
140.000000,1,4,[16;16;16;16;16],[126;129;131;132;133],[1.213333;1.686667;1.686667;1.58;1.433333]
140.000000,0,4,[10;10;10;10;10],[74;75;76;78;80],[1.314286;0.998095;1.471429;1.171429;1.264762]
141.000000,1,2,[19;19;19;19],[150;151;156;157],[0.0;0.346667;0.393333;0.286667]
141.000000,0,2,[9;9;9;9],[66;68;69;73],[0.780702;0.594737;0.784211;1.101754]
