0,player,node,faction,controlvalue,controlled
5.000000,2,0,24.000000,false
6.000000,2,0,56.000000,false
6.000000,8,1,8.000000,false
7.000000,2,0,72.000000,false
7.000000,8,1,40.000000,false
7.000000,10,1,12.000000,false
8.000000,2,0,120.000000,true
8.000000,8,1,64.000000,false
8.000000,10,1,24.000000,false
9.000000,5,0,16.000000,false
9.000000,8,1,88.000000,false
9.000000,10,1,36.000000,false
10.000000,5,0,48.000000,false
10.000000,8,1,112.000000,true
10.000000,10,1,64.000000,false
11.000000,4,0,16.000000,false
11.000000,5,0,80.000000,false
11.000000,10,1,92.000000,false
12.000000,4,0,32.000000,false
12.000000,5,0,96.000000,false
12.000000,10,1,120.000000,true
13.000000,4,0,48.000000,false
14.000000,4,0,64.000000,false
15.000000,4,0,80.000000,false
16.000000,4,0,96.000000,false
17.000000,4,0,112.000000,true
17.000000,5,1,80.000000,false
18.000000,5,1,64.000000,false
19.000000,5,1,48.000000,false
21.000000,9,1,16.000000,false
22.000000,9,1,32.000000,false
26.000000,6,1,16.000000,false
26.000000,9,1,48.000000,false
27.000000,6,1,32.000000,false
27.000000,9,1,80.000000,false
28.000000,6,1,48.000000,false
28.000000,9,1,120.000000,true
32.000000,3,1,16.000000,false
33.000000,3,1,32.000000,false
33.000000,7,1,8.000000,false
34.000000,3,1,48.000000,false
34.000000,7,1,16.000000,false
35.000000,7,1,24.000000,false
36.000000,5,1,32.000000,false
36.000000,7,1,32.000000,false
37.000000,5,1,16.000000,false
38.000000,5,1,0.000000,false
38.000000,7,0,4.000000,false
39.000000,5,1,24.000000,false
40.000000,5,1,48.000000,false
41.000000,5,1,88.000000,false
42.000000,5,1,136.000000,true
44.000000,9,0,60.000000,false
48.000000,7,1,4.000000,false
49.000000,2,1,84.000000,false
50.000000,2,1,68.000000,false
51.000000,2,1,52.000000,false
51.000000,6,1,55.000000,false
52.000000,2,1,36.000000,false
53.000000,2,0,60.000000,false
53.000000,6,1,61.000000,false
54.000000,3,1,55.000000,false
54.000000,6,1,67.000000,false
55.000000,2,1,52.000000,false
55.000000,3,1,62.000000,false
55.000000,6,1,73.000000,false
55.000000,9,0,32.000000,false
56.000000,3,1,69.000000,false
56.000000,9,1,40.000000,false
57.000000,3,1,92.000000,false
57.000000,9,1,48.000000,false
58.000000,3,1,115.000000,true
58.000000,9,1,72.000000,false
59.000000,1,1,492.000000,false
59.000000,9,1,94.000000,false
60.000000,1,1,484.000000,false
60.000000,9,1,100.000000,true
61.000000,1,1,476.000000,false
62.000000,1,1,468.000000,false
63.000000,1,1,460.000000,false
64.000000,1,1,452.000000,false
64.000000,6,1,89.000000,false
65.000000,1,1,444.000000,false
65.000000,2,1,36.000000,false
65.000000,6,1,105.000000,true
66.000000,1,1,436.000000,false
66.000000,2,1,20.000000,false
67.000000,2,1,4.000000,false
67.000000,8,0,0.000000,false
68.000000,2,1,12.000000,false
68.000000,8,0,84.000000,false
69.000000,2,1,28.000000,false
69.000000,8,0,120.000000,true
70.000000,2,1,44.000000,false
70.000000,4,1,92.000000,false
71.000000,2,1,60.000000,false
71.000000,4,1,84.000000,false
71.000000,7,1,20.000000,false
72.000000,4,1,76.000000,false
72.000000,7,1,36.000000,false
73.000000,4,1,68.000000,false
74.000000,4,1,60.000000,false
74.000000,11,0,484.000000,false
75.000000,4,1,52.000000,false
75.000000,11,0,420.000000,false
76.000000,4,1,44.000000,false
76.000000,11,0,320.000000,false
77.000000,4,1,36.000000,false
77.000000,11,0,220.000000,false
78.000000,4,1,28.000000,false
78.000000,11,0,120.000000,false
79.000000,4,1,20.000000,false
79.000000,11,0,20.000000,false
80.000000,11,0,80.000000,false
81.000000,11,0,180.000000,false
82.000000,2,1,76.000000,false
82.000000,7,1,44.000000,false
82.000000,11,0,280.000000,false
83.000000,2,1,92.000000,false
83.000000,7,1,52.000000,false
83.000000,11,0,380.000000,false
84.000000,7,1,64.000000,false
84.000000,11,0,480.000000,false
85.000000,7,1,83.000000,false
85.000000,11,0,580.000000,true
