0,player,unitTypes,unitCount,status,node1,node2
16.000000,1,[Controller],[8],0,5,-1
16.000000,1,[Controller],[8],0,7,-1
17.000000,1,[Controller],[8],0,5,-1
17.000000,1,[Controller],[8],0,7,-1
18.000000,1,[Controller;Striker],[8;8],0,5,-1
18.000000,1,[Controller],[8],0,7,-1
19.000000,1,[Controller;Striker],[8;8],0,5,-1
19.000000,1,[Controller],[8],1,7,2
20.000000,1,[Controller;Striker],[8;8],0,5,-1
20.000000,1,[Controller],[8],1,7,2
20.000000,0,[Tank],[8],0,5,-1
21.000000,1,[Controller;Striker],[8;8],0,5,-1
21.000000,1,[Controller],[8],1,7,2
22.000000,1,[Controller;Striker],[8;8],0,5,-1
22.000000,1,[Controller],[8],1,7,2
22.000000,1,[Tank],[8],0,10,-1
22.000000,0,[Striker],[8],0,3,-1
23.000000,1,[Striker],[8],1,5,1
23.000000,1,[Controller],[8],1,7,2
23.000000,1,[Tank],[8],0,10,-1
23.000000,0,[Tank],[8],0,2,-1
23.000000,0,[Controller],[8],1,2,2
23.000000,0,[Striker],[8],1,3,4
23.000000,0,[Tank],[8],1,5,1
24.000000,1,[Striker],[8],1,5,1
24.000000,1,[Tank],[8],0,5,-1
24.000000,1,[Controller],[8],1,7,2
24.000000,1,[Tank],[8],0,10,-1
24.000000,0,[Tank],[8],0,2,-1
24.000000,0,[Controller],[8],1,2,2
24.000000,0,[Striker],[8],1,3,4
24.000000,0,[Tank],[8],1,5,1
25.000000,1,[Striker],[8],0,2,-1
25.000000,1,[Controller],[8],0,3,-1
25.000000,1,[Tank],[8],0,5,-1
25.000000,1,[Tank],[8],0,10,-1
25.000000,0,[Tank;Tank],[8;8],0,2,-1
25.000000,0,[Controller],[8],1,2,2
25.000000,0,[Striker],[8],1,3,4
26.000000,1,[Striker],[8],0,2,-1
26.000000,1,[Controller],[8],1,3,4
26.000000,1,[Tank],[8],0,5,-1
26.000000,0,[Tank;Tank],[8;8],0,2,-1
26.000000,0,[Striker],[8],0,5,-1
26.000000,0,[Controller],[8],0,10,-1
27.000000,1,[Striker],[8],0,2,-1
27.000000,1,[Controller],[8],1,3,4
27.000000,1,[Tank],[8],1,5,2
27.000000,0,[Tank;Tank],[8;8],0,2,-1
27.000000,0,[Controller],[8],0,3,-1
27.000000,0,[Striker],[8],0,5,-1
27.000000,0,[Controller],[8],0,10,-1
28.000000,1,[Striker],[8],0,2,-1
28.000000,1,[Controller],[8],1,3,4
28.000000,1,[Tank],[8],1,5,2
28.000000,0,[Tank;Tank],[8;8],0,2,-1
28.000000,0,[Controller],[8],0,3,-1
28.000000,0,[Striker],[8],0,5,-1
28.000000,0,[Controller],[8],0,10,-1
29.000000,1,[Striker],[5],0,2,-1
29.000000,1,[Controller],[8],1,3,4
29.000000,1,[Tank],[8],1,5,2
29.000000,0,[Tank;Tank],[8;8],0,2,-1
29.000000,0,[Controller],[8],0,3,-1
29.000000,0,[Striker],[8],0,5,-1
30.000000,1,[Striker],[1],0,2,-1
30.000000,1,[Controller],[8],1,3,4
30.000000,1,[Tank],[8],1,5,2
30.000000,0,[Tank;Tank],[8;8],0,2,-1
30.000000,0,[Controller],[8],0,3,-1
30.000000,0,[Striker],[8],1,5,2
31.000000,1,[Controller],[8],1,3,4
31.000000,1,[Tank],[8],1,5,2
31.000000,0,[Controller],[8],0,3,-1
31.000000,0,[Striker],[8],1,5,2
31.000000,0,[Controller],[8],1,10,6
32.000000,1,[Tank],[8],1,5,2
32.000000,1,[Controller],[8],0,5,-1
32.000000,0,[Controller],[8],1,3,4
32.000000,0,[Striker],[8],1,5,2
32.000000,0,[Controller],[8],1,10,6
33.000000,1,[Tank],[8],0,3,-1
33.000000,1,[Controller],[8],0,5,-1
33.000000,0,[Controller],[8],1,3,4
33.000000,0,[Striker],[8],0,3,-1
33.000000,0,[Controller],[8],0,7,-1
34.000000,1,[Tank],[8],0,3,-1
34.000000,1,[Controller],[8],0,5,-1
34.000000,0,[Controller],[8],1,3,4
34.000000,0,[Striker],[8],0,3,-1
34.000000,0,[Controller],[8],0,7,-1
35.000000,1,[Tank],[8],1,3,3
35.000000,1,[Controller],[8],0,5,-1
35.000000,0,[Controller],[8],0,7,-1
36.000000,1,[Tank],[8],1,3,3
36.000000,1,[Controller],[8],0,5,-1
36.000000,0,[Controller],[8],0,7,-1
37.000000,1,[Tank],[8],1,3,3
37.000000,1,[Controller],[8],0,5,-1
37.000000,1,[Controller],[8],0,7,-1
37.000000,0,[Controller],[8],0,7,-1
38.000000,1,[Tank],[8],1,3,3
38.000000,1,[Controller],[8],1,5,1
38.000000,1,[Striker],[8],0,10,-1
38.000000,0,[Tank],[8],1,2,4
38.000000,0,[Controller;Striker],[8;8],0,2,-1
38.000000,0,[Striker],[8],0,4,-1
38.000000,0,[Controller],[8],0,5,-1
39.000000,1,[Tank],[8],0,4,-1
39.000000,1,[Controller],[8],1,5,1
39.000000,1,[Striker],[8],0,10,-1
39.000000,0,[Tank],[8],1,2,4
39.000000,0,[Striker],[8],0,2,-1
39.000000,0,[Striker],[8],0,4,-1
39.000000,0,[Controller],[8],0,5,-1
40.000000,1,[Tank],[8],0,4,-1
40.000000,1,[Controller],[8],1,5,1
40.000000,1,[Striker],[8],0,10,-1
40.000000,0,[Tank],[8],1,2,4
40.000000,0,[Striker],[8],0,4,-1
40.000000,0,[Controller],[8],0,5,-1
41.000000,1,[Tank],[8],0,4,-1
41.000000,1,[Controller],[8],1,5,1
41.000000,1,[Striker;Striker],[8;8],0,10,-1
41.000000,0,[Tank],[8],1,2,4
41.000000,0,[Striker],[8],0,4,-1
41.000000,0,[Controller],[8],0,5,-1
42.000000,1,[Controller],[8],0,2,-1
42.000000,1,[Tank],[8],0,4,-1
42.000000,1,[Striker],[8],0,10,-1
42.000000,0,[Striker],[8],0,4,-1
42.000000,0,[Controller;Tank],[8;8],0,5,-1
42.000000,0,[Controller],[8],0,10,-1
43.000000,1,[Controller],[8],0,2,-1
43.000000,1,[Tank],[8],0,4,-1
43.000000,1,[Striker],[8],0,10,-1
43.000000,1,[Striker],[8],1,10,6
43.000000,0,[Controller;Tank],[8;8],0,5,-1
43.000000,0,[Controller],[8],0,10,-1
44.000000,1,[Controller],[8],0,2,-1
44.000000,1,[Tank],[8],1,4,0
44.000000,1,[Striker],[8],0,7,-1
44.000000,1,[Striker],[8],0,10,-1
44.000000,0,[Tank;Striker],[12;8],0,1,-1
44.000000,0,[Tank],[8],1,1,1
44.000000,0,[Controller],[8],1,2,0
44.000000,0,[Tank],[8],0,5,-1
44.000000,0,[Controller],[8],0,10,-1
45.000000,1,[Controller],[8],0,2,-1
45.000000,1,[Tank],[8],1,4,0
45.000000,1,[Striker],[8],0,7,-1
45.000000,1,[Controller],[8],0,9,-1
45.000000,0,[Tank;Striker;Controller],[12;8;8],0,1,-1
45.000000,0,[Tank],[8],1,1,1
45.000000,0,[Tank],[8],0,5,-1
45.000000,0,[Controller],[8],1,10,8
46.000000,1,[Controller],[8],0,2,-1
46.000000,1,[Tank],[8],1,4,0
46.000000,1,[Striker],[8],1,7,3
46.000000,1,[Controller],[8],0,9,-1
46.000000,0,[Tank;Striker],[12;8],0,1,-1
46.000000,0,[Controller],[8],1,1,1
46.000000,0,[Tank],[8],0,2,-1
46.000000,0,[Striker;Tank],[8;8],0,4,-1
46.000000,0,[Tank],[8],0,5,-1
46.000000,0,[Controller],[8],1,10,8
47.000000,1,[Controller],[8],0,2,-1
47.000000,1,[Tank],[8],1,4,0
47.000000,1,[Striker],[8],1,7,3
47.000000,1,[Controller],[8],1,9,6
47.000000,0,[Tank;Striker],[12;8],0,1,-1
47.000000,0,[Controller],[8],1,1,1
47.000000,0,[Tank],[8],0,2,-1
47.000000,0,[Striker;Tank],[8;8],0,4,-1
47.000000,0,[Tank],[8],0,5,-1
47.000000,0,[Striker],[8],0,7,-1
47.000000,0,[Controller],[8],1,10,8
48.000000,1,[Controller],[8],0,2,-1
48.000000,1,[Tank],[8],1,4,0
48.000000,1,[Striker],[8],0,4,-1
48.000000,1,[Controller],[8],1,9,6
48.000000,1,[Controller],[8],0,9,-1
48.000000,0,[Tank],[12],1,1,3
48.000000,0,[Striker],[8],0,1,-1
48.000000,0,[Controller],[8],1,1,1
48.000000,0,[Tank],[8],1,2,0
48.000000,0,[Striker;Tank],[8;8],0,4,-1
48.000000,0,[Tank],[8],0,5,-1
48.000000,0,[Striker],[8],0,7,-1
48.000000,0,[Controller],[8],1,10,8
49.000000,1,[Controller],[8],0,2,-1
49.000000,1,[Tank],[8],1,4,0
49.000000,1,[Striker],[8],0,4,-1
49.000000,1,[Controller],[8],1,9,6
49.000000,0,[Tank],[12],1,1,3
49.000000,0,[Striker],[8],0,1,-1
49.000000,0,[Controller],[8],1,1,1
49.000000,0,[Tank],[8],1,2,0
49.000000,0,[Striker;Tank],[8;8],0,4,-1
49.000000,0,[Tank;Striker],[8;8],0,5,-1
49.000000,0,[Striker],[8],0,7,-1
49.000000,0,[Controller],[8],0,9,-1
50.000000,1,[Tank],[8],0,1,-1
50.000000,1,[Controller],[8],0,2,-1
50.000000,1,[Striker],[7],0,4,-1
50.000000,1,[Controller],[8],1,9,6
50.000000,0,[Tank],[12],1,1,3
50.000000,0,[Striker],[8],0,1,-1
50.000000,0,[Controller],[8],1,1,1
50.000000,0,[Tank],[8],1,2,0
50.000000,0,[Tank],[8],0,4,-1
50.000000,0,[Tank;Striker],[8;8],0,5,-1
50.000000,0,[Striker],[8],0,7,-1
50.000000,0,[Controller],[8],0,9,-1
51.000000,1,[Tank],[8],0,1,-1
51.000000,1,[Controller],[8],0,2,-1
51.000000,1,[Striker],[6],0,4,-1
51.000000,1,[Tank],[12],0,10,-1
51.000000,1,[Controller],[8],1,10,8
51.000000,0,[Tank],[12],1,1,3
51.000000,0,[Striker],[8],0,1,-1
51.000000,0,[Controller],[8],1,1,1
51.000000,0,[Tank],[8],1,2,0
51.000000,0,[Tank],[8],0,4,-1
51.000000,0,[Tank;Striker],[8;8],0,5,-1
51.000000,0,[Striker],[8],1,7,9
51.000000,0,[Controller],[8],0,9,-1
52.000000,1,[Tank],[8],0,1,-1
52.000000,1,[Controller],[8],0,2,-1
52.000000,1,[Striker],[5],0,4,-1
52.000000,1,[Controller],[8],1,9,6
52.000000,1,[Controller],[8],0,9,-1
52.000000,1,[Tank],[12],0,10,-1
52.000000,0,[Tank],[12],1,1,3
52.000000,0,[Striker],[8],0,1,-1
52.000000,0,[Tank],[8],1,2,0
52.000000,0,[Controller],[8],0,2,-1
52.000000,0,[Tank;Striker],[8;8],0,5,-1
52.000000,0,[Striker],[8],1,7,9
52.000000,0,[Controller],[8],0,9,-1
53.000000,1,[Tank],[8],0,1,-1
53.000000,1,[Controller],[8],0,2,-1
53.000000,1,[Striker],[5],0,4,-1
53.000000,1,[Controller],[8],0,7,-1
53.000000,1,[Controller],[8],0,9,-1
53.000000,1,[Tank],[12],0,10,-1
53.000000,0,[Tank],[12],1,1,3
53.000000,0,[Striker],[8],1,1,1
53.000000,0,[Tank],[8],1,2,0
53.000000,0,[Controller],[8],0,2,-1
53.000000,0,[Tank],[8],0,5,-1
53.000000,0,[Striker],[8],1,5,8
53.000000,0,[Controller],[8],1,9,9
53.000000,0,[Striker],[8],0,10,-1
54.000000,1,[Tank],[8],0,1,-1
54.000000,1,[Controller],[8],0,2,-1
54.000000,1,[Striker],[5],0,4,-1
54.000000,1,[Controller],[8],0,7,-1
54.000000,1,[Controller;Striker;Tank],[8;8;8],0,9,-1
54.000000,0,[Striker],[8],1,1,1
54.000000,0,[Tank],[8],0,1,-1
54.000000,0,[Tank],[12],0,4,-1
54.000000,0,[Tank],[8],1,5,1
54.000000,0,[Striker],[8],1,5,8
54.000000,0,[Controller],[8],1,9,9
54.000000,0,[Striker],[8],0,10,-1
55.000000,1,[Tank],[8],0,1,-1
55.000000,1,[Controller],[8],0,2,-1
55.000000,1,[Striker],[4],0,4,-1
55.000000,1,[Controller],[8],0,7,-1
55.000000,1,[Controller;Striker;Tank],[8;8;8],0,9,-1
55.000000,0,[Striker],[8],1,1,1
55.000000,0,[Tank],[8],0,1,-1
55.000000,0,[Tank],[12],0,4,-1
55.000000,0,[Tank],[8],1,5,1
55.000000,0,[Striker],[8],1,5,8
55.000000,0,[Controller],[8],1,9,9
55.000000,0,[Striker],[8],1,10,6
56.000000,1,[Tank],[8],0,1,-1
56.000000,1,[Controller],[8],0,2,-1
56.000000,1,[Striker],[1],0,4,-1
56.000000,1,[Tank],[8],0,5,-1
56.000000,1,[Controller],[8],0,7,-1
56.000000,1,[Controller;Striker],[8;8],0,9,-1
56.000000,0,[Tank],[8],1,1,1
56.000000,0,[Striker],[8],0,2,-1
56.000000,0,[Tank],[12],1,4,0
56.000000,0,[Tank],[8],1,5,1
56.000000,0,[Controller],[8],1,9,9
56.000000,0,[Striker],[8],0,9,-1
56.000000,0,[Striker],[8],1,10,6
57.000000,1,[Tank],[8],0,1,-1
57.000000,1,[Controller],[8],1,2,2
57.000000,1,[Striker],[1],0,4,-1
57.000000,1,[Tank],[8],0,5,-1
57.000000,1,[Controller],[8],0,7,-1
57.000000,1,[Controller;Striker],[8;8],0,9,-1
57.000000,0,[Controller],[8],1,3,6
57.000000,0,[Tank],[8],0,3,-1
57.000000,0,[Tank],[12],1,4,0
57.000000,0,[Striker],[8],0,5,-1
57.000000,0,[Striker],[8],0,7,-1
57.000000,0,[Striker],[7],0,9,-1
57.000000,0,[Controller],[8],0,10,-1
58.000000,1,[Tank],[8],0,1,-1
58.000000,1,[Controller],[8],1,2,2
58.000000,1,[Striker],[1],0,4,-1
58.000000,1,[Tank],[8],0,5,-1
58.000000,1,[Controller],[8],0,7,-1
58.000000,0,[Tank;Controller],[8;8],0,3,-1
58.000000,0,[Tank],[12],1,4,0
58.000000,0,[Striker],[8],0,5,-1
58.000000,0,[Striker;Controller],[8;8],0,7,-1
58.000000,0,[Striker],[3],1,9,9
58.000000,0,[Controller],[8],0,10,-1
59.000000,1,[Tank],[8],0,1,-1
59.000000,1,[Controller],[8],1,2,2
59.000000,1,[Striker],[1],0,4,-1
59.000000,1,[Tank],[8],1,5,2
59.000000,1,[Controller],[8],0,7,-1
59.000000,1,[Controller;Striker],[8;8],0,9,-1
59.000000,0,[Controller],[8],1,3,3
59.000000,0,[Tank],[12],1,4,0
59.000000,0,[Striker],[8],0,5,-1
59.000000,0,[Striker],[8],0,7,-1
59.000000,0,[Controller],[8],1,7,8
59.000000,0,[Striker],[3],1,9,9
59.000000,0,[Controller],[8],0,10,-1
60.000000,1,[Tank],[8],0,1,-1
60.000000,1,[Controller],[8],1,2,2
60.000000,1,[Striker],[1],0,4,-1
60.000000,1,[Tank],[8],1,5,2
60.000000,1,[Controller],[8],0,7,-1
60.000000,1,[Controller],[8],1,8,8
60.000000,1,[Tank],[8],0,8,-1
60.000000,1,[Controller;Striker],[8;8],0,9,-1
60.000000,0,[Controller],[8],1,3,3
60.000000,0,[Tank],[12],1,4,0
60.000000,0,[Striker],[8],1,5,7
60.000000,0,[Striker],[8],0,7,-1
60.000000,0,[Controller],[8],1,7,8
60.000000,0,[Controller;Striker],[8;3],0,10,-1
61.000000,1,[Tank],[8],0,1,-1
61.000000,1,[Controller],[8],0,3,-1
61.000000,1,[Striker],[1],0,4,-1
61.000000,1,[Tank],[8],1,5,2
61.000000,1,[Controller],[8],0,7,-1
61.000000,1,[Tank],[8],0,8,-1
61.000000,1,[Controller;Striker;Controller],[8;8;8],0,9,-1
61.000000,0,[Controller],[8],1,3,3
61.000000,0,[Tank],[12],1,4,0
61.000000,0,[Striker],[8],1,5,7
61.000000,0,[Striker],[8],0,7,-1
61.000000,0,[Controller],[8],1,7,8
61.000000,0,[Controller;Striker],[8;3],0,10,-1
62.000000,1,[Tank],[8],0,1,-1
62.000000,1,[Striker],[1],1,4,0
62.000000,1,[Tank],[8],1,5,2
62.000000,1,[Tank],[8],0,8,-1
62.000000,1,[Controller;Striker;Controller],[8;8;8],0,9,-1
62.000000,0,[Tank],[12],0,1,-1
62.000000,0,[Striker],[8],1,7,9
62.000000,0,[Controller],[8],1,7,8
62.000000,0,[Striker],[8],0,8,-1
62.000000,0,[Controller;Striker],[8;3],0,10,-1
63.000000,1,[Tank],[8],0,1,-1
63.000000,1,[Striker],[1],1,4,0
63.000000,1,[Tank],[8],1,5,2
63.000000,1,[Tank],[8],0,8,-1
63.000000,1,[Striker],[8],0,9,-1
63.000000,1,[Controller],[8],1,9,4
63.000000,0,[Tank],[12],0,1,-1
63.000000,0,[Controller],[8],0,4,-1
63.000000,0,[Striker],[8],1,7,9
63.000000,0,[Controller],[8],1,7,8
63.000000,0,[Striker],[8],0,8,-1
63.000000,0,[Controller;Striker],[8;3],0,10,-1
64.000000,1,[Tank],[7],0,1,-1
64.000000,1,[Striker],[1],1,4,0
64.000000,1,[Tank],[8],1,5,2
64.000000,1,[Tank],[8],0,8,-1
64.000000,1,[Striker],[8],0,9,-1
64.000000,1,[Controller],[8],1,9,4
64.000000,1,[Striker],[8],0,10,-1
64.000000,0,[Tank],[12],0,1,-1
64.000000,0,[Controller],[8],0,4,-1
64.000000,0,[Controller],[8],1,7,8
64.000000,0,[Striker],[8],0,8,-1
64.000000,0,[Controller;Striker],[8;8],0,10,-1
64.000000,0,[Striker],[3],1,10,8
65.000000,1,[Tank;Striker],[6;1],0,1,-1
65.000000,1,[Tank],[8],0,3,-1
65.000000,1,[Striker],[8],1,9,5
65.000000,1,[Controller],[8],1,9,4
65.000000,1,[Striker],[8],0,10,-1
65.000000,0,[Tank],[12],0,1,-1
65.000000,0,[Striker],[8],0,3,-1
65.000000,0,[Controller],[8],0,4,-1
65.000000,0,[Controller],[8],0,6,-1
65.000000,0,[Striker],[8],1,8,4
65.000000,0,[Controller],[8],0,9,-1
65.000000,0,[Controller;Striker],[8;8],0,10,-1
65.000000,0,[Striker],[3],1,10,8
66.000000,1,[Tank;Striker],[4;1],0,1,-1
66.000000,1,[Tank],[8],1,3,3
66.000000,1,[Striker],[8],1,9,5
66.000000,1,[Controller],[8],1,9,4
66.000000,1,[Striker],[7],0,10,-1
66.000000,0,[Tank],[12],0,1,-1
66.000000,0,[Controller],[8],0,4,-1
66.000000,0,[Controller],[8],0,6,-1
66.000000,0,[Striker],[8],1,8,4
66.000000,0,[Controller;Striker],[8;3],0,9,-1
66.000000,0,[Controller;Striker],[8;7],0,10,-1
67.000000,1,[Tank],[4],0,1,-1
67.000000,1,[Tank],[8],1,3,3
67.000000,1,[Controller],[8],0,4,-1
67.000000,1,[Striker],[8],0,6,-1
67.000000,1,[Controller],[8],1,9,4
67.000000,1,[Striker],[3],0,10,-1
67.000000,0,[Striker],[8],0,5,-1
67.000000,0,[Controller],[8],0,6,-1
67.000000,0,[Controller],[8],1,9,4
67.000000,0,[Striker],[3],0,9,-1
67.000000,0,[Controller],[8],1,10,8
67.000000,0,[Striker],[6],0,10,-1
68.000000,1,[Tank],[4],0,1,-1
68.000000,1,[Tank],[8],1,3,3
68.000000,1,[Controller],[8],0,4,-1
68.000000,1,[Striker],[8],0,6,-1
68.000000,1,[Controller],[8],1,9,4
68.000000,1,[Tank],[12],0,10,-1
68.000000,0,[Striker],[8],0,4,-1
68.000000,0,[Striker],[8],0,5,-1
68.000000,0,[Controller],[8],1,9,4
68.000000,0,[Striker],[3],0,9,-1
68.000000,0,[Controller],[8],1,10,8
68.000000,0,[Striker],[4],0,10,-1
69.000000,1,[Tank],[4],0,1,-1
69.000000,1,[Tank],[8],1,3,3
69.000000,1,[Controller],[8],0,4,-1
69.000000,1,[Controller],[8],0,5,-1
69.000000,1,[Striker],[8],0,6,-1
69.000000,0,[Striker],[8],1,4,0
69.000000,0,[Striker],[8],0,5,-1
69.000000,0,[Controller],[8],1,9,4
69.000000,0,[Striker],[3],0,9,-1
69.000000,0,[Controller],[8],1,10,8
70.000000,1,[Tank],[4],0,1,-1
70.000000,1,[Controller;Tank],[8;8],0,4,-1
70.000000,1,[Controller],[8],0,5,-1
70.000000,1,[Striker],[8],0,6,-1
70.000000,0,[Striker],[8],1,4,0
70.000000,0,[Striker],[8],0,5,-1
70.000000,0,[Controller],[8],1,9,4
70.000000,0,[Striker],[3],0,9,-1
70.000000,0,[Controller],[8],1,10,8
71.000000,1,[Tank],[4],0,1,-1
71.000000,1,[Controller;Tank],[8;8],0,4,-1
71.000000,1,[Controller],[8],1,5,1
71.000000,1,[Striker],[8],0,6,-1
71.000000,1,[Tank],[12],0,10,-1
71.000000,0,[Tank],[12],1,1,1
71.000000,0,[Tank],[8],1,2,0
71.000000,0,[Tank],[8],0,2,-1
71.000000,0,[Striker],[8],1,4,0
71.000000,0,[Striker],[8],1,5,8
71.000000,0,[Controller],[8],1,9,4
71.000000,0,[Striker],[3],1,9,9
71.000000,0,[Controller],[8],0,9,-1
72.000000,1,[Tank],[4],0,1,-1
72.000000,1,[Controller],[8],1,5,1
72.000000,1,[Striker],[8],0,6,-1
72.000000,1,[Controller;Striker],[8;1],0,7,-1
72.000000,1,[Tank],[12],0,10,-1
72.000000,0,[Tank],[12],1,1,1
72.000000,0,[Striker],[8],0,1,-1
72.000000,0,[Tank],[8],1,2,0
72.000000,0,[Tank],[8],0,2,-1
72.000000,0,[Striker],[8],1,5,8
72.000000,0,[Controller],[8],1,9,4
72.000000,0,[Striker],[3],1,9,9
72.000000,0,[Controller],[8],0,9,-1
73.000000,1,[Tank],[3],0,1,-1
73.000000,1,[Controller],[8],1,5,1
73.000000,1,[Striker],[8],0,6,-1
73.000000,1,[Controller;Striker],[8;1],0,7,-1
73.000000,1,[Tank],[12],0,10,-1
73.000000,0,[Striker],[8],1,1,1
73.000000,0,[Tank],[8],1,2,0
73.000000,0,[Tank;Tank],[8;12],0,2,-1
73.000000,0,[Striker],[8],1,5,8
73.000000,0,[Controller],[8],0,5,-1
73.000000,0,[Controller],[8],1,9,4
73.000000,0,[Striker],[3],0,10,-1
74.000000,1,[Tank],[3],0,1,-1
74.000000,1,[Controller],[8],1,5,1
74.000000,1,[Striker],[8],0,6,-1
74.000000,1,[Controller;Striker],[8;1],0,7,-1
74.000000,0,[Striker],[8],1,1,1
74.000000,0,[Tank],[8],1,2,0
74.000000,0,[Tank;Tank],[8;12],0,2,-1
74.000000,0,[Controller],[8],0,5,-1
74.000000,0,[Controller],[8],1,9,4
74.000000,0,[Striker],[8],0,9,-1
75.000000,1,[Tank],[3],0,1,-1
75.000000,1,[Controller],[8],0,2,-1
75.000000,1,[Striker],[8],0,6,-1
75.000000,1,[Controller],[8],0,7,-1
75.000000,1,[Striker],[1],1,7,8
75.000000,0,[Striker],[8],1,1,1
75.000000,0,[Tank],[8],1,2,0
75.000000,0,[Tank;Tank],[8;12],0,2,-1
75.000000,0,[Controller],[8],0,5,-1
75.000000,0,[Controller],[8],1,9,4
75.000000,0,[Striker],[8],0,9,-1
76.000000,1,[Tank],[3],0,1,-1
76.000000,1,[Controller],[8],0,2,-1
76.000000,1,[Striker],[8],0,6,-1
76.000000,1,[Controller],[8],0,7,-1
76.000000,1,[Striker],[1],1,7,8
76.000000,0,[Tank],[8],0,1,-1
76.000000,0,[Tank;Striker],[8;8],0,2,-1
76.000000,0,[Tank],[12],1,2,4
76.000000,0,[Controller],[8],1,5,1
76.000000,0,[Controller],[8],1,9,4
76.000000,0,[Striker],[8],0,9,-1
77.000000,1,[Tank],[2],1,1,1
77.000000,1,[Controller],[8],0,2,-1
77.000000,1,[Striker],[8],0,6,-1
77.000000,1,[Controller],[8],0,7,-1
77.000000,1,[Striker],[1],1,7,8
77.000000,0,[Tank],[8],0,1,-1
77.000000,0,[Tank;Striker],[8;8],0,2,-1
77.000000,0,[Tank],[12],1,2,4
77.000000,0,[Controller],[8],1,5,1
77.000000,0,[Controller],[8],1,9,4
77.000000,0,[Striker],[8],0,9,-1
78.000000,1,[Tank],[2],1,1,1
78.000000,1,[Controller],[8],0,2,-1
78.000000,1,[Striker],[8],0,6,-1
78.000000,1,[Controller],[8],0,7,-1
78.000000,0,[Tank],[8],0,1,-1
78.000000,0,[Tank],[8],0,2,-1
78.000000,0,[Tank],[12],1,2,4
78.000000,0,[Controller],[8],1,5,1
78.000000,0,[Controller],[8],0,7,-1
78.000000,0,[Controller],[8],1,9,4
78.000000,0,[Striker],[8],1,9,7
79.000000,1,[Tank],[2],1,1,1
79.000000,1,[Controller],[8],0,2,-1
79.000000,1,[Striker],[8],0,6,-1
79.000000,1,[Controller;Controller],[8;8],0,7,-1
79.000000,0,[Tank],[8],0,1,-1
79.000000,0,[Tank],[8],0,2,-1
79.000000,0,[Tank],[12],1,2,4
79.000000,0,[Controller],[8],1,5,1
79.000000,0,[Controller],[8],0,5,-1
79.000000,0,[Controller],[8],0,7,-1
79.000000,0,[Striker],[8],1,9,7
80.000000,1,[Tank],[2],1,1,1
80.000000,1,[Controller],[8],0,1,-1
80.000000,1,[Controller],[8],0,2,-1
80.000000,1,[Controller],[8],0,7,-1
80.000000,0,[Tank],[8],0,1,-1
80.000000,0,[Tank;Controller],[8;8],0,2,-1
80.000000,0,[Controller;Tank],[8;12],0,5,-1
80.000000,0,[Controller],[8],0,7,-1
80.000000,0,[Striker],[8],0,8,-1
81.000000,1,[Tank],[2],1,1,1
81.000000,1,[Controller],[8],0,1,-1
81.000000,1,[Controller],[6],1,2,0
81.000000,1,[Controller],[8],0,7,-1
81.000000,1,[Striker],[1],0,8,-1
81.000000,0,[Tank],[8],0,1,-1
81.000000,0,[Tank;Controller],[8;8],0,2,-1
81.000000,0,[Controller;Tank],[8;12],0,5,-1
81.000000,0,[Controller],[8],0,7,-1
81.000000,0,[Striker],[8],0,8,-1
82.000000,1,[Tank],[2],1,1,1
82.000000,1,[Controller],[8],0,1,-1
82.000000,1,[Controller],[6],1,2,0
82.000000,1,[Controller],[8],0,7,-1
82.000000,1,[Tank],[12],1,9,4
82.000000,0,[Tank],[8],0,1,-1
82.000000,0,[Tank;Tank],[8;8],0,2,-1
82.000000,0,[Controller],[8],1,2,0
82.000000,0,[Controller],[8],0,5,-1
82.000000,0,[Controller],[8],0,7,-1
83.000000,1,[Controller],[8],0,1,-1
83.000000,1,[Controller],[6],1,2,0
83.000000,1,[Tank],[2],0,2,-1
83.000000,1,[Tank],[12],1,9,4
83.000000,0,[Tank],[8],0,1,-1
83.000000,0,[Tank;Tank;Striker],[8;8;8],0,2,-1
83.000000,0,[Controller],[8],1,2,0
83.000000,0,[Controller;Controller],[8;8],0,7,-1
84.000000,1,[Controller],[8],0,1,-1
84.000000,1,[Controller],[6],1,2,0
84.000000,1,[Tank],[12],1,9,4
84.000000,1,[Controller],[8],0,10,-1
84.000000,0,[Tank],[8],0,1,-1
84.000000,0,[Controller],[8],1,7,9
84.000000,0,[Controller],[8],0,7,-1
85.000000,1,[Controller],[8],0,1,-1
85.000000,1,[Controller],[6],1,2,0
85.000000,1,[Tank],[12],1,9,4
85.000000,1,[Controller],[8],0,10,-1
85.000000,0,[Tank],[8],0,1,-1
85.000000,0,[Controller],[8],1,7,9
86.000000,1,[Controller],[7],0,1,-1
86.000000,1,[Controller],[6],1,2,0
86.000000,1,[Tank],[12],0,5,-1
86.000000,1,[Controller],[8],0,10,-1
86.000000,0,[Tank],[8],0,1,-1
86.000000,0,[Controller],[8],1,7,9
87.000000,1,[Controller;Controller],[7;6],0,1,-1
87.000000,1,[Tank],[12],0,5,-1
87.000000,1,[Controller],[8],0,10,-1
87.000000,0,[Tank],[8],0,1,-1
87.000000,0,[Striker],[8],0,5,-1
87.000000,0,[Controller],[8],1,7,9
88.000000,1,[Controller;Controller;Tank],[7;6;8],0,1,-1
88.000000,1,[Tank],[12],0,5,-1
88.000000,1,[Controller],[8],0,10,-1
88.000000,0,[Tank;Controller],[8;8],0,1,-1
88.000000,0,[Striker],[8],1,5,7
88.000000,0,[Controller],[8],0,10,-1
89.000000,1,[Controller;Controller;Tank],[7;6;8],0,1,-1
89.000000,1,[Tank],[12],0,5,-1
89.000000,1,[Controller],[8],0,10,-1
89.000000,0,[Tank;Controller],[8;8],0,1,-1
89.000000,0,[Striker],[8],1,5,7
89.000000,0,[Controller],[8],0,10,-1
90.000000,1,[Controller;Controller;Tank],[7;5;8],0,1,-1
90.000000,1,[Tank],[12],0,5,-1
90.000000,1,[Controller],[8],0,10,-1
90.000000,0,[Tank;Controller],[8;8],0,1,-1
90.000000,0,[Striker],[8],0,8,-1
90.000000,0,[Controller],[8],0,10,-1
91.000000,1,[Controller;Controller;Tank],[6;4;8],0,1,-1
91.000000,1,[Tank],[12],0,5,-1
91.000000,1,[Controller],[8],0,10,-1
91.000000,0,[Tank;Controller;Tank],[8;8;8],0,1,-1
91.000000,0,[Striker],[7],0,5,-1
91.000000,0,[Striker],[8],0,8,-1
91.000000,0,[Controller],[8],0,10,-1
92.000000,1,[Controller;Controller;Tank],[6;3;8],0,1,-1
92.000000,1,[Tank],[12],0,5,-1
92.000000,1,[Controller],[8],1,10,6
92.000000,0,[Tank;Controller;Tank],[8;8;8],0,1,-1
92.000000,0,[Striker],[7],0,5,-1
92.000000,0,[Striker],[8],0,8,-1
93.000000,1,[Controller;Controller;Tank],[5;2;8],0,1,-1
93.000000,1,[Tank],[12],0,5,-1
93.000000,1,[Controller],[8],1,10,6
93.000000,0,[Tank;Controller;Tank],[8;8;8],0,1,-1
93.000000,0,[Striker],[7],0,5,-1
93.000000,0,[Striker],[8],0,8,-1
94.000000,1,[Controller;Controller;Tank;Controller],[5;2;8;8],0,1,-1
94.000000,1,[Tank],[12],0,5,-1
94.000000,1,[Tank],[8],0,11,-1
94.000000,0,[Tank;Controller],[8;8],0,1,-1
94.000000,0,[Striker],[7],0,5,-1
94.000000,0,[Striker],[8],0,8,-1
95.000000,1,[Controller;Controller;Tank;Controller],[3;1;8;8],0,1,-1
95.000000,1,[Tank],[12],0,5,-1
95.000000,1,[Tank],[8],1,11,7
95.000000,0,[Tank;Controller],[8;8],0,1,-1
95.000000,0,[Striker],[8],0,8,-1
96.000000,1,[Controller;Tank;Controller],[3;8;8],0,1,-1
96.000000,1,[Tank],[12],1,5,8
96.000000,1,[Striker],[8],0,6,-1
96.000000,1,[Controller],[8],0,7,-1
96.000000,1,[Tank],[8],1,11,7
96.000000,0,[Tank;Controller],[8;8],0,1,-1
96.000000,0,[Striker],[8],0,8,-1
96.000000,0,[Controller],[8],1,9,5
97.000000,1,[Controller;Tank;Controller],[2;8;5],0,1,-1
97.000000,1,[Tank],[12],1,5,8
97.000000,1,[Striker],[8],0,6,-1
97.000000,1,[Controller],[8],0,7,-1
97.000000,0,[Tank;Controller],[8;8],0,1,-1
97.000000,0,[Tank],[12],0,7,-1
97.000000,0,[Striker],[8],1,8,10
97.000000,0,[Controller],[8],1,9,5
98.000000,1,[Controller;Tank;Controller],[2;8;3],0,1,-1
98.000000,1,[Tank],[12],1,5,8
98.000000,1,[Striker],[8],1,6,2
98.000000,1,[Controller],[8],0,7,-1
98.000000,0,[Tank;Controller],[8;8],0,1,-1
98.000000,0,[Striker],[7],0,3,-1
98.000000,0,[Tank],[12],0,7,-1
98.000000,0,[Striker],[8],1,8,10
98.000000,0,[Controller],[8],1,9,5
99.000000,1,[Controller;Tank;Controller],[2;8;3],0,1,-1
99.000000,1,[Tank],[12],1,5,8
99.000000,1,[Striker],[8],1,6,2
99.000000,0,[Tank;Controller],[8;8],0,1,-1
99.000000,0,[Striker],[7],0,3,-1
99.000000,0,[Controller],[8],0,6,-1
99.000000,0,[Tank],[12],1,7,3
99.000000,0,[Striker],[8],1,8,10
100.000000,1,[Controller;Controller],[2;3],0,1,-1
100.000000,1,[Tank],[8],1,1,1
100.000000,1,[Striker],[8],0,3,-1
100.000000,1,[Tank],[12],1,5,8
100.000000,0,[Tank;Controller],[8;8],0,1,-1
100.000000,0,[Tank],[8],0,2,-1
100.000000,0,[Striker],[7],0,3,-1
100.000000,0,[Controller],[8],0,6,-1
100.000000,0,[Tank],[12],1,7,3
100.000000,0,[Controller;Striker],[8;8],0,11,-1
101.000000,1,[Tank],[8],1,1,1
101.000000,1,[Controller],[1],0,1,-1
101.000000,1,[Striker],[8],0,3,-1
101.000000,1,[Tank],[12],1,5,8
101.000000,0,[Tank],[8],0,1,-1
101.000000,0,[Controller],[8],1,1,1
101.000000,0,[Tank],[8],0,2,-1
101.000000,0,[Striker],[7],0,3,-1
101.000000,0,[Controller],[8],0,6,-1
101.000000,0,[Tank],[12],1,7,3
101.000000,0,[Controller;Striker],[8;8],0,11,-1
102.000000,1,[Tank],[8],1,1,1
102.000000,1,[Striker],[8],0,3,-1
102.000000,1,[Tank],[12],0,9,-1
102.000000,0,[Tank],[8],0,2,-1
102.000000,0,[Striker],[6],1,3,1
102.000000,0,[Controller],[8],0,6,-1
102.000000,0,[Tank],[12],1,7,3
102.000000,0,[Controller;Striker],[8;8],0,11,-1
103.000000,1,[Tank],[8],1,1,1
103.000000,1,[Striker],[8],0,3,-1
103.000000,1,[Tank],[12],0,9,-1
103.000000,0,[Striker],[6],1,3,1
103.000000,0,[Tank],[12],0,4,-1
103.000000,0,[Controller],[8],0,6,-1
103.000000,0,[Controller;Striker],[8;8],0,11,-1
104.000000,1,[Tank],[8],1,1,1
104.000000,1,[Striker],[8],1,3,5
104.000000,1,[Tank],[12],0,9,-1
104.000000,0,[Striker],[6],0,2,-1
104.000000,0,[Tank],[12],0,4,-1
104.000000,0,[Tank],[8],0,5,-1
104.000000,0,[Controller],[8],1,5,8
104.000000,0,[Controller],[8],0,6,-1
104.000000,0,[Controller;Striker],[8;8],0,11,-1
105.000000,1,[Tank],[8],1,1,1
105.000000,1,[Striker],[8],1,3,5
105.000000,0,[Striker],[6],0,2,-1
105.000000,0,[Tank],[12],0,4,-1
105.000000,0,[Tank;Controller],[8;8],1,5,8
105.000000,0,[Controller],[8],0,6,-1
105.000000,0,[Controller;Striker],[8;8],0,11,-1
106.000000,1,[Tank],[8],0,2,-1
106.000000,1,[Striker],[8],0,6,-1
106.000000,0,[Striker],[6],0,2,-1
106.000000,0,[Tank],[12],0,4,-1
106.000000,0,[Tank;Controller],[8;8],1,5,8
106.000000,0,[Controller],[8],0,6,-1
106.000000,0,[Controller;Striker],[8;8],0,11,-1
107.000000,1,[Tank],[8],0,2,-1
107.000000,1,[Striker],[8],0,6,-1
107.000000,0,[Striker;Controller],[6;8],0,2,-1
107.000000,0,[Tank],[12],0,4,-1
107.000000,0,[Tank;Controller],[8;8],1,5,8
107.000000,0,[Controller],[8],0,6,-1
107.000000,0,[Controller;Striker],[8;8],0,11,-1
108.000000,1,[Tank],[8],0,2,-1
108.000000,1,[Tank],[8],0,5,-1
108.000000,1,[Striker],[7],0,6,-1
108.000000,1,[Controller],[8],0,9,-1
108.000000,0,[Striker;Controller],[5;8],0,2,-1
108.000000,0,[Tank],[12],1,4,6
108.000000,0,[Tank;Controller],[8;8],1,5,8
108.000000,0,[Controller],[8],0,6,-1
108.000000,0,[Controller],[8],0,11,-1
108.000000,0,[Striker],[8],1,11,7
109.000000,1,[Tank],[7],0,2,-1
109.000000,1,[Tank],[8],0,5,-1
109.000000,1,[Striker],[7],0,6,-1
109.000000,1,[Controller],[8],0,9,-1
109.000000,1,[Tank],[12],0,10,-1
109.000000,0,[Striker;Controller],[5;8],0,2,-1
109.000000,0,[Tank],[12],1,4,6
109.000000,0,[Tank;Controller],[8;8],1,5,8
109.000000,0,[Controller],[8],0,6,-1
109.000000,0,[Controller],[8],1,11,9
109.000000,0,[Striker],[8],1,11,7
110.000000,1,[Tank],[5],1,2,0
110.000000,1,[Tank],[8],0,5,-1
110.000000,1,[Striker],[5],0,6,-1
110.000000,1,[Controller],[8],0,9,-1
110.000000,1,[Tank],[12],0,10,-1
110.000000,0,[Tank;Tank],[8;8],0,1,-1
110.000000,0,[Tank],[12],1,4,6
110.000000,0,[Tank],[8],1,5,8
110.000000,0,[Controller],[7],0,6,-1
110.000000,0,[Controller],[8],0,9,-1
110.000000,0,[Controller],[8],1,11,9
110.000000,0,[Striker],[8],1,11,7
111.000000,1,[Tank],[5],1,2,0
111.000000,1,[Tank],[8],1,5,1
111.000000,1,[Striker],[2],0,6,-1
111.000000,1,[Controller],[8],0,9,-1
111.000000,1,[Tank],[12],0,10,-1
111.000000,0,[Tank;Tank],[8;8],0,1,-1
111.000000,0,[Tank],[12],1,4,6
111.000000,0,[Controller],[7],0,6,-1
111.000000,0,[Striker],[8],0,8,-1
111.000000,0,[Controller;Tank],[8;8],0,9,-1
111.000000,0,[Controller],[8],1,11,9
112.000000,1,[Tank],[5],1,2,0
112.000000,1,[Tank],[8],1,5,1
112.000000,1,[Controller],[8],0,9,-1
112.000000,1,[Tank],[12],1,10,8
112.000000,0,[Tank;Tank],[8;8],0,1,-1
112.000000,0,[Tank],[12],0,7,-1
112.000000,0,[Striker],[8],0,8,-1
112.000000,0,[Controller],[8],0,9,-1
113.000000,1,[Tank],[5],1,2,0
113.000000,1,[Tank],[8],1,5,1
113.000000,1,[Controller],[8],1,9,9
113.000000,1,[Tank],[12],1,10,8
113.000000,0,[Tank;Tank],[8;8],0,1,-1
113.000000,0,[Striker],[8],0,8,-1
113.000000,0,[Controller],[7],1,9,7
113.000000,0,[Controller],[8],1,11,9
114.000000,1,[Tank],[5],1,2,0
114.000000,1,[Tank],[8],1,5,1
114.000000,1,[Controller],[8],1,9,9
114.000000,1,[Tank],[12],1,10,8
114.000000,0,[Tank],[8],1,1,3
114.000000,0,[Tank],[8],0,1,-1
114.000000,0,[Striker],[8],0,8,-1
114.000000,0,[Controller],[7],1,9,7
114.000000,0,[Controller],[8],1,11,9
115.000000,1,[Tank],[5],1,2,0
115.000000,1,[Tank],[8],0,2,-1
115.000000,1,[Controller],[8],1,9,9
115.000000,1,[Tank],[12],1,10,8
115.000000,0,[Tank],[8],1,1,3
115.000000,0,[Tank],[8],0,1,-1
115.000000,0,[Striker],[8],0,8,-1
115.000000,0,[Controller],[7],1,9,7
115.000000,0,[Controller],[8],0,10,-1
116.000000,1,[Tank],[5],0,1,-1
116.000000,1,[Tank],[8],0,2,-1
116.000000,1,[Tank],[12],0,9,-1
116.000000,0,[Tank],[8],1,1,3
116.000000,0,[Tank],[8],0,1,-1
116.000000,0,[Striker],[8],0,8,-1
116.000000,0,[Controller],[7],1,9,7
116.000000,0,[Controller],[8],1,10,6
117.000000,1,[Tank],[4],0,1,-1
117.000000,1,[Tank],[8],0,2,-1
117.000000,1,[Tank],[12],0,9,-1
117.000000,0,[Tank],[8],1,1,3
117.000000,0,[Tank],[8],0,1,-1
117.000000,0,[Controller],[8],1,10,6
118.000000,1,[Tank],[3],0,1,-1
118.000000,1,[Tank],[8],1,2,4
118.000000,0,[Tank],[8],1,1,3
118.000000,0,[Tank],[8],0,1,-1
119.000000,1,[Tank],[2],0,1,-1
119.000000,1,[Tank],[8],1,2,4
119.000000,0,[Tank],[8],1,1,3
119.000000,0,[Tank],[8],0,1,-1
119.000000,0,[Striker],[8],0,5,-1
120.000000,1,[Tank],[1],0,1,-1
120.000000,1,[Tank],[8],1,2,4
120.000000,0,[Tank],[8],0,1,-1
120.000000,0,[Tank],[8],0,4,-1
120.000000,0,[Striker],[8],0,5,-1
120.000000,0,[Controller],[8],0,7,-1
121.000000,1,[Tank],[8],1,2,4
121.000000,0,[Tank],[8],0,4,-1
121.000000,0,[Striker],[8],0,5,-1
121.000000,0,[Controller],[8],0,7,-1
122.000000,1,[Tank],[8],0,5,-1
122.000000,0,[Tank],[8],0,4,-1
122.000000,0,[Striker],[8],0,5,-1
122.000000,0,[Controller],[8],0,7,-1
123.000000,1,[Tank],[8],0,5,-1
123.000000,0,[Tank],[8],0,4,-1
123.000000,0,[Controller],[8],0,7,-1
124.000000,1,[Tank],[8],0,5,-1
124.000000,0,[Controller],[7],0,5,-1
124.000000,0,[Controller],[8],0,7,-1
125.000000,1,[Tank],[8],1,5,7
125.000000,0,[Striker],[8],0,8,-1
126.000000,1,[Tank],[8],1,5,7
126.000000,0,[Striker],[8],0,8,-1
127.000000,1,[Tank],[8],1,5,7
127.000000,0,[Striker],[8],0,8,-1
128.000000,1,[Tank],[8],1,5,7
128.000000,0,[Striker],[8],0,8,-1
129.000000,1,[Tank],[8],0,8,-1
129.000000,0,[Controller],[7],0,6,-1
129.000000,0,[Striker],[8],0,8,-1
130.000000,0,[Controller],[7],0,6,-1
131.000000,0,[Controller],[7],0,6,-1
131.000000,0,[Controller],[8],0,10,-1
132.000000,1,[Tank],[12],0,6,-1
132.000000,0,[Controller],[7],0,6,-1
132.000000,0,[Controller],[8],1,10,10
133.000000,1,[Tank],[12],0,6,-1
133.000000,0,[Controller],[7],0,6,-1
133.000000,0,[Controller],[8],1,10,10
134.000000,1,[Tank],[12],0,6,-1
134.000000,1,[Tank],[8],0,9,-1
134.000000,0,[Controller],[7],0,6,-1
134.000000,0,[Controller],[8],1,10,10
135.000000,1,[Tank],[12],0,6,-1
135.000000,1,[Tank],[8],0,9,-1
135.000000,0,[Controller],[7],0,6,-1
135.000000,0,[Controller],[8],1,10,10
136.000000,1,[Tank],[12],1,6,2
136.000000,1,[Tank],[8],0,9,-1
136.000000,0,[Tank;Controller],[12;7],0,3,-1
136.000000,0,[Controller],[8],1,10,10
137.000000,1,[Tank],[12],1,6,2
137.000000,0,[Tank;Controller],[12;7],0,3,-1
137.000000,0,[Controller],[8],1,10,10
138.000000,1,[Tank],[12],1,6,2
138.000000,0,[Controller],[8],0,11,-1
139.000000,1,[Tank],[12],0,3,-1
139.000000,0,[Controller],[7],0,3,-1
139.000000,0,[Controller],[8],0,11,-1
140.000000,1,[Tank],[12],0,3,-1
140.000000,1,[Controller],[8],0,11,-1
140.000000,0,[Controller],[6],0,3,-1
140.000000,0,[Controller],[8],0,11,-1
141.000000,1,[Tank],[12],0,3,-1
141.000000,1,[Controller],[8],0,11,-1
141.000000,0,[Controller],[8],0,11,-1
142.000000,1,[Tank],[12],0,3,-1
142.000000,1,[Controller],[8],0,11,-1
143.000000,1,[Tank],[12],0,3,-1
143.000000,1,[Controller],[8],0,11,-1
144.000000,1,[Tank],[12],1,3,5
144.000000,1,[Controller],[8],0,11,-1
145.000000,1,[Tank],[12],1,3,5
145.000000,1,[Controller],[8],0,11,-1
146.000000,1,[Tank],[12],1,3,5
146.000000,1,[Controller],[8],0,11,-1
147.000000,1,[Tank],[12],0,6,-1
147.000000,1,[Tank],[8],0,10,-1
147.000000,1,[Controller],[8],0,11,-1
148.000000,1,[Tank],[12],0,6,-1
148.000000,1,[Tank],[8],0,10,-1
148.000000,1,[Controller],[8],0,11,-1
148.000000,0,[Striker],[8],0,9,-1
149.000000,1,[Tank],[12],0,6,-1
149.000000,1,[Tank],[8],0,10,-1
149.000000,1,[Controller],[8],0,11,-1
149.000000,0,[Striker],[8],0,9,-1
150.000000,1,[Tank],[12],0,6,-1
150.000000,1,[Tank],[8],0,10,-1
150.000000,1,[Controller],[8],0,11,-1
150.000000,0,[Striker],[8],0,9,-1
