0,player1,player2,status,focus
0.000000,1100,1100,0,4
1.000000,1100,1100,0,4
2.000000,1100,1100,0,4
3.000000,1100,1100,0,4
4.000000,1108,1108,0,4
5.000000,1116,1116,0,4
6.000000,1124,1116,0,4
7.000000,1156,1132,0,4
8.000000,1188,1184,0,4
9.000000,1340,1252,0,4
10.000000,1356,1400,0,15
11.000000,1388,1508,0,15
12.000000,1412,1508,0,15
13.000000,1532,1514,0,15
14.000000,1540,1529,0,15
15.000000,1564,1544,0,15
16.000000,1616,1568,0,15
17.000000,1660,1596,0,15
18.000000,1796,1631,0,15
19.000000,1900,1768,0,15
20.000000,1900,1784,0,2
21.000000,1900,1800,0,2
22.000000,1900,1816,0,2
23.000000,1784,1920,0,2
24.000000,1761,1920,0,2
25.000000,1726,1812,0,2
26.000000,1726,1804,0,2
27.000000,1726,1804,0,2
28.000000,1726,1804,0,2
29.000000,1726,1804,0,2
30.000000,1726,1802,0,17
31.000000,1618,1800,0,17
32.000000,1610,1916,0,17
33.000000,1602,1915,0,17
34.000000,1592,1914,0,17
35.000000,1606,1913,0,17
36.000000,1619,1789,0,17
37.000000,1519,1789,0,17
38.000000,1519,1912,0,17
39.000000,1627,1806,0,17
40.000000,1627,1805,0,21
41.000000,1631,1807,0,21
42.000000,1634,1809,0,21
43.000000,1638,1695,0,21
44.000000,1732,1556,0,21
45.000000,1712,1527,0,21
46.000000,1704,1496,0,21
47.000000,1704,1498,0,21
48.000000,1704,1484,0,21
49.000000,1716,1492,0,21
50.000000,1716,1500,0,15
51.000000,1608,1101,0,15
52.000000,1607,1096,0,15
53.000000,1606,1091,0,15
54.000000,1489,1086,0,15
55.000000,1485,1104,0,15
56.000000,1475,1122,0,15
57.000000,1479,1140,0,15
58.000000,1581,1133,0,15
59.000000,1587,1127,0,15
60.000000,1590,1103,0,11
61.000000,1596,1095,0,11
62.000000,1602,1095,0,11
63.000000,1500,1095,0,11
64.000000,1506,1119,0,11
65.000000,1596,1019,0,11
66.000000,1595,1159,0,11
67.000000,1595,1675,0,11
68.000000,1483,1671,0,11
69.000000,1491,1674,0,11
70.000000,1603,1762,0,7
71.000000,1582,1746,0,7
72.000000,1575,1635,0,7
73.000000,1599,1651,0,7
74.000000,1634,1643,0,7
75.000000,1668,1753,0,7
76.000000,1791,1637,0,7
77.000000,1788,1621,0,7
78.000000,1786,1621,0,7
79.000000,1778,1619,0,7
80.000000,1778,1619,0,15
81.000000,1772,1617,0,15
82.000000,1766,1625,0,15
83.000000,1766,1632,0,15
84.000000,1766,1639,0,15
85.000000,1773,1747,0,15
86.000000,1757,1753,0,15
87.000000,1741,1759,0,15
88.000000,1741,1865,0,15
89.000000,1749,1865,0,15
90.000000,1757,1865,0,9
91.000000,1765,1865,0,9
92.000000,1777,1864,0,9
93.000000,1790,1864,0,9
94.000000,1903,1863,0,9
95.000000,1904,1861,0,9
96.000000,1905,1860,0,9
97.000000,1906,1860,0,9
98.000000,1906,1860,0,9
99.000000,1906,1860,0,9
100.000000,1906,1860,0,8
101.000000,1894,1860,0,8
102.000000,1889,1744,0,8
103.000000,1884,1728,0,8
104.000000,1763,1712,0,8
105.000000,1758,1696,0,8
106.000000,1753,1668,0,8
107.000000,1757,1660,0,8
108.000000,1757,1660,0,8
109.000000,1755,1549,0,8
110.000000,1751,1541,0,19
111.000000,1744,1546,0,19
112.000000,1740,1560,0,19
113.000000,1856,1571,0,19
114.000000,1854,1577,0,19
115.000000,1852,1583,0,19
116.000000,1865,1585,0,19
117.000000,1865,1590,0,19
118.000000,1857,1595,0,19
119.000000,1852,1697,0,19
120.000000,1852,1701,0,7
121.000000,1735,1597,0,7
122.000000,1719,1589,0,7
123.000000,1702,1581,0,7
124.000000,1685,1595,0,7
125.000000,1564,1609,0,7
126.000000,1653,1615,0,7
127.000000,1653,1621,0,7
128.000000,1557,1625,0,7
129.000000,1561,1631,0,7
130.000000,1565,1637,0,17
131.000000,1569,1643,0,17
132.000000,1573,1652,0,17
133.000000,1577,1663,0,17
134.000000,1581,1667,0,17
135.000000,1576,1639,0,17
136.000000,1584,1631,0,17
137.000000,1584,1631,0,17
138.000000,1584,1722,0,17
139.000000,1584,1710,0,17
140.000000,1584,1692,0,0
141.000000,1584,1682,0,0
142.000000,1584,1677,0,0
143.000000,1584,1676,0,0
144.000000,1458,1683,0,0
145.000000,1444,1682,0,0
146.000000,1436,1680,0,0
147.000000,1435,1571,0,0
148.000000,1435,1554,0,0
149.000000,1443,1545,0,0
150.000000,1451,1545,1,1
