0,player1,player2,status,focus
0.000000,1100,1100,0,21
1.000000,1100,1100,0,21
2.000000,1100,1100,0,21
3.000000,1100,1100,0,21
4.000000,1108,1108,0,21
5.000000,1116,1116,0,21
6.000000,1124,1124,0,21
7.000000,1132,1132,0,21
8.000000,1156,1172,0,21
9.000000,1188,1220,0,21
10.000000,1220,1348,0,17
11.000000,1356,1364,0,17
12.000000,1372,1364,0,17
13.000000,1396,1372,0,17
14.000000,1500,1388,0,17
15.000000,1500,1420,0,17
16.000000,1500,1460,0,17
17.000000,1500,1500,0,17
18.000000,1500,1540,0,17
19.000000,1500,1572,0,17
20.000000,1500,1568,0,8
21.000000,1500,1780,0,8
22.000000,1508,1780,0,8
23.000000,1508,1780,0,8
24.000000,1508,1764,0,8
25.000000,1500,1772,0,8
26.000000,1500,1656,0,8
27.000000,1508,1540,0,8
28.000000,1524,1532,0,8
29.000000,1540,1537,0,8
30.000000,1556,1637,0,20
31.000000,1572,1636,0,20
32.000000,1572,1652,0,20
33.000000,1572,1744,0,20
34.000000,1588,1744,0,20
35.000000,1628,1756,0,20
36.000000,1748,1764,0,20
37.000000,1748,1772,0,20
38.000000,1748,1664,0,20
39.000000,1748,1656,0,20
40.000000,1748,1648,0,15
41.000000,1748,1740,0,15
42.000000,1636,1704,0,15
43.000000,1540,1692,0,15
44.000000,1540,1692,0,15
45.000000,1648,1692,0,15
46.000000,1664,1692,0,15
47.000000,1680,1692,0,15
48.000000,1680,1692,0,15
49.000000,1688,1576,0,15
50.000000,1708,1571,0,7
51.000000,1824,1570,0,7
52.000000,1719,1569,0,7
53.000000,1190,1585,0,7
54.000000,1174,1625,0,7
55.000000,1158,1640,0,7
56.000000,1025,1637,0,7
57.000000,1015,1613,0,7
58.000000,1002,1581,0,7
59.000000,1117,1549,0,7
60.000000,1124,1514,0,13
61.000000,1127,1491,0,13
62.000000,1156,1493,0,13
63.000000,1315,1493,0,13
64.000000,1339,1492,0,13
65.000000,1455,1375,0,13
66.000000,1454,1353,0,13
67.000000,1333,1345,0,13
68.000000,1219,1356,0,13
69.000000,1175,1369,0,13
70.000000,1127,1383,0,19
71.000000,1199,1388,0,19
72.000000,1171,1405,0,19
73.000000,1160,1553,0,19
74.000000,1146,1569,0,19
75.000000,1135,1569,0,19
76.000000,1130,1572,0,19
77.000000,1138,1579,0,19
78.000000,1127,1689,0,19
79.000000,1127,1701,0,19
80.000000,1123,1597,0,8
81.000000,1123,1603,0,8
82.000000,1122,1610,0,8
83.000000,1122,1486,0,8
84.000000,1122,1485,0,8
85.000000,1122,1502,0,8
86.000000,1017,1525,0,8
87.000000,1024,1549,0,8
88.000000,1012,1557,0,8
89.000000,1016,1565,0,8
90.000000,1020,1564,0,22
91.000000,1052,1562,0,22
92.000000,1174,1645,0,22
93.000000,1174,1619,0,22
94.000000,1174,1611,0,22
95.000000,1162,1600,0,22
96.000000,1170,1607,0,22
97.000000,1178,1603,0,22
98.000000,1186,1601,0,22
99.000000,1210,1501,0,22
100.000000,1322,1077,0,14
101.000000,1322,1041,0,14
102.000000,1109,1008,0,14
103.000000,1097,864,0,14
104.000000,1093,812,0,14
105.000000,1113,772,0,14
106.000000,1121,736,0,14
107.000000,1129,700,0,14
108.000000,1012,683,0,14
109.000000,1493,694,0,14
110.000000,1484,702,0,6
111.000000,1484,703,0,6
112.000000,1498,581,0,6
113.000000,1516,573,0,6
114.000000,1535,565,0,6
115.000000,1570,541,0,6
116.000000,1572,533,0,6
117.000000,1656,536,0,6
118.000000,1667,539,0,6
119.000000,1694,550,0,6
120.000000,1800,537,0,7
121.000000,1909,524,0,7
122.000000,1909,512,0,7
123.000000,1801,500,0,7
124.000000,1801,504,0,7
125.000000,1933,524,0,7
126.000000,1977,636,0,7
127.000000,1993,636,0,7
128.000000,2009,636,0,7
129.000000,2017,636,0,7
130.000000,2033,636,0,6
131.000000,2041,620,0,6
132.000000,2049,636,0,6
133.000000,2057,752,0,6
134.000000,2163,752,0,6
135.000000,2171,752,0,6
136.000000,2179,752,0,6
137.000000,2187,752,0,6
138.000000,2195,736,0,6
139.000000,2203,720,0,6
140.000000,2218,720,0,20
141.000000,2114,720,0,20
142.000000,2224,736,0,20
143.000000,2226,752,0,20
144.000000,2240,768,0,20
145.000000,2350,784,0,20
146.000000,2358,800,0,20
147.000000,2254,816,0,20
148.000000,2250,724,0,20
149.000000,2342,732,0,20
150.000000,2330,740,1,21
