0,player1,player2,status,focus
0.000000,1100,1100,0,0
1.000000,1100,1100,0,0
2.000000,1100,1100,0,0
3.000000,1100,1100,0,0
4.000000,1100,1100,0,0
5.000000,1100,1108,0,0
6.000000,1100,1108,0,0
7.000000,1116,1132,0,0
8.000000,1132,1148,0,0
9.000000,1148,1164,0,0
10.000000,1156,1192,0,11
11.000000,1196,1220,0,11
12.000000,1248,1272,0,11
13.000000,1280,1428,0,11
14.000000,1500,1540,0,11
15.000000,1516,1540,0,11
16.000000,1524,1548,0,11
17.000000,1540,1548,0,11
18.000000,1556,1532,0,11
19.000000,1572,1508,0,11
20.000000,1604,1532,0,2
21.000000,1604,1548,0,2
22.000000,1612,1548,0,2
23.000000,1636,1540,0,2
24.000000,1684,1532,0,2
25.000000,1716,1524,0,2
26.000000,1828,1516,0,2
27.000000,1820,1500,0,2
28.000000,1828,1500,0,2
29.000000,1828,1384,0,2
30.000000,1708,1376,0,6
31.000000,1688,1368,0,6
32.000000,1708,1360,0,6
33.000000,1740,1344,0,6
34.000000,1748,1320,0,6
35.000000,1768,1308,0,6
36.000000,1792,1308,0,6
37.000000,1792,1299,0,6
38.000000,1686,1298,0,6
39.000000,1662,1298,0,6
40.000000,1650,1297,0,21
41.000000,1648,1297,0,21
42.000000,1659,1316,0,21
43.000000,1664,1334,0,21
44.000000,1669,1340,0,21
45.000000,1789,1346,0,21
46.000000,1760,1346,0,21
47.000000,1750,1354,0,21
48.000000,1745,1396,0,21
49.000000,1853,1432,0,21
50.000000,1853,1468,0,22
51.000000,1461,1522,0,22
52.000000,1453,1654,0,22
53.000000,1445,1766,0,22
54.000000,1437,1773,0,22
55.000000,1305,1664,0,22
56.000000,1273,1648,0,22
57.000000,1249,1648,0,22
58.000000,1307,1632,0,22
59.000000,1275,1616,0,22
60.000000,1254,1612,0,17
61.000000,1254,1604,0,17
62.000000,1254,1596,0,17
63.000000,1138,1481,0,17
64.000000,1148,1462,0,17
65.000000,1148,1454,0,17
66.000000,1131,1446,0,17
67.000000,1113,1438,0,17
68.000000,1095,1428,0,17
69.000000,1078,1404,0,17
70.000000,1055,1380,0,6
71.000000,1046,1376,0,6
72.000000,1045,1357,0,6
73.000000,1062,1349,0,6
74.000000,1064,1341,0,6
75.000000,1074,1339,0,6
76.000000,1082,1363,0,6
77.000000,1090,1379,0,6
78.000000,1102,1415,0,6
79.000000,1134,1455,0,6
80.000000,1035,1575,0,22
81.000000,1036,1571,0,22
82.000000,1029,1579,0,22
83.000000,986,1587,0,22
84.000000,971,1680,0,22
85.000000,978,1566,0,22
86.000000,973,1554,0,22
87.000000,963,1026,0,22
88.000000,942,998,0,22
89.000000,951,879,0,22
90.000000,930,863,0,17
91.000000,917,887,0,17
92.000000,901,897,0,17
93.000000,892,904,0,17
94.000000,884,806,0,17
95.000000,776,813,0,17
96.000000,767,908,0,17
97.000000,788,998,0,17
98.000000,820,998,0,17
99.000000,940,998,0,17
100.000000,955,998,0,24
101.000000,979,998,0,24
102.000000,964,998,0,24
103.000000,956,1003,0,24
104.000000,951,1011,0,24
105.000000,951,911,0,24
106.000000,951,911,0,24
107.000000,951,908,0,24
108.000000,951,1011,0,24
109.000000,963,1027,0,24
110.000000,855,1553,0,15
111.000000,959,1567,0,15
112.000000,958,1581,0,15
113.000000,966,1491,0,15
114.000000,982,1503,0,15
115.000000,990,1606,0,15
116.000000,998,1604,0,15
117.000000,1014,1587,0,15
118.000000,1022,1577,0,15
119.000000,1114,1668,0,15
120.000000,1002,1664,0,2
121.000000,993,1664,0,2
122.000000,977,1664,0,2
123.000000,966,1669,0,2
124.000000,966,1682,0,2
125.000000,958,1696,0,2
126.000000,966,1604,0,2
127.000000,974,1620,0,2
128.000000,982,1636,0,2
129.000000,990,1636,0,2
130.000000,998,1636,0,10
131.000000,1103,1636,0,10
132.000000,1091,1634,0,10
133.000000,1090,1631,0,10
134.000000,1090,1627,0,10
135.000000,981,1624,0,10
136.000000,977,1624,0,10
137.000000,966,1624,0,10
138.000000,955,1617,0,10
139.000000,834,1610,0,10
140.000000,813,1603,0,6
141.000000,900,1596,0,6
142.000000,879,1581,0,6
143.000000,858,1565,0,6
144.000000,837,1557,0,6
145.000000,814,1548,0,6
146.000000,816,1431,0,6
147.000000,812,1415,0,6
148.000000,808,1392,0,6
149.000000,805,1377,0,6
150.000000,814,1363,1,18
