0,player,node,groups,units,health
22.000000,1,7,[24;24;24;24;24;24],[190;192;194;195;198;199],[2.9;2.8;2.9;2.8;2.9;2.9]
22.000000,0,7,[1;1;1;1;1;1;1],[2;3;4;5;6;8;9],[1.9;1.9;1.9;1.7;1.9;1.8;1.7]
23.000000,1,7,[24;24;24;24;24;24;24;24],[190;192;194;195;197;198;199;201],[2.8;2.7;2.8;2.7;2.9;2.8;2.8;2.9]
23.000000,0,7,[1;1;1;1;1;1],[2;4;6;7;8;9],[1.7;1.8;1.6;1.9;1.4;1.6]
29.000000,1,5,[18;18;18;18;23;23;23;23],[144;145;147;149;182;183;185;188],[2.8;2.8;2.8;2.8;0.8;0.8;0.8;0.8]
29.000000,0,5,[5;5;5;5;5;5],[34;35;36;39;40;41],[0.890909;0.854545;0.890909;0.781818;0.818182;0.890909]
29.000000,1,7,[22;22;22;22;22;22],[175;177;178;179;180;181],[1.9;1.9;1.8;1.9;1.9;1.8]
29.000000,0,7,[10;10;10;10;10;10],[74;75;76;79;80;81],[1.9;1.9;1.7;1.9;1.9;1.9]
29.000000,1,9,[21;21;21;21;21],[168;170;171;172;173],[2.8;2.8;2.9;2.9;2.8]
29.000000,0,9,[3;3;3;3;3;3],[19;20;21;23;24;25],[2.8;2.9;2.9;2.9;2.9;2.8]
30.000000,1,3,[24;24;24;24;24;24],[191;194;195;196;200;201],[2.8;2.6;2.5;2.6;2.6;2.7]
30.000000,0,3,[2;2;2;2;2;2;2;2],[10;11;12;13;14;15;16;17],[0.8;0.9;0.8;0.8;0.8;0.9;0.9;0.9]
30.000000,1,5,[18;18;18;18;18;23],[142;145;146;147;149;187],[2.8;2.4;2.8;2.6;2.4;0.8]
30.000000,0,5,[5;5;5;5;5;5;5],[34;35;36;37;38;39;40],[0.745455;0.672727;0.709091;0.927273;0.890909;0.672727;0.745455]
30.000000,1,7,[22;22;22;22],[175;176;177;178],[1.7;1.8;1.7;1.6]
30.000000,0,7,[10;10;10;10],[74;76;79;81],[1.6;1.6;1.8;1.6]
31.000000,1,7,[22;22;22;22;22;22],[174;176;178;179;180;181],[1.9;1.7;1.5;1.7;1.7;1.7]
31.000000,0,7,[10;10;10;10;10;10],[75;77;78;79;80;81],[1.8;1.9;1.8;1.7;1.7;1.5]
32.000000,1,7,[22;22;22;22;22;22;22],[174;175;176;177;179;180;181],[1.6;1.0;1.5;1.4;1.3;1.4;1.5]
32.000000,0,7,[10;10;10;8;8;8],[74;76;81;58;59;61],[1.5;1.5;1.4;0.7;0.9;0.9]
34.000000,1,3,[24;24;24;24;24;24],[190;192;193;195;199;200],[2.7;2.6;2.7;2.4;2.7;2.5]
34.000000,0,3,[7;7;7;7;7;7;7],[50;52;53;54;55;56;57],[1.9;1.7;1.9;1.9;1.7;1.9;1.8]
34.000000,1,9,[20;20;20;20;20;20;20],[158;159;161;162;163;164;165],[0.8;0.8;0.8;0.8;0.8;0.8;0.6]
34.000000,0,9,[5;5;5;5;5;5],[36;37;38;39;40;41],[0.509091;0.727273;0.490909;0.472727;0.545455;0.490909]
35.000000,1,2,[23;23;23;23;23;23],[182;183;184;185;188;189],[0.6;0.5;0.9;0.7;0.4;0.9]
35.000000,0,2,[12;12;12;12;12;12;12;12],[92;93;94;96;97;99;100;101],[2.866667;2.866667;2.866667;2.866667;2.866667;2.866667;2.866667;2.866667]
35.000000,1,3,[24;24;24;24;24;24;24],[191;193;195;196;197;199;200],[2.6;2.6;2.3;2.5;2.8;2.6;2.4]
35.000000,0,3,[7;7;7;7;7],[50;51;53;54;56],[1.8;1.9;1.6;1.4;1.7]
36.000000,1,2,[23;23;23;23;23;23],[182;183;184;187;188;189],[0.5;0.3;0.5;0.7;0.2;0.7]
36.000000,0,2,[12;12;12;12;12],[92;93;94;100;101],[2.466667;2.6;2.733333;2.733333;2.733333]
36.000000,1,3,[24;24;24;24],[191;193;198;200],[2.5;2.3;2.7;2.1]
36.000000,0,3,[7;7;7;7;7;7;7],[50;52;53;54;55;56;57],[1.6;1.6;1.3;1.2;1.6;1.6;1.6]
37.000000,1,2,[23;23;23;23;23;23],[182;183;184;185;186;187],[0.4;0.0;0.2;0.6;0.8;0.6]
37.000000,0,2,[12;12;12;12;12],[92;97;98;99;100],[2.2;2.733333;2.733333;2.733333;2.466667]
37.000000,1,3,[24;24;24;18;18;18;18],[193;196;197;142;146;147;148],[2.2;2.4;2.7;2.7;2.7;2.5;2.8]
37.000000,0,3,[7;7;7;7;7;7;7;7],[50;51;52;53;54;55;56;57],[1.5;1.8;1.3;0.8;1.0;1.4;1.3;1.3]
37.000000,1,4,[22;22;22;22;22],[175;176;178;180;181],[0.8;1.4;1.4;1.2;1.3]
37.000000,0,4,[4;4;4;4;4;4],[26;28;29;30;32;33],[1.942857;1.828571;1.942857;1.942857;1.942857;1.942857]
38.000000,1,2,[23;23;23;23;23],[182;184;185;187;189],[0.1;0.0;0.5;0.3;0.6]
38.000000,0,2,[12;12;12;12;12;12],[91;92;94;98;99;100],[2.866667;2.066667;2.466667;2.6;2.6;2.333333]
38.000000,1,3,[24;24;24;24;24;24;18;18;18;18],[191;192;194;195;196;200;142;144;148;149],[2.3;2.4;2.5;1.9;2.1;2.0;2.4;2.6;2.6;2.0]
38.000000,0,3,[7;7;7;7;7;8;8;8;8;8;8],[50;52;53;54;55;58;60;61;62;64;65],[1.4;1.0;0.7;0.8;1.2;0.5;0.9;0.6;0.8;0.8;0.9]
38.000000,1,4,[22;22;22;22],[175;176;180;181],[0.7;1.2;1.0;1.0]
38.000000,0,4,[4;4;4;4;4;4],[26;27;28;31;32;33],[1.885714;1.942857;1.714286;1.942857;1.828571;1.885714]
38.000000,1,7,[20;20;20;20;20],[158;159;160;161;162],[0.6;0.6;0.8;0.7;0.7]
38.000000,0,7,[3;3;3;3],[18;20;21;24],[2.6;2.7;2.5;2.3]
38.000000,1,10,[17;17;17;17;17;17],[134;136;137;138;139;140],[0.7;0.9;0.9;0.9;0.9;0.9]
38.000000,0,10,[1;1;1;1;1],[5;6;7;8;9],[1.5;1.2;1.7;1.2;1.0]
39.000000,1,3,[24;24;24;24;24;24;24;18;18;18;18],[191;193;194;195;197;198;200;142;145;148;149],[2.0;2.0;2.1;1.7;2.5;2.6;1.7;2.2;2.3;2.4;1.8]
39.000000,0,3,[7;7;7;7;8;8;8;8;8;8;8;8],[50;53;54;55;58;59;60;61;62;63;64;65],[1.3;0.6;0.6;1.1;0.3;0.5;0.8;0.4;0.5;0.9;0.7;0.8]
39.000000,1,7,[20;20;20;20],[158;161;162;163],[0.4;0.5;0.4;0.7]
39.000000,0,7,[3;3;3;3;3],[18;19;20;24;25],[2.4;2.2;2.5;1.9;2.6]
39.000000,1,9,[14;14;14;14],[112;115;116;117],[0.8;0.4;0.6;0.6]
39.000000,0,9,[2;2;2;2;2;2],[11;12;13;15;16;17],[0.5;0.6;0.6;0.7;0.7;0.5]
39.000000,1,10,[17;17;17;17],[136;138;139;141],[0.3;0.7;0.5;0.6]
39.000000,0,10,[5;5;5;5;5],[34;35;38;39;41],[0.345455;0.072727;0.290909;0.272727;0.290909]
40.000000,1,3,[24;24;24;24;24],[193;194;198;200;201],[1.4;1.9;2.4;1.5;2.3]
40.000000,0,3,[8;8;8;8;8;8],[58;59;62;63;64;65],[0.0;0.3;0.3;0.7;0.6;0.6]
40.000000,1,9,[14;14;14;14;14],[110;111;115;116;117],[0.8;0.4;0.0;0.4;0.4]
40.000000,0,9,[2;2;2;2;2;2],[11;12;13;15;16;17],[0.3;0.4;0.4;0.5;0.5;0.0]
43.000000,1,1,[23;23;23;23;23;23],[182;185;186;187;188;189],[0.0;0.0;0.4;0.0;0.0;0.0]
43.000000,0,1,[11;9;6;6;6;6],[87;71;44;45;48;49],[0.9;2.85;2.85;2.85;2.85;2.85]
43.000000,1,3,[22;22;22;22;22],[174;175;178;179;180],[1.4;0.3;1.2;0.9;0.8]
43.000000,0,3,[8;8;8;8;8;8],[59;61;62;63;64;65],[0.2;0.3;0.1;0.5;0.5;0.5]
43.000000,1,11,[15;15;15;15;15;15],[118;120;121;122;123;124],[2.85;2.7;2.85;2.85;2.85;2.7]
43.000000,0,11,[5;5;5;5;5],[34;35;36;39;41],[0.245455;0.0;0.209091;0.172727;0.090909]
44.000000,1,1,[23],[186],[0.0]
44.000000,0,1,[11],[86],[0.9]
44.000000,1,4,[18;18;18;20;20;20;20;20],[142;145;147;160;161;162;163;164],[2.1;2.2;2.4;0.7;0.4;0.3;0.6;0.7]
44.000000,0,4,[4;4;4;4;4;4;4],[26;27;28;29;30;32;33],[1.657143;1.771429;1.485714;1.714286;1.714286;1.771429;1.657143]
44.000000,1,11,[15;15;15;15;15;15],[118;119;120;121;122;123],[2.7;2.85;2.4;2.7;2.7;2.7]
44.000000,0,11,[5;5;5;5;5;5],[34;36;38;39;40;41],[0.045455;0.109091;0.190909;0.0;0.445455;0.0]
45.000000,1,4,[18;18;18;18;20;20;20],[143;145;146;147;160;162;164],[2.9;2.1;2.6;2.3;0.6;0.1;0.6]
45.000000,0,4,[4;4;4;4;4;4;4;4],[26;27;28;29;30;31;32;33],[1.542857;1.657143;1.2;1.6;1.657143;1.714286;1.6;1.371429]
45.000000,1,9,[17;17;17;17;17],[134;136;137;139;141],[0.3;0.0;0.7;0.3;0.4]
45.000000,0,9,[2;2;2;2;2],[10;12;13;15;16],[0.6;0.0;0.0;0.3;0.1]
45.000000,1,11,[15;15;15],[118;119;123],[2.55;2.55;2.4]
45.000000,0,11,[5;5;5;5],[34;36;37;38],[0.0;0.0;0.627273;0.090909]
46.000000,1,9,[17;17;17;19;19],[137;140;141;155;156],[0.5;0.7;0.2;1.8;1.8]
46.000000,0,9,[2;2;2;2;2],[10;11;14;15;16],[0.0;0.0;0.6;0.0;0.0]
46.000000,1,11,[15;15;15],[119;121;122],[2.4;2.55;2.55]
46.000000,0,11,[5;5;5],[37;38;40],[0.327273;0.0;0.045455]
47.000000,1,5,[24;24;24;24],[191;197;198;199],[1.8;2.4;2.1;2.4]
47.000000,0,5,[7;7;7;7;7],[50;52;53;54;55],[1.193333;0.84;0.546667;0.44;0.94]
47.000000,1,9,[19],[151],[1.8]
47.000000,0,9,[2],[14],[0.0]
47.000000,1,11,[15],[118],[2.25]
47.000000,0,11,[5;5],[37;40],[0.127273;0.0]
48.000000,1,4,[20;20;20;20;20;20],[160;161;162;163;164;165],[0.5;0.3;0.0;0.5;0.5;0.4]
48.000000,0,4,[1;1;1;1;1;1],[3;4;5;6;7;8],[1.785714;1.571429;1.271429;1.085714;1.585714;1.085714]
48.000000,1,11,[15],[121],[2.4]
48.000000,0,11,[5],[37],[0.0]
49.000000,1,4,[20;20;20;20;20;20],[158;159;160;163;164;165],[0.0;0.3;0.0;0.4;0.2;0.0]
49.000000,0,4,[1;1;1;11;11],[4;5;8;85;86],[1.457143;1.042857;0.971429;0.92;0.74]
50.000000,1,4,[20;20;20],[159;161;164],[0.0;0.0;0.0]
50.000000,0,4,[11;11;11;11],[83;84;88;89],[0.92;0.92;0.92;0.92]
51.000000,1,4,[20],[163],[0.0]
51.000000,0,4,[6],[45],[2.716667]
56.000000,1,9,[17;17;17;17;17],[134;137;138;140;141],[0.263636;0.390909;0.663636;0.627273;0.163636]
56.000000,0,9,[10;10;10],[77;80;81],[1.1;1.5;1.0]
57.000000,1,9,[17;17;17;17;17],[135;137;138;139;141],[0.927273;0.354545;0.627273;0.227273;0.090909]
57.000000,0,9,[10;10;10;10;10],[74;75;77;79;80],[1.1;1.4;0.9;1.5;1.3]
58.000000,1,8,[15;15;15;15;15;15;15],[118;119;120;121;122;123;124],[2.183333;2.333333;2.333333;2.266667;2.483333;2.333333;2.633333]
58.000000,0,8,[7;7;7;7;7;7],[51;52;53;54;55;56],[1.6;0.74;0.446667;0.34;0.74;1.2]
58.000000,1,9,[17;17;17;17;22;22;22],[134;138;139;140;174;177;179],[0.227273;0.590909;0.154545;0.590909;1.346667;1.346667;0.846667]
58.000000,0,9,[10;10;10;10;10;10;10],[74;75;76;77;78;79;80],[0.7;1.3;1.3;0.7;1.2;1.1;1.0]
59.000000,1,9,[17;17;17;17;22;22;22],[134;138;139;140;175;176;178],[0.190909;0.554545;0.118182;0.554545;0.193333;1.146667;1.146667]
59.000000,0,9,[10;10;10;10;10;10],[74;75;76;77;79;80],[0.4;1.1;0.9;0.1;0.6;0.8]
60.000000,1,7,[19;19;19;19;19;19;19],[150;152;153;154;155;156;157],[1.5;1.8;1.7;1.8;1.6;1.1;1.9]
60.000000,0,7,[1;1;1;8;8;8;8],[4;5;9;60;61;62;65],[1.350476;0.989524;0.946667;0.763636;0.263636;0.063636;0.463636]
60.000000,1,9,[17;17;17;22;22;22],[137;138;141;175;179;181],[0.281818;0.481818;0.054545;0.14;0.793333;0.946667]
60.000000,0,9,[10;10;10;10;10;10;10],[74;75;76;77;79;80;81],[0.2;0.3;0.6;0.0;0.4;0.5;0.8]
62.000000,1,1,[18;18;18;18;18;18;21],[142;144;145;146;147;149;167],[2.0;2.5;1.9;2.5;2.2;1.7;2.9]
62.000000,0,1,[6;6;6;6;6;6;6;6],[42;43;44;45;46;47;48;49],[2.925;2.775;2.775;2.566667;2.85;2.925;2.55;2.7]
63.000000,1,1,[18;18;18;18;18;21;21],[142;143;145;146;147;167;172],[1.9;2.8;1.8;2.4;2.0;2.8;2.8]
63.000000,0,1,[6;6;6;6;6;6;6],[42;44;45;46;47;48;49],[2.85;2.625;2.416667;2.7;2.7;2.325;2.475]
64.000000,1,1,[18;18;18;21;21;21;21;21],[142;144;149;168;169;170;171;173],[1.8;2.4;1.6;2.7;2.9;2.7;2.8;2.7]
64.000000,0,1,[6;6;6;6;6;6],[42;43;44;45;48;49],[2.625;2.7;2.475;2.191667;2.1;2.175]
65.000000,1,1,[18;18;18;18;21;21;21],[143;145;147;149;167;169;173],[2.7;1.7;1.9;1.5;2.6;2.8;2.6]
65.000000,0,1,[6;6;6;6;6;6;6],[42;43;44;45;46;48;49],[2.4;2.475;2.325;2.116667;2.55;1.875;2.025]
66.000000,1,1,[18;18;21;21;21;21],[142;149;166;168;169;172],[1.7;1.4;2.8;2.6;2.7;2.6]
66.000000,0,1,[6;6;6;6;6],[42;44;45;47;48],[2.25;2.025;1.891667;2.4;1.65]
66.000000,1,8,[14;14;14;14;14],[111;112;113;114;116],[0.2;0.7;0.9;0.9;0.2]
66.000000,0,8,[10;10;10;10],[74;75;76;81],[0.0;0.1;0.4;0.2]
67.000000,1,1,[18;18;18;21;21;21;21],[143;146;149;166;167;168;173],[2.5;2.3;1.3;2.7;2.5;2.5;2.5]
67.000000,0,1,[6;6;6;6;6;6;6;6],[42;43;44;45;46;47;48;49],[2.025;2.325;1.875;1.816667;2.475;2.325;1.35;1.875]
67.000000,1,8,[14;14;14;14;14;14],[110;112;113;114;116;117],[0.7;0.6;0.8;0.8;0.1;0.3]
67.000000,0,8,[10;10;10;10],[75;76;78;80],[0.0;0.0;0.8;0.3]
67.000000,1,9,[19;19;19;19;19],[151;153;154;155;157],[1.693333;1.593333;1.746667;1.493333;1.846667]
67.000000,0,9,[7;7;7;7],[50;53;55;56],[0.893333;0.246667;0.54;1.1]
68.000000,1,1,[18;21;21;21;21;21],[145;167;168;170;171;172],[1.5;2.4;2.4;2.5;2.7;2.5]
68.000000,0,1,[6;6;6;6;6;6],[42;43;45;46;48;49],[1.8;2.25;1.591667;2.25;1.125;1.65]
68.000000,1,8,[14;14;14;14;14],[111;112;113;114;116],[0.0;0.4;0.4;0.7;0.0]
68.000000,0,8,[10;10;8;8;8;8],[78;81;59;60;63;65],[0.6;0.0;0.0;0.563636;0.3;0.263636]
69.000000,1,1,[18;18;18;18;21;21],[143;144;148;149;168;172],[2.4;2.3;2.2;1.2;2.2;2.4]
69.000000,0,1,[6;6;6;6;6;6;6],[43;44;45;46;47;48;49],[2.175;1.725;1.366667;2.025;2.175;0.975;1.425]
69.000000,1,3,[16;16;16;16;16],[126;127;128;132;133],[1.8;1.8;1.8;1.9;1.9]
69.000000,0,3,[9;9;9;9;9],[66;68;69;71;73],[2.873684;2.810526;2.936842;2.786842;2.936842]
69.000000,1,8,[14;14;14],[110;113;114],[0.6;0.3;0.6]
69.000000,0,8,[10;10;10],[78;79;80],[0.4;0.2;0.0]
70.000000,1,1,[18;18;21;21;21;21],[148;149;166;169;171;173],[2.1;1.1;2.5;2.6;2.6;2.3]
70.000000,0,1,[6;6;6;6;6;6],[42;43;44;45;46;48],[1.425;2.025;1.5;1.141667;1.875;0.9]
70.000000,1,3,[16;16;16;16;16;16],[127;128;130;131;132;133],[1.7;1.7;1.8;1.9;1.7;1.8]
70.000000,0,3,[9;9;9;9;9;9],[66;68;69;70;71;73],[2.747368;2.747368;2.873684;2.873684;2.723684;2.873684]
70.000000,1,8,[14;14],[114;117],[0.5;0.2]
70.000000,0,8,[10;10],[78;79],[0.0;0.0]
71.000000,1,1,[18;18;18;21;21;21],[145;146;148;166;171;173],[1.3;2.2;1.9;2.4;2.5;2.2]
71.000000,0,1,[6;6;6;6;6;6;6],[43;44;45;46;47;48;49],[1.95;1.275;1.066667;1.65;2.025;0.675;1.2]
71.000000,1,3,[16;16;16;16;16],[126;128;129;132;133],[1.7;1.5;1.8;1.6;1.6]
71.000000,0,3,[9;9;9;9;9;9],[68;69;70;71;72;73],[2.684211;2.747368;2.810526;2.660526;2.873684;2.810526]
72.000000,1,1,[18;18;18;18;21;21],[142;146;147;149;168;169],[1.6;2.1;1.8;1.0;1.9;2.5]
72.000000,0,1,[6;6;6;6;6;6;6;6],[42;43;44;45;46;47;48;49],[1.35;1.725;1.2;0.991667;1.425;1.875;0.45;1.05]
72.000000,1,10,[19;19;19;19;19;19;19],[150;151;152;154;155;156;157],[1.4;1.593333;1.7;1.646667;1.393333;0.9;1.746667]
72.000000,0,10,[3;3;3;3;3],[18;21;22;23;24],[2.3;2.3;2.7;2.8;1.8]
72.000000,1,11,[24;24;24;24],[195;196;197;200],[1.4;1.95;2.25;1.2]
72.000000,0,11,[8;8;8;8;8],[60;62;63;64;65],[0.163636;0.0;0.2;0.3;0.063636]
73.000000,1,1,[18;18;18;18;21;21;21;21],[144;145;146;149;167;168;172;173],[2.2;1.2;2.0;0.9;2.3;1.8;2.3;2.1]
73.000000,0,1,[6;6;6;6;6;6;6;6],[42;43;44;45;46;47;48;49],[1.275;1.5;1.05;0.916667;1.2;1.8;0.3;0.825]
73.000000,1,11,[24;24;24;24;24],[194;197;198;200;201],[1.75;2.1;1.95;1.05;2.15]
73.000000,0,11,[8;8;8;8],[60;61;63;64],[0.0;0.0;0.0;0.1]
74.000000,1,1,[18;18;18;18;21;21;21;21],[142;145;147;148;169;171;172;173],[1.4;1.0;1.6;1.7;2.3;2.3;2.1;1.9]
74.000000,0,1,[11;11;11;11;11;11;11],[82;83;84;85;86;88;89],[0.9;0.87;0.82;0.82;0.44;0.87;0.82]
74.000000,1,11,[24;24],[199;201],[2.25;2.0]
74.000000,0,11,[8;8],[64;65],[0.0;0.0]
75.000000,1,9,[22;22;22;22;22;22;22],[175;176;177;178;179;180;181],[0.04;1.046667;1.146667;1.046667;0.693333;0.7;0.846667]
75.000000,0,9,[1;1;1;1;1],[2;4;6;8;9],[1.4;1.250476;0.885714;0.871429;0.846667]
76.000000,1,1,[18;18;18;18;21;21;21],[142;144;145;147;170;171;173],[1.3;2.1;0.9;1.5;2.4;2.1;1.8]
76.000000,0,1,[4;4;4;4;4;4;4],[26;28;29;30;31;32;33],[1.27619;1.066667;1.333333;1.52381;1.580952;1.533333;1.304762]
77.000000,1,1,[18;18;21;21;21;21;21],[144;145;166;167;170;171;172],[2.0;0.8;2.3;2.2;2.3;2.0;1.9]
77.000000,0,1,[4;4;4;4;4;4;4],[26;27;29;30;31;32;33],[1.142857;1.52381;1.066667;1.32381;1.514286;1.4;1.171429]
77.000000,1,5,[13;13;13;13;13;13],[103;104;105;106;107;109],[1.9;1.9;1.9;1.9;1.7;1.9]
77.000000,0,5,[7;7;7;7;7],[50;51;54;55;56],[0.793333;1.5;0.24;0.44;0.7]
78.000000,1,1,[18;18;18;21;21],[142;148;149;169;173],[1.0;1.6;0.8;2.1;1.7]
78.000000,0,1,[4;4;4;4;4;4;4],[27;28;29;30;31;32;33],[1.32381;0.733333;1.0;1.257143;1.380952;1.2;1.104762]
78.000000,1,5,[13;13;13;16;16;16;16],[106;107;109;130;131;132;133],[1.8;1.6;1.8;1.7;1.7;1.5;1.5]
78.000000,0,5,[7;7;7;7;7;7;7;7],[50;51;52;53;54;55;56;57],[0.493333;1.2;0.54;0.046667;0.04;0.34;0.5;1.2]
79.000000,1,1,[18;18;18;21;21;21;21],[147;148;149;166;167;172;173],[1.4;1.5;0.7;2.2;2.0;1.8;1.6]
79.000000,0,1,[4;4;4;4;4;4;4],[26;27;29;30;31;32;33],[1.07619;1.257143;0.933333;0.990476;1.247619;1.066667;0.771429]
80.000000,1,1,[18;18;18;18;18],[142;143;147;148;149],[0.9;2.2;1.3;1.3;0.5]
80.000000,0,1,[4;4;4;4],[28;29;30;33],[0.6;0.866667;0.790476;0.638095]
81.000000,1,1,[18;18;18;18],[142;143;145;147],[0.6;2.1;0.7;1.0]
81.000000,0,1,[4;4;4;4;4;4],[26;27;29;30;31;33],[1.009524;1.190476;0.666667;0.72381;1.180952;0.571429]
81.000000,1,10,[24;24;24;24;24;24;24;24],[192;193;194;197;198;199;200;201],[2.2;1.2;1.55;1.9;1.75;2.15;0.65;1.9]
81.000000,0,10,[3;3;3;3;1;1;1;1;1],[19;20;21;22;3;4;6;8;9],[2.1;2.4;2.1;2.6;1.685714;1.050476;0.785714;0.671429;0.746667]
82.000000,1,1,[18;18;18;18;18],[143;144;145;146;148],[1.9;1.9;0.6;1.9;1.0]
82.000000,0,1,[4;4;4;4],[26;27;28;29],[0.809524;1.12381;0.533333;0.466667]
82.000000,1,10,[24;24;24;24;24;24;24],[191;193;194;197;198;199;200],[1.6;1.1;1.45;1.8;1.65;2.05;0.55]
82.000000,0,10,[3;3;3;3;3;3],[19;20;21;23;24;25],[2.0;2.3;1.8;2.5;1.5;2.5]
83.000000,1,10,[24;24;24;24;24;22;22;22],[192;194;195;196;200;174;176;177],[2.1;1.35;1.3;1.85;0.45;1.246667;0.946667;1.046667]
83.000000,0,10,[3;3;3;3;3;3;3;3],[18;19;20;21;22;23;24;25],[2.0;1.9;1.9;1.7;2.3;1.9;1.4;2.4]
85.000000,1,3,[17;17;17;17;17],[134;135;137;140;141],[0.0;0.827273;0.181818;0.354545;0.0]
85.000000,0,3,[6;6;6;6],[43;44;45;46],[1.373684;0.923684;0.537719;0.947368]
89.000000,1,2,[17;17;17;17;17],[135;137;138;139;140],[0.627273;0.081818;0.181818;0.018182;0.254545]
89.000000,0,2,[4;4;4;4],[27;29;31;32],[0.92381;0.266667;0.780952;0.866667]
89.000000,1,7,[22;22;22;22;22;22],[174;175;176;177;178;181],[1.146667;0.0;0.746667;0.946667;0.946667;0.746667]
89.000000,0,7,[9;9;9;9;9],[68;70;71;72;73],[2.621053;2.747368;2.471053;2.747368;2.747368]
91.000000,1,8,[15;15;15;15;15;15],[118;119;120;122;123;125],[2.116667;2.266667;2.266667;2.416667;2.2;2.866667]
91.000000,0,8,[7;7;7;7;7],[50;51;52;55;57],[0.093333;1.1;0.44;0.24;1.1]
92.000000,1,5,[17;17;17;17],[135;137;139;140],[0.554545;0.0;0.0;0.181818]
92.000000,0,5,[11;11;11;11],[83;86;87;89],[0.47;0.24;0.7;0.62]
92.000000,1,8,[15;15;15;15],[119;120;122;123],[2.2;2.0;2.283333;2.133333]
92.000000,0,8,[7;7;7;7;7],[50;51;53;54;57],[0.0;1.0;0.0;0.0;0.9]
93.000000,1,5,[17;17;17],[135;138;140],[0.409091;0.0;0.036364]
93.000000,0,5,[11;11;11],[87;88;89],[0.5;0.67;0.42]
93.000000,1,8,[15;15;15],[119;122;125],[2.133333;2.15;2.733333]
93.000000,0,8,[7;7;7;7;7],[51;52;55;56;57],[0.8;0.34;0.04;0.3;0.8]
93.000000,1,9,[13;13;13;13;13;13;13],[102;103;105;106;107;108;109],[1.8;1.8;1.7;1.5;1.4;1.9;1.7]
93.000000,0,9,[12;12;12;12;12;12;12],[91;93;94;95;96;97;98],[2.666667;2.5;2.366667;2.9;2.766667;2.633333;2.5]
94.000000,1,8,[15;15;15],[120;121;122],[1.933333;2.133333;2.016667]
94.000000,0,8,[7;7;7;7;7],[51;52;55;56;57],[0.7;0.14;0.0;0.1;0.7]
96.000000,1,8,[17;17],[135;140],[0.329091;0.0]
96.000000,0,8,[7;7],[51;52],[0.5;0.0]
97.000000,1,8,[17;19;19],[135;154;157],[0.289091;1.589524;1.689524]
97.000000,0,8,[7;7;7],[51;56;57],[0.2;0.0;0.1]
100.000000,1,7,[13;13;13;13;13;13;13],[102;103;104;105;107;108;109],[1.6;1.6;1.8;1.6;1.0;1.8;1.6]
100.000000,0,7,[12;12;12;12;12;12;12],[91;92;93;94;96;97;100],[2.603509;2.003509;2.436842;2.303509;2.640351;2.570175;2.270175]
102.000000,1,5,[18;18],[144;145],[1.8;0.5]
102.000000,0,5,[7;7],[51;57],[0.0;0.0]
104.000000,1,7,[21;21;21;21;21;21],[166;168;169;170;171;173],[2.1;1.7;1.6;2.2;1.8;1.4]
104.000000,0,7,[12;12;12;12;12;12],[91;95;96;97;98;100],[2.540351;2.836842;2.577193;2.44386;2.436842;2.14386]
107.000000,1,3,[13;13;13;13;13;13;13],[103;104;105;106;107;108;109],[1.5;1.6;1.4;1.3;0.9;1.7;0.9]
107.000000,0,3,[4;4;4;4;6;6;6],[26;28;32;33;42;44;49],[0.75619;0.48;0.76;0.518095;1.211842;0.860526;0.761842]
107.000000,1,7,[15;15;15;15;15;15;15;15],[118;119;120;121;122;123;124;125],[1.716667;1.933333;1.533333;1.933333;1.616667;2.033333;2.333333;2.333333]
107.000000,0,7,[1;1;1;11;11;11],[5;8;9;83;84;86],[0.93619;0.564762;0.693333;0.397273;0.783636;0.203636]
108.000000,1,3,[13;13;13;13],[104;106;108;109],[1.4;1.1;1.5;0.7]
108.000000,0,3,[6;6;6;6;6],[42;44;45;46;47],[1.148684;0.671053;0.411404;0.884211;1.736842]
108.000000,1,7,[15;15;15;15],[118;121;124;125],[1.316667;1.733333;1.733333;1.933333]
108.000000,0,7,[11;11;11;11;11],[82;85;86;87;88],[0.827273;0.747273;0.167273;0.427273;0.633636]
109.000000,1,7,[15;15;15;15;15],[118;120;122;123;124],[0.916667;0.933333;1.416667;1.833333;1.533333]
109.000000,0,7,[11;11;11;11;11],[83;84;85;86;89],[0.360909;0.674545;0.710909;0.094545;0.383636]
113.000000,1,7,[14;14;14;14],[110;113;114;117],[0.3;0.1;0.3;0.1]
113.000000,0,7,[3;3;3],[19;22;23],[1.773684;1.921053;1.773684]
114.000000,1,7,[14;14;14;14;14],[110;112;113;114;117],[0.2;0.1;0.0;0.2;0.0]
114.000000,0,7,[3;3;3],[19;23;24],[1.647368;1.647368;1.021053]
115.000000,1,7,[14;14;13;13;13;13;13;13;13;13],[110;114;102;103;104;105;106;107;108;109],[0.0;0.1;1.1;1.3;1.2;1.2;1.0;0.8;1.3;0.5]
115.000000,0,7,[3;3;3;12;12;12;12;12;12;12],[19;21;24;90;94;96;97;98;99;100],[1.584211;1.573684;0.957895;2.936842;2.240351;2.514035;2.380702;2.310526;2.410526;2.080702]
116.000000,1,3,[15;15;15;15],[121;122;124;125],[1.133333;1.216667;0.933333;1.733333]
116.000000,0,3,[11;11;11;11;11],[82;83;84;85;89],[0.790909;0.324545;0.565455;0.638182;0.347273]
116.000000,1,7,[14;14;13;13;13;13;13;13],[112;114;102;104;105;106;107;109],[0.0;0.0;0.8;1.0;1.0;0.6;0.7;0.3]
116.000000,0,7,[3;3;3;12;12;12;12;12],[21;22;25;92;93;94;99;101],[1.510526;1.857895;2.336842;1.814035;2.310526;2.114035;2.347368;2.670175]
117.000000,1,3,[17],[135],[0.0]
117.000000,0,3,[11],[89],[0.274545]
117.000000,1,7,[13;13;13;13;13;13;13;13],[102;103;104;105;106;107;108;109],[0.3;1.2;0.6;0.7;0.4;0.5;1.2;0.1]
117.000000,0,7,[3;3;3;3;12;12],[19;21;22;23;92;97],[1.394737;1.447368;1.794737;1.584211;1.750877;2.317544]
118.000000,1,7,[13;13;13;13;13;13],[102;103;104;105;106;107],[0.0;1.1;0.4;0.6;0.0;0.4]
118.000000,0,7,[12;12;12;12;12;12;12],[91;93;95;96;98;99;101],[2.414035;2.247368;2.773684;2.450877;2.247368;2.284211;2.607018]
119.000000,1,2,[24;24;24;24;24;24;24;24],[190;191;192;194;195;196;200;201],[2.6;1.5;2.0;1.25;1.2;1.75;0.35;1.8]
119.000000,0,2,[9;9;9;9;9;9],[66;68;70;71;72;73],[2.647368;2.521053;2.547368;2.271053;2.447368;2.447368]
119.000000,1,5,[22;22;22;22],[174;179;180;181],[1.04;0.586667;0.593333;0.64]
119.000000,0,5,[6;6;6;6],[44;45;46;47],[0.471053;0.211404;0.784211;1.536842]
119.000000,1,7,[13;13;13;13;13],[103;104;105;107;109],[1.0;0.3;0.2;0.2;0.0]
119.000000,0,7,[12;12;12;12;12;12],[90;94;95;98;99;100],[2.873684;2.050877;2.710526;2.184211;2.221053;2.017544]
120.000000,1,2,[24;24;24;24;24;24],[191;193;196;198;199;201],[1.3;0.9;1.65;1.55;1.95;1.7]
120.000000,0,2,[9;9;9;9;9;9;9],[66;67;68;70;71;72;73],[2.547368;2.9;2.321053;2.347368;2.071053;2.147368;2.347368]
120.000000,1,5,[22;22;22;22;22],[174;176;177;178;180],[0.933333;0.693333;0.893333;0.786667;0.54]
120.000000,0,5,[6;6;6;6],[44;45;46;48],[0.271053;0.011404;0.584211;0.2]
121.000000,1,2,[24;24;24;24;24],[190;192;197;198;201],[2.4;1.9;1.6;1.45;1.5]
121.000000,0,2,[9;9;9;9;9;9],[66;67;68;69;70;73],[2.247368;2.8;2.121053;2.547368;2.147368;2.147368]
121.000000,1,5,[22;22;22;22],[176;177;179;181],[0.64;0.786667;0.426667;0.533333]
121.000000,0,5,[6;6;6;6],[45;46;48;49],[0.0;0.384211;0.1;0.461842]
122.000000,1,2,[24;24;24;24;24;24],[193;194;195;196;198;200],[0.8;1.05;1.1;1.55;1.25;0.25]
122.000000,0,2,[9;9;9;9;9;9;9],[66;67;69;70;71;72;73],[2.047368;2.7;2.447368;1.947368;1.771053;1.947368;2.047368]
122.000000,1,5,[22;22;22;22;22],[174;176;178;179;181],[0.88;0.533333;0.68;0.373333;0.48]
122.000000,0,5,[6;6;6;6],[42;44;46;47],[1.048684;0.171053;0.284211;1.136842]
123.000000,1,2,[24;24;24;24;24;24;24],[190;191;192;194;195;198;201],[2.3;1.2;1.8;0.95;0.9;1.15;1.4]
123.000000,0,2,[9;9;9;9;9;9],[66;67;68;71;72;73],[1.947368;2.5;1.921053;1.471053;1.747368;1.847368]
124.000000,1,2,[24;24;24;24;24;24],[191;192;195;198;199;200],[0.9;1.7;0.8;1.05;1.85;0.15]
124.000000,0,2,[9;9;9;9;9],[66;68;69;71;73],[1.647368;1.721053;2.247368;1.371053;1.447368]
124.000000,1,4,[13;13;13;13;13],[103;104;105;107;108],[0.7;0.0;0.0;0.0;0.8]
124.000000,0,4,[3;12;12;12;12],[21;90;93;100;101],[1.380702;2.807018;2.180702;1.950877;2.540351]
125.000000,1,2,[24;24;24;24;24;24],[194;196;197;198;199;200],[0.85;1.45;1.4;0.85;1.75;0.05]
125.000000,0,2,[9;9;9;9;9;9],[67;68;69;70;72;73],[2.3;1.621053;1.947368;1.547368;1.647368;1.347368]
125.000000,1,4,[13;13],[103;108],[0.0;0.0]
125.000000,0,4,[3;12],[25;96],[2.270175;2.384211]
126.000000,1,2,[24;24;24;24;24;24],[190;192;193;194;196;201],[2.2;1.5;0.7;0.65;1.35;1.3]
126.000000,0,2,[9;9;9;9;9;9;9],[66;67;68;69;71;72;73],[1.547368;2.2;1.421053;1.647368;1.271053;1.547368;1.047368]
127.000000,1,7,[15;15;15;15;15],[120;121;122;123;124],[0.833333;1.033333;1.116667;1.533333;0.733333]
127.000000,0,7,[4;4;4;4;4;4],[26;28;29;31;32;33],[0.702857;0.426667;0.213333;0.620952;0.706667;0.464762]
128.000000,1,7,[15;15;15;15;15],[118;119;120;122;123],[0.716667;1.733333;0.733333;1.016667;1.333333]
128.000000,0,7,[4;4;4;4],[26;27;30;32],[0.59619;0.817143;0.617143;0.6]
129.000000,1,7,[15;15;15;15;18;18;18;18],[119;121;124;125;145;146;148;149],[1.633333;0.933333;0.633333;1.633333;0.4;1.8;0.9;0.4]
129.000000,0,7,[4;4;4;4;4;4;4;4],[26;27;28;29;30;31;32;33],[0.542857;0.60381;0.373333;0.16;0.510476;0.514286;0.44;0.358095]
130.000000,1,7,[18;18;18;18],[142;146;147;149],[0.4;1.5;0.9;0.2]
130.000000,0,7,[4;4;4;4;4],[27;28;30;31;33],[0.497143;0.266667;0.457143;0.407619;0.304762]
131.000000,1,7,[18;18;18;18;18;18],[142;144;145;146;148;149],[0.3;1.7;0.3;1.3;0.7;0.1]
131.000000,0,7,[4;4;4;4;4;4;4],[26;27;28;29;30;31;33],[0.489524;0.44381;0.213333;0.106667;0.350476;0.354286;0.251429]
132.000000,1,3,[22;22;22;22],[177;178;179;180],[0.386667;0.48;0.0;0.14]
132.000000,0,3,[11;11;11;11;11],[83;84;86;87;88],[0.288182;0.529091;0.021818;0.390909;0.560909]
132.000000,1,7,[18;18;18;18;18;18],[142;143;144;147;148;149],[0.2;1.7;1.6;0.8;0.5;0.0]
132.000000,0,7,[4;4;4;4],[26;28;32;33],[0.382857;0.16;0.386667;0.038095]
133.000000,1,3,[22;22;22;22;22],[174;176;178;180;181],[0.48;0.333333;0.08;0.0;0.28]
133.000000,0,3,[11;11;11;11],[83;84;85;86],[0.215455;0.492727;0.565455;0.0]
133.000000,1,7,[18;18;18;18;18;18],[142;143;144;145;146;147],[0.0;1.6;1.4;0.0;1.0;0.6]
133.000000,0,7,[4;4;4;3;3;3;3],[28;31;32;19;22;23;24],[0.106667;0.300952;0.333333;1.331579;1.731579;1.521053;0.894737]
134.000000,1,1,[24;24;24;24;24;24;24;24],[191;192;193;195;196;197;198;200],[0.7;1.4;0.5;0.6;1.25;1.2;0.75;0.0]
134.000000,0,1,[12;12;12;12;12],[91;92;93;95;96],[2.189035;1.525877;2.030702;2.485526;2.309211]
134.000000,1,3,[22;22;22;22],[174;177;178;181],[0.08;0.0;0.0;0.0]
134.000000,0,3,[11;11;11;11],[83;87;88;89],[0.179091;0.354545;0.524545;0.201818]
134.000000,1,7,[18;18;18;18;18],[143;144;146;147;148],[1.4;1.1;0.7;0.2;0.1]
134.000000,0,7,[3;3;3;3;3],[18;19;22;23;25],[1.936842;1.268421;1.668421;1.457895;2.207018]
135.000000,1,1,[24;24;24;24;24;24],[190;194;197;198;199;201],[2.0;0.25;1.1;0.65;1.45;1.2]
135.000000,0,1,[12;12;12;12;12;12;12],[93;94;95;97;98;99;101],[1.880702;1.900877;2.335526;2.242544;2.109211;2.146053;2.390351]
135.000000,1,3,[22;22],[174;176],[0.0;0.133333]
135.000000,0,3,[11;11],[87;88],[0.318182;0.488182]
135.000000,1,7,[18;18;18;18],[143;146;147;148],[0.8;0.3;0.0;0.0]
135.000000,0,7,[4;3;3;3],[33;18;23;25],[0.0;1.873684;1.394737;2.080702]
136.000000,1,1,[24;24;24;24;24;24;24;24;24],[190;191;192;193;194;195;196;197;199],[1.8;0.5;1.3;0.4;0.05;0.5;1.15;1.0;1.35]
136.000000,0,1,[12;12;12;12;12;12;12],[91;92;93;96;98;99;101],[2.039035;1.450877;1.730702;2.084211;2.034211;2.071053;2.315351]
136.000000,1,7,[18;18;18],[143;144;146],[0.5;0.9;0.0]
136.000000,0,7,[3;3],[21;25],[1.254386;2.017544]
143.000000,1,9,[18;18;18],[143;144;146],[0.310526;0.710526;0.0]
143.000000,0,9,[3;3;3],[18;21;22],[1.773684;1.154386;1.568421]
144.000000,1,8,[21;21;21;21;21;21],[166;167;169;171;172;173],[1.833333;1.866667;1.466667;1.666667;1.666667;1.266667]
144.000000,0,8,[11;11;11;11;11],[83;84;85;87;89],[0.079091;0.392727;0.465455;0.018182;0.001818]
144.000000,1,9,[18;18],[143;144],[0.057895;0.457895]
144.000000,0,9,[3;3],[19;20],[1.168421;1.8]
145.000000,1,8,[21;21;21;21;21;21],[167;168;169;170;172;173],[1.733333;1.566667;1.333333;2.066667;1.4;1.133333]
145.000000,0,8,[11;11;11;11;11],[82;84;85;87;89],[0.590909;0.292727;0.265455;0.0;0.0]
145.000000,1,9,[18;18],[143;144],[0.0;0.268421]
145.000000,0,9,[3;3],[19;22],[1.068421;1.468421]
146.000000,1,8,[21;21;21;21;21],[166;168;169;171;173],[1.7;1.433333;1.2;1.533333;1.0]
146.000000,0,8,[11;11;11;11;11],[82;83;84;85;88],[0.390909;0.0;0.092727;0.165455;0.388182]
146.000000,1,9,[18],[144],[0.0]
146.000000,0,9,[3],[23],[1.294737]
147.000000,1,6,[15;15;15;15;15],[118;120;122;123;124],[0.516667;0.633333;0.916667;1.233333;0.433333]
147.000000,0,6,[4;4;4;4],[26;28;30;31],[0.282857;0.0;0.250476;0.100952]
147.000000,1,8,[21;21;21],[167;170;171],[1.466667;1.933333;1.4]
147.000000,0,8,[11;11;11;11],[82;84;85;88],[0.190909;0.0;0.0;0.288182]
148.000000,1,6,[15;15;15;15],[118;120;124;125],[0.416667;0.533333;0.333333;1.333333]
148.000000,0,6,[4;4;4],[27;29;30],[0.34381;0.0;0.050476]
148.000000,1,8,[21;21],[169;170],[1.066667;1.8]
148.000000,0,8,[11;11],[82;88],[0.0;0.0]
149.000000,1,6,[15;15;15;15;15],[118;121;122;123;125],[0.316667;0.833333;0.816667;1.133333;1.233333]
149.000000,0,6,[4;4;4;4],[26;27;30;32],[0.082857;0.24381;0.0;0.0]
150.000000,1,6,[15;15;15],[118;122;123],[0.216667;0.716667;1.033333]
150.000000,0,6,[4;4;4],[26;27;31],[0.0;0.14381;0.0]
