0,player,group,node,types,start,count
0.000000,0,1,1,[Controller],[1],[8]
0.000000,0,2,1,[Striker],[9],[8]
0.000000,0,3,1,[Tank],[17],[8]
0.000000,0,4,1,[Controller],[25],[8]
0.000000,0,5,1,[Striker],[33],[8]
0.000000,0,6,1,[Tank],[41],[8]
0.000000,0,7,1,[Controller],[49],[8]
0.000000,0,8,1,[Striker],[57],[8]
0.000000,0,9,1,[Tank],[65],[8]
0.000000,0,10,1,[Controller],[73],[8]
0.000000,0,11,1,[Striker],[81],[8]
0.000000,0,12,1,[Tank],[89],[12]
0.000000,1,13,11,[Controller],[101],[8]
0.000000,1,14,11,[Striker],[109],[8]
0.000000,1,15,11,[Tank],[117],[8]
0.000000,1,16,11,[Controller],[125],[8]
0.000000,1,17,11,[Striker],[133],[8]
0.000000,1,18,11,[Tank],[141],[8]
0.000000,1,19,11,[Controller],[149],[8]
0.000000,1,20,11,[Striker],[157],[8]
0.000000,1,21,11,[Tank],[165],[8]
0.000000,1,22,11,[Controller],[173],[8]
0.000000,1,23,11,[Striker],[181],[8]
0.000000,1,24,11,[Tank],[189],[12]
