0,player,node,groups,units,health
15.000000,1,8,[21;21;21;21;21;21;21],[166;167;168;169;171;172;173],[2.733333;2.733333;2.866667;2.333333;2.866667;2.733333;2.6]
15.000000,0,8,[2;2;2;5;5;5;5],[10;14;17;38;39;40;41],[0.8;0.9;0.9;0.9;0.9;0.9;0.9]
16.000000,1,8,[21;21;21;21;21;21;21;21],[166;167;168;169;170;171;172;173],[2.333333;2.2;2.2;1.666667;2.2;1.933333;2.6;2.466667]
16.000000,0,8,[2;2;8;8;11;11],[11;14;62;64;86;87],[0.8;0.7;0.9;0.9;0.9;0.9]
21.000000,1,11,[24;24;24;24;14;14;14;14;14;13;13;13],[194;196;198;200;110;112;114;115;117;104;105;108],[2.85;2.7;2.85;2.7;0.9;0.9;0.9;0.9;0.9;1.866667;1.733333;1.733333]
21.000000,0,11,[2;2;2;2;2;2;2;5;5;5;5;5;5;5],[10;11;12;13;14;15;17;35;36;37;38;39;40;41],[0.4;0.4;0.9;0.8;0.5;0.8;0.5;0.6;0.5;0.8;0.8;0.8;0.6;0.8]
22.000000,1,11,[14;14;14;14;14;14;14;13;13;13;13;13;13],[110;111;113;114;115;116;117;102;103;104;105;106;108],[0.5;0.7;0.9;0.5;0.7;0.6;0.7;1.6;1.866667;1.6;1.466667;1.733333;1.466667]
22.000000,0,11,[2;2;2;5;5;8;8;8;8;8;11;11;11;11],[11;12;15;34;36;60;61;62;63;65;84;85;86;89],[0.3;0.8;0.6;0.8;0.3;0.9;0.9;0.6;0.6;0.8;0.9;0.9;0.8;0.8]
23.000000,1,11,[14;14;14;14;14;14;14;14;13;13;13;13;13;13;13;21;21;21;21;21],[110;111;112;113;114;115;116;117;102;103;104;105;107;108;109;166;167;168;170;173],[0.3;0.6;0.8;0.8;0.4;0.3;0.4;0.5;1.333333;1.6;1.333333;1.333333;1.866667;1.333333;1.866667;2.183333;2.05;2.05;1.6;2.316667]
23.000000,0,11,[2;2;2;2;2;5;5;5;5;5;8;8;8;11;11;11],[11;12;15;16;17;34;36;39;40;41;61;62;65;82;86;89],[0.2;0.7;0.5;0.9;0.2;0.5;0.0;0.7;0.5;0.3;0.8;0.3;0.3;0.9;0.7;0.7]
24.000000,1,11,[14;14;14;14;14;13;13;13;13;13;13;13;13;21;21;21;21;21;21],[111;113;114;115;117;102;103;104;105;106;107;108;109;166;167;169;170;171;173],[0.5;0.5;0.3;0.1;0.2;1.2;1.333333;1.066667;1.2;1.333333;1.466667;1.2;1.733333;1.883333;1.9;1.516667;1.45;1.783333;2.166667]
24.000000,0,11,[2;2;2;2;2;5;5;5;8;8;8;8;8;11;11;11],[10;12;13;14;16;34;37;41;58;59;61;63;65;82;84;87],[0.3;0.3;0.7;0.3;0.8;0.2;0.5;0.1;0.9;0.7;0.6;0.2;0.2;0.8;0.8;0.7]
25.000000,1,11,[14;14;14;14;14;14;13;13;13;13;13;13;13;21;21;21;21;21],[110;111;112;113;114;116;102;103;104;105;106;107;108;167;168;169;171;173],[0.2;0.3;0.7;0.2;0.2;0.3;0.8;1.2;0.8;0.933333;1.2;1.333333;1.066667;1.6;1.75;0.766667;1.633333;2.016667]
25.000000,0,11,[2;2;2;2;5;5;5;5;5;8;8;8;11;11;11;11],[11;14;15;16;34;37;38;39;40;60;63;65;84;85;87;88],[0.0;0.0;0.3;0.7;0.1;0.4;0.7;0.6;0.4;0.6;0.0;0.0;0.7;0.4;0.2;0.9]
26.000000,1,11,[14;14;14;14;14;13;13;13;13;13;13;13;21;21;21;21;21;21],[112;113;114;115;117;102;103;104;106;107;108;109;166;167;169;170;171;173],[0.5;0.0;0.1;0.0;0.1;0.4;0.933333;0.533333;1.066667;1.2;0.933333;1.6;1.583333;1.45;0.616667;1.3;1.483333;1.716667]
26.000000,0,11,[2;2;2;2;5;5;5;8;8;8;8;11;11;11],[12;15;16;17;37;38;40;58;60;61;64;85;86;88],[0.0;0.2;0.6;0.0;0.2;0.6;0.2;0.7;0.1;0.4;0.6;0.2;0.6;0.5]
27.000000,1,11,[14;14;14;13;13;13;13;13;21;21;21;21;21;21;21],[110;112;116;102;103;105;106;108;166;167;168;169;170;172;173],[0.0;0.4;0.1;0.133333;0.8;0.666667;0.933333;0.666667;1.433333;0.85;1.6;0.316667;1.0;2.45;1.566667]
27.000000,0,11,[2;5;5;5;5;5;8;8;8;11;11;11],[16;34;35;37;38;40;58;62;64;83;85;87],[0.4;0.0;0.3;0.0;0.5;0.0;0.4;0.1;0.4;0.9;0.1;0.1]
28.000000,1,11,[14;14;14;14;14;13;13;13;13;13],[111;112;114;116;117;102;103;104;106;107],[0.1;0.0;0.0;0.0;0.0;0.0;0.533333;0.4;0.533333;0.8]
28.000000,0,11,[2;5;5;5;8;8;8;8;11;11;11],[16;35;39;41;60;61;62;64;82;84;86],[0.2;0.2;0.5;0.0;0.0;0.3;0.0;0.3;0.7;0.5;0.4]
29.000000,1,11,[13;13;13;13;13;13;13],[103;104;105;106;107;108;109],[0.266667;0.133333;0.0;0.4;0.533333;0.0;1.333333]
29.000000,0,11,[5;5;8;8;11;11],[35;38;59;64;83;85],[0.0;0.4;0.6;0.2;0.7;0.0]
30.000000,1,11,[14;13;13;13;13;13;13],[111;103;104;106;107;108;109],[0.0;0.0;0.0;0.266667;0.4;0.0;1.066667]
30.000000,0,11,[2;2;5;8;8;11;11],[10;13;38;59;61;87;89],[0.2;0.5;0.3;0.5;0.2;0.0;0.6]
31.000000,1,11,[13;13;13],[106;107;109],[0.0;0.0;0.133333]
31.000000,0,11,[2;5;11],[13;39;86],[0.4;0.4;0.3]
32.000000,1,11,[13],[109],[0.0]
32.000000,0,11,[11],[82],[0.6]
37.000000,1,11,[23;23;24;24;24],[183;185;190;194;197],[0.9;0.9;2.85;2.7;2.7]
37.000000,0,11,[11;11;11;11;11;11],[82;83;84;86;88;89],[0.4;0.2;0.0;0.0;0.0;0.1]
38.000000,1,7,[18;18;18;18;18;18;19;19;19;19;19],[142;143;144;145;147;148;152;153;154;155;156],[2.9;2.7;2.7;2.9;2.9;2.9;1.7;1.6;1.5;1.9;1.9]
38.000000,0,7,[4;4;4;4;4;6;6;6;7;7],[26;28;29;30;32;43;44;48;54;57],[1.8;1.7;1.8;1.9;1.9;2.9;2.9;2.9;1.8;1.8]
39.000000,1,7,[18;18;18;18;18;18;18;18],[142;143;144;145;146;147;148;149],[2.7;2.1;2.2;2.6;2.8;2.6;2.6;2.6]
39.000000,0,7,[9;10;10;10;12;12],[72;77;79;81;91;92],[2.9;1.9;1.9;1.8;2.9;2.8]
39.000000,1,8,[16;16;16;16;16],[128;129;130;131;132],[1.885714;1.885714;1.885714;1.885714;1.771429]
39.000000,0,8,[2;2;2;5],[10;13;15;39],[0.1;0.2;0.0;0.3]
40.000000,1,8,[16;16;16;16;16;16],[126;127;128;129;131;132],[1.771429;1.885714;1.771429;1.657143;1.657143;1.657143]
40.000000,0,8,[2;5;8;8],[13;39;58;61],[0.1;0.0;0.3;0.0]
45.000000,1,9,[17;17;17;17;17;17;17;17],[134;135;136;137;138;139;140;141],[0.854545;0.854545;0.890909;0.890909;0.854545;0.927273;0.963636;0.890909]
45.000000,0,9,[6;6;6;7;7;7],[42;45;48;50;51;53],[2.6;2.8;2.7;1.8;1.6;1.8]
45.000000,1,11,[24;24;24;24],[193;197;200;201],[2.85;2.55;2.55;2.85]
45.000000,0,11,[2;2;2;5],[10;13;16;38],[0.0;0.0;0.0;0.1]
46.000000,1,9,[17;17;17;17;17;17;17;17],[134;135;136;137;138;139;140;141],[0.745455;0.672727;0.527273;0.6;0.563636;0.818182;0.6;0.709091]
46.000000,0,9,[6;9;9;9;12;12;12;12],[43;68;72;73;90;91;92;93],[2.7;2.8;2.7;2.8;2.8;2.7;2.6;2.8]
46.000000,1,11,[24;24;24],[195;196;200],[2.55;2.55;2.1]
46.000000,0,11,[5;8;8;11;11;11],[38;58;64;82;83;89],[0.0;0.2;0.0;0.3;0.0;0.0]
47.000000,1,9,[17;17;17;17;17;17;17;17],[134;135;136;137;138;139;140;141],[0.381818;0.527273;0.309091;0.381818;0.163636;0.636364;0.490909;0.454545]
47.000000,0,9,[4;6;7;7;9;9;12;12],[32;48;51;55;66;71;90;91],[1.7;2.5;1.4;1.8;2.8;2.8;2.6;2.5]
47.000000,1,11,[24;16],[196;131],[2.25;1.52381]
47.000000,0,11,[8;8;11],[58;59;82],[0.0;0.0;0.0]
48.000000,1,9,[17;17;17;17;17;17;17;17],[134;135;136;137;138;139;140;141],[0.127273;0.272727;0.090909;0.127273;0.018182;0.454545;0.309091;0.054545]
48.000000,0,9,[4;4;4;6;7;9;12;12],[29;30;33;47;50;66;96;98],[1.6;1.7;1.8;2.8;1.6;2.6;2.8;2.8]
49.000000,1,9,[17;17;17;17;17;17;17;17],[134;135;136;137;138;139;140;141],[0.0;0.090909;0.0;0.0;0.0;0.090909;0.0;0.0]
49.000000,0,9,[4;7;9;9;10;10;12],[27;50;67;73;77;79;97],[1.6;1.4;2.8;2.6;1.7;1.7;2.8]
50.000000,1,9,[17;17],[135;139],[0.0;0.0]
50.000000,0,9,[6;6],[45;46],[2.6;2.8]
59.000000,1,5,[18;18;18;18;18;18;18;18],[142;143;144;145;146;147;148;149],[2.4;1.8;1.8;2.5;2.1;2.0;2.1;2.3]
59.000000,0,5,[1;1;3;3;4;6],[4;6;21;23;32;42],[1.8;1.9;2.8;2.9;1.6;2.5]
60.000000,1,5,[18;18;18;18;18;18;18;18],[142;143;144;145;146;147;148;149],[1.8;1.4;1.2;2.2;1.9;1.6;1.7;2.0]
60.000000,0,5,[6;6;6;7;9;9;10;10],[44;46;49;52;67;69;75;77],[2.8;2.7;2.9;1.9;2.7;2.9;1.9;1.6]
64.000000,1,8,[16;16;16;16;16;16;16;16],[126;127;128;129;130;131;132;133],[1.657143;1.828571;1.657143;1.428571;1.828571;1.180952;1.6;1.6]
64.000000,0,8,[1;1;1;3;3;3;4],[4;7;9;20;21;23;29],[1.7;1.9;1.9;2.9;2.7;2.7;1.5]
65.000000,1,8,[16;16;16;16;16;16;16;16;18;18;18;18;18;18;18;18],[126;127;128;129;130;131;132;133;142;143;144;145;146;147;148;149],[1.371429;1.714286;1.371429;1.2;1.714286;1.066667;1.371429;1.428571;1.466667;1.266667;0.8;2.066667;1.766667;1.266667;1.3;1.933333]
65.000000,0,8,[1;1;3;4;4;6;6;6;7;7;9;10;10],[2;5;25;26;32;42;43;49;53;57;71;76;78],[1.9;1.8;2.9;1.7;1.5;2.4;2.6;2.8;1.7;1.7;2.5;1.9;1.9]
66.000000,1,8,[16;16;16;16;16;16;16;18;18;18;18;18;18;18;18;22;22;22;22;22;22;22;22],[126;128;129;130;131;132;133;142;143;144;145;146;147;148;149;174;175;176;177;178;179;180;181],[1.142857;1.142857;1.085714;1.542857;1.009524;1.2;1.257143;1.133333;1.2;0.4;2.0;1.633333;1.2;1.1;1.8;1.714286;1.885714;1.771429;1.828571;1.828571;1.714286;1.828571;1.885714]
66.000000,0,8,[1;1;3;3;4;4;4;4;6;6;6;7;7;10;10;10;12;12;12;12],[7;8;23;25;26;29;30;32;42;43;46;50;55;74;76;80;90;96;99;100],[1.7;1.9;2.5;2.8;1.6;1.4;1.6;1.4;2.3;2.5;2.6;1.3;1.5;1.9;1.8;1.9;2.5;2.7;2.9;2.9]
67.000000,1,8,[16;16;16;16;16;18;18;18;18;18;18;18;18;22;22;22;22;22;22],[127;129;130;132;133;142;143;144;145;146;147;148;149;174;175;176;177;178;181],[1.657143;0.971429;1.428571;1.028571;1.142857;1.066667;1.066667;0.2;1.8;1.5;1.066667;0.9;1.533333;1.657143;1.771429;1.6;1.657143;1.771429;1.657143]
67.000000,0,8,[6;6;6;6;6;7;7;7;9;9;9;9;10;10;10;12;12;12;12],[42;43;45;46;47;54;55;56;67;68;71;73;75;77;78;95;96;98;101],[2.2;2.4;2.5;2.5;2.7;1.7;1.2;1.9;2.6;2.7;2.4;2.5;1.8;1.3;1.8;2.9;2.6;2.6;2.9]
68.000000,1,8,[16;16;16;16;16;22;22;22;22;22],[126;127;130;131;132;175;176;178;179;180],[0.742857;1.6;1.371429;0.952381;0.971429;1.714286;1.371429;1.714286;1.657143;1.714286]
68.000000,0,8,[10;10;10;10;10;10;10;12;12;12;12],[74;75;76;77;79;80;81;93;94;96;98],[1.8;1.7;1.7;1.2;1.6;1.8;1.6;2.7;2.8;2.5;2.2]
