0,player,node,groups,units,health
15.000000,1,8,[23;23;23;23;22;22;22;18;18;18;18;18;18],[183;184;188;189;175;178;180;143;145;146;147;148;149],[0.84;0.92;0.92;0.92;1.885714;1.885714;1.885714;2.866667;2.733333;2.866667;2.866667;2.866667;2.733333]
15.000000,0,8,[2;2;2;2;5;5;5;5;5;5],[11;12;14;15;34;35;36;37;40;41],[0.7;0.9;0.6;0.8;0.6;0.5;0.6;0.8;0.8;0.5]
16.000000,1,8,[23;23;23;23;23;23;22;22;22;22;22;22;18;18;18;18;18;18;18],[183;184;185;186;187;189;176;177;178;179;180;181;142;143;144;146;147;148;149],[0.76;0.84;0.92;0.68;0.92;0.76;1.885714;1.542857;1.657143;1.885714;1.771429;1.771429;2.866667;2.733333;2.866667;2.6;2.466667;2.733333;2.466667]
16.000000,0,8,[2;2;2;2;2;5;8;8;8;8;11;11;11;11;11;11],[11;12;13;14;16;40;59;61;64;65;82;83;84;86;88;89],[0.6;0.6;0.8;0.4;0.8;0.6;0.8;0.8;0.7;0.7;0.8;0.7;0.9;0.8;0.9;0.9]
17.000000,1,8,[23;23;23;23;23;23;23;22;22;22;22;22;22;22],[182;183;184;185;186;188;189;175;176;177;178;179;180;181],[0.6;0.52;0.6;0.76;0.6;0.84;0.68;1.542857;1.542857;1.314286;1.428571;1.771429;1.542857;1.428571]
17.000000,0,8,[2;2;2;2;2;5;8;8;11;11;11;11],[10;11;13;14;17;41;63;64;82;83;87;89],[0.8;0.2;0.5;0.3;0.8;0.4;0.8;0.5;0.6;0.5;0.9;0.7]
18.000000,1,8,[23;23;23;23;23;23;23],[183;184;185;186;187;188;189],[0.44;0.52;0.6;0.28;0.68;0.68;0.44]
18.000000,0,8,[8;8;8;11;11],[60;62;65;85;86],[0.6;0.6;0.5;0.6;0.6]
21.000000,1,11,[13;13;13;13;15;15;15;15;15;15;20;20;20;20],[102;105;106;109;118;119;120;122;124;125;159;161;162;163],[1.866667;1.866667;1.866667;1.866667;2.85;2.55;2.85;2.85;2.85;2.85;0.9;0.9;0.9;0.9]
21.000000,0,11,[2;2;2;2;2;2;5;5;5;5;5;5;5;5],[10;11;12;13;16;17;34;35;36;37;38;39;40;41],[0.6;0.1;0.4;0.0;0.7;0.7;0.4;0.3;0.2;0.6;0.8;0.8;0.4;0.0]
22.000000,1,11,[13;13;13;13;13;13;15;15;15;15;15;15;15;15],[102;103;104;105;106;108;118;119;120;121;122;123;124;125],[1.6;1.733333;1.866667;1.6;1.733333;1.6;2.55;2.4;2.4;2.7;2.4;2.55;2.4;2.55]
22.000000,0,11,[2;2;2;5;5;5;8;8;8;8;11;11],[10;14;15;37;38;40;59;60;63;64;82;83],[0.5;0.2;0.6;0.5;0.6;0.3;0.6;0.5;0.7;0.4;0.4;0.4]
23.000000,1,11,[13;13;13;13;13;13;15;15;15;15;15;15;18;18;18],[102;103;104;105;106;107;118;119;121;122;123;124;147;148;149],[1.066667;1.6;1.6;1.333333;1.466667;1.733333;2.25;2.1;2.55;2.1;1.95;2.25;2.316667;2.283333;2.316667]
23.000000,0,11,[2;2;2;2;5;5;5;8;8;8;11;11;11;11],[11;12;15;16;35;37;39;58;60;64;83;86;88;89],[0.0;0.2;0.3;0.4;0.1;0.3;0.6;0.8;0.4;0.3;0.3;0.5;0.8;0.6]
24.000000,1,11,[13;13;13;13;13;15;15;15;15;15;18;18;18;18;18;18;18],[102;104;105;107;109;119;121;122;123;124;142;143;144;145;146;148;149],[0.666667;1.466667;1.2;1.466667;1.733333;1.8;2.25;1.8;1.8;2.1;2.566667;2.583333;2.716667;2.433333;2.15;1.833333;2.166667]
24.000000,0,11,[2;2;2;5;5;5;5;5;8;8;8;8;11;11;11;11],[12;15;16;35;36;37;38;40;58;61;62;65;82;84;86;89],[0.1;0.2;0.3;0.0;0.1;0.1;0.5;0.2;0.6;0.6;0.4;0.4;0.3;0.8;0.4;0.3]
25.000000,1,11,[13;13;13;13;15;15;15;15;15;15;18;18;18;18;14;14;14;14],[102;106;107;109;120;121;122;123;124;125;142;145;147;149;113;114;115;116],[0.533333;1.066667;1.333333;1.6;2.25;1.95;1.5;1.5;1.8;2.4;2.266667;2.283333;1.866667;2.016667;0.9;0.9;0.9;0.8]
25.000000,0,11,[2;2;2;2;2;5;5;5;5;8;8;8;8;8;8;8;11;11;11;11;11],[12;14;15;16;17;34;36;39;40;58;59;60;61;62;63;65;82;83;84;85;87],[0.0;0.0;0.0;0.1;0.6;0.3;0.0;0.4;0.0;0.5;0.4;0.2;0.4;0.3;0.4;0.2;0.1;0.1;0.6;0.4;0.6]
26.000000,1,11,[13;13;13;13;13;15;15;15;15;18;18;18;14;14;14],[103;104;106;107;109;118;120;121;122;143;144;145;110;114;116],[1.466667;1.333333;0.933333;1.2;1.466667;2.1;1.95;1.35;1.2;2.433333;2.416667;1.983333;0.9;0.7;0.7]
26.000000,0,11,[2;2;2;5;5;5;5;8;8;8;8;8;8;11;11;11;11;11;11],[10;16;17;34;37;38;39;59;60;61;62;64;65;82;83;84;86;88;89],[0.3;0.0;0.3;0.1;0.0;0.4;0.3;0.1;0.1;0.3;0.1;0.2;0.0;0.0;0.0;0.2;0.1;0.6;0.1]
27.000000,1,11,[13;13;13;13;13;15;15;15;15;15;15;18;18;18;18;14;14],[103;105;106;107;109;118;119;120;121;123;124;143;144;146;149;110;116],[1.333333;1.066667;0.8;1.066667;1.333333;1.95;1.65;1.8;1.2;1.2;1.65;2.283333;2.266667;2.0;1.866667;0.8;0.6]
27.000000,0,11,[2;2;5;8;8;8;8;8;8;11;11;11;11;11],[10;17;39;58;59;60;61;63;64;84;85;87;88;89],[0.1;0.1;0.0;0.3;0.0;0.0;0.1;0.0;0.0;0.0;0.3;0.3;0.4;0.0]
28.000000,1,11,[13;13;13;15;15;15;15;15;18],[102;108;109;118;120;122;123;124;145],[0.4;1.466667;1.2;1.8;1.65;1.05;1.05;1.35;1.683333]
28.000000,0,11,[2;2;5;5;8;11;11;11;11],[10;17;34;38;62;85;86;87;88],[0.0;0.0;0.0;0.2;0.0;0.2;0.0;0.2;0.1]
29.000000,1,11,[13;13;15;18;18;18],[102;107;119;145;147;149],[0.266667;0.933333;1.5;1.533333;1.716667;1.716667]
29.000000,0,11,[5;8;8;11;11;11],[38;58;61;85;87;88],[0.0;0.0;0.0;0.0;0.0;0.0]
38.000000,1,7,[20;20;20;20;20;20;20;20],[158;159;160;161;162;163;164;165],[0.8;0.5;0.9;0.5;0.6;0.3;0.8;0.8]
38.000000,0,7,[4;4;4;6;6;7;7;7],[28;30;32;42;44;50;51;57],[1.8;1.8;1.8;2.8;2.8;1.8;1.8;1.8]
46.000000,1,9,[15;15;15;15;15;15;15;15],[118;119;120;121;122;123;124;125],[1.357895;1.184211;1.271053;0.884211;0.544737;0.734211;0.907895;1.831579]
46.000000,0,9,[6;6;7;7;10;12;12;12],[44;45;50;54;80;91;93;94],[2.7;2.9;1.7;1.9;1.9;2.9;2.9;2.9]
47.000000,1,9,[15;15;15;15;15;15;15;23;23;23;23;23;23;23;23],[118;119;120;121;122;124;125;182;183;184;185;186;187;188;189],[1.168421;0.931579;1.207895;0.757895;0.228947;0.781579;1.768421;0.454545;0.330909;0.410909;0.418182;0.061818;0.461818;0.570909;0.294545]
47.000000,0,9,[4;4;6;6;7;7;9;9;9;10;12;12;12;12;12],[29;30;43;49;55;57;67;71;73;74;92;94;95;98;101],[1.8;1.6;2.9;2.8;1.9;1.6;2.8;2.8;2.8;1.9;2.8;2.8;2.9;2.9;2.8]
48.000000,1,9,[15;15;15;15;15;15;15;15;23;23;23;23;23;23;23;23],[118;119;120;121;122;123;124;125;182;183;184;185;186;187;188;189],[1.042105;0.805263;0.892105;0.568421;0.0;0.544737;0.592105;1.642105;0.309091;0.294545;0.338182;0.272727;0.0;0.28;0.425455;0.185455]
48.000000,0,9,[4;4;4;4;6;6;7;9;9;12;12;12;12;12],[26;27;30;33;42;44;53;67;72;93;96;97;99;100],[1.9;1.8;1.4;1.8;2.6;2.6;1.9;2.5;2.7;2.8;2.9;2.8;2.8;2.9]
49.000000,1,9,[15;15;15;15;15;15;23;23;23;23;23;23;13;13;13;13;13;13;13],[118;119;120;121;123;125;182;183;184;187;188;189;103;104;105;106;107;108;109],[0.852632;0.678947;0.702632;0.315789;0.165789;1.578947;0.163636;0.185455;0.301818;0.170909;0.352727;0.076364;1.28;1.226667;1.013333;0.586667;0.72;1.36;1.04]
49.000000,0,9,[4;4;4;4;6;6;7;7;7;9;10;10;10;10;12;12;12;12;12],[27;28;32;33;45;49;53;56;57;70;75;76;77;78;91;93;94;95;98],[1.7;1.6;1.6;1.7;2.6;2.6;1.7;1.9;1.4;2.8;1.9;1.8;1.9;1.8;2.8;2.7;2.7;2.8;2.8]
50.000000,1,9,[15;15;15;15;15;15;15;13;13;13;13;13;13;13],[118;119;120;121;123;124;125;102;103;104;105;106;107;108],[0.789474;0.552632;0.639474;0.189474;0.0;0.339474;1.389474;0.106667;0.906667;1.12;0.8;0.266667;0.4;1.04]
50.000000,0,9,[4;4;6;6;6;7;7;9;9;10;10;12;12],[28;32;46;47;49;52;55;71;72;77;80;95;100],[1.5;1.4;2.9;2.9;2.5;1.9;1.8;2.7;2.6;1.8;1.8;2.6;2.8]
51.000000,1,9,[13;13;13;13;13;13;13;13],[102;103;104;105;106;107;108;109],[0.0;0.533333;0.8;0.106667;0.0;0.133333;0.773333;0.826667]
51.000000,0,9,[6;9;9;9;10;12;12],[47;66;70;72;80;92;100],[2.8;2.9;2.7;2.4;1.7;2.7;2.7]
52.000000,1,9,[13;13;13;13;13;13],[103;104;105;107;108;109],[0.053333;0.106667;0.0;0.0;0.453333;0.293333]
52.000000,0,9,[4;4;6;7;7;9],[31;33;46;51;55;66],[1.9;1.6;2.8;1.7;1.7;2.8]
53.000000,1,9,[13;13;13;13;20;20;20;20;20;20],[103;104;108;109;158;160;162;163;164;165],[0.0;0.0;0.026667;0.0;0.727273;0.681818;0.418182;0.190909;0.690909;0.690909]
53.000000,0,9,[4;4;4;4;6;7;9;10;10;10;12],[29;31;32;33;45;57;66;77;79;81;91],[1.6;1.8;1.2;1.4;2.5;1.2;2.5;1.6;1.8;1.9;2.6]
54.000000,1,9,[13;20;20;20;20;20;20;20;20],[108;158;159;160;161;162;163;164;165],[0.0;0.545455;0.1;0.427273;0.318182;0.272727;0.045455;0.545455;0.545455]
54.000000,0,9,[4;6;7;7;7;9;10;12;12],[27;42;51;52;57;73;78;91;98],[1.6;2.4;1.5;1.7;1.0;2.6;1.6;2.4;2.6]
55.000000,1,9,[20;20;20;20;20;20;20;20],[158;159;160;161;162;163;164;165],[0.509091;0.0;0.281818;0.027273;0.0;0.0;0.436364;0.327273]
55.000000,0,9,[6;6;9;9;12;12;12;12],[48;49;67;68;94;97;98;100],[2.8;2.3;2.3;2.8;2.5;2.6;2.4;2.5]
59.000000,1,5,[16;16;16;16;16;16;16],[126;127;129;130;131;132;133],[1.786667;1.946667;1.84;1.893333;1.893333;1.84;1.946667]
59.000000,0,5,[1;1;1;1;3;3],[3;4;6;7;18;22],[1.8;1.9;1.8;1.9;2.9;2.9]
60.000000,1,5,[16;16;16;16;16;16;16],[126;127;128;130;131;132;133],[1.573333;1.733333;1.946667;1.84;1.733333;1.733333;1.893333]
60.000000,0,5,[1;1;1;1;3;3;3;3],[2;6;7;9;18;19;23;25],[1.9;1.7;1.8;1.9;2.8;2.9;2.9;2.9]
61.000000,1,5,[16;16;16;16;16;16;16;20;20;20;20],[126;127;128;129;130;131;132;158;161;164;165],[1.52;1.626667;1.893333;1.733333;1.733333;1.626667;1.68;0.4;0.0;0.363636;0.109091]
61.000000,0,5,[1;3;3;3;3;4;4;4;4],[8;20;21;22;25;26;27;29;31],[1.9;2.8;2.8;2.7;2.7;1.4;1.4;1.5;1.7]
62.000000,1,5,[20;20;20;20],[158;160;164;165],[0.0;0.063636;0.072727;0.0]
62.000000,0,5,[4;4;7;7],[27;28;51;55],[1.2;1.3;1.3;1.5]
63.000000,1,5,[20;20],[160;164],[0.0;0.0]
63.000000,0,5,[9;12],[68;94],[2.6;2.3]
66.000000,1,8,[14;14;14;14;14;18;18;18;18;18;18;18],[111;112;114;116;117;142;143;144;145;147;148;149],[0.96;0.96;0.66;0.52;0.96;2.2;2.216667;2.2;1.466667;1.65;1.766667;1.45]
66.000000,0,8,[1;1;1;1;1;1;3;3;3;3;3],[4;5;6;7;8;9;18;21;22;23;24],[1.7;1.8;1.6;1.6;1.8;1.7;2.5;2.5;2.6;2.5;2.7]
67.000000,1,8,[14;14;14;14;14;14;14;14],[110;111;112;113;114;115;116;117],[0.64;0.68;0.84;0.7;0.42;0.66;0.4;0.72]
67.000000,0,8,[1;1;1;1;3;6;6;7],[2;5;6;9;25;42;47;53],[1.7;1.6;1.4;1.5;2.5;2.2;2.6;1.5]
